1.15609e-05  10.3172 15.1477   
4.53996e-05  10.2174 -18.465   
7.56379e-05  10.2821 -148.189   
-0.000327164  10.204 180.243   
-0.00021209  9.97615 126.595   
-0.000250457  10.1064 -43.1687   
-0.000293325  10.1445 187.227   
-0.000178251  9.90148 160.926   
-0.000204129  10.0619 -70.6754   
-0.000280696  10.0896 198.479   
-0.000241569  10.0179 67.9019   
-0.000330765  9.89473 -86.745   
-0.000344013  10.2471 137.04   
-0.000220979  9.9663 192.901   
-0.000233608  10.0844 -39.7732   
-0.000310174  10.2145 142.756   
-0.000259487  10.0288 155.973   
-0.000204129  10.0267 4.27877   
-0.000259487  10.112 158.943   
-0.000233608  10.0481 61.38   
-0.00020773  10.0568 -34.4896   
-0.000259487  10.112 158.943   
-0.000204129  9.97875 130.355   
-0.000284296  10.0693 -94.9888   
-0.000284296  10.16 132.308   
-0.000237968  10.0382 106.37   
-0.000275407  10.1488 -30.19   
-0.000305814  10.1775 146.643   
-0.000220979  10.0026 108.747   
-0.000279936  10.1499 -35.0737   
-0.000259487  10.112 158.943   
-0.000259487  10.0557 103.705   
-0.000284296  10.16 -54.6919   
-0.000339653  10.2369 54.6582   
-0.000293325  10.1042 78.6301   
-0.000288965  10.1849 -99.4548   
-0.000301286  10.1764 151.526   
-0.000237968  10.0037 138.312   
-0.000259487  10.1675 -133.806   
-0.000267447  10.117 141.511   
-0.00021209  9.97615 126.595   
-0.000293325  10.2001 -122.522   
-0.000288965  10.1849 104.545   
-0.000238278  10.0319 70.0326   
-0.000280696  10.2282 -210.299   
-0.000365532  10.315 32.0744   
-0.000204129  9.96354 123.701   
-0.000373492  10.0478 -191.249   
-0.000288965  10.2059 30.7379   
-0.000233608  10.0012 127.257   
-0.000301286  10.2671 -199.177   
-0.000348683  10.293 69.4699   
-0.000216759  9.96982 128.537   
-0.000441169  10.1558 -172.308   
-0.000310174  10.2297 81.41   
-0.000204129  9.94428 111.296   
-0.000272116  10.2031 -157.462   
-0.000322804  10.2846 19.1579   
-0.000233608  9.98602 137.603   
-0.000284296  10.2431 -204.722   
-0.000301286  10.2167 90.1235   
-0.000204129  9.92831 147.655   
-0.00041636  9.84384 -221.249   
-0.000296926  10.2226 5.38303   
-0.000230008  9.98708 78.6666   
-0.000267447  10.1884 -153.597   
-0.000322804  10.2846 2.15787   
-0.000220979  9.9663 124.901   
-0.000241569  10.1297 -118.608   
-0.000286124  10.701 -1.57428   
-0.000107114  10.3054 170.912   
-0.00016669  10.5679 -115.454   
-1.32192e-05  10.1625 155.9   
-0.000109445  10.3591 11.68   
-7.86094e-05  10.2869 159.452   
-0.000149897  9.8959 76.9451   
-0.000189481  9.96004 -1.14111   
-0.000171792  9.93668 92.8189   
-0.000114869  9.83612 134.294   
-0.00017206  9.93542 -48.994   
-0.000163423  9.90285 88.4092   
-8.4513e-05  9.7782 130.122   
-0.000193664  9.98171 2.17499   
-0.000167821  9.89921 77.9731   
-0.000110904  9.80541 159.177   
-0.0001588  9.90172 59.3709   
-0.000132692  9.85885 113.927   
-0.000110904  9.80541 210.177   
-0.000202822  9.95985 55.742   
-0.000172141  9.90153 65.254   
-0.000154834  9.87101 152.254   
-0.000224693  10.0049 16.098   
-0.000198451  9.96263 82.0607   
-0.000115269  9.79586 178.129   
-0.000233247  10.0459 -41.9112   
-0.000150195  9.87506 116.386   
-0.000132775  9.85044 136.533   
-0.000176139  9.93814 27.9824   
-0.000167821  9.89921 111.973   
-0.000141409  9.85752 90.7718   
-0.000277561  10.0764 -11.8285   
-0.000202822  9.95985 72.742   
-0.000115167  9.81528 122.734   
-0.000202822  9.95985 38.742   
-0.000225805  9.902 110.221   
-0.000145634  9.88603 79.3876   
-0.000229213  9.98706 50.7967   
-0.000132692  9.85885 113.927   
-0.000140846  9.90511 67.5019   
-0.000251647  9.9845 119.423   
-0.000289298  9.78905 70.7487   
-0.000106301  9.83163 84.8724   
-0.000211432  9.97118 39.4629   
-0.000172141  9.90153 116.254   
-0.000123506  9.86869 81.8904   
-0.000207169  9.96131 75.9055   
-0.000132793  9.83943 152.322   
-0.000123342  9.88889 -19.957   
-0.000211432  9.97118 22.4629   
-0.000454091  9.8064 66.3375   
-0.000150168  9.89802 65.4968   
-0.000207354  9.96845 13.4865   
-0.000149897  9.8959 59.9451   
-0.000149897  9.8959 93.9451   
-0.000238115  9.99288 50.2225   
-0.000176405  9.9114 79.8114   
-0.000106035  9.85838 33.0433   
-0.000334042  9.77261 67.5077   
-0.000190706  9.81997 158.435   
-0.000123488  9.86866 81.897   
-0.000229213  9.98706 50.7967   
-0.000149897  9.8959 76.9451   
-0.000163158  9.9296 87.5802   
-0.000211873  9.95064 65.1852   
-0.000132793  9.83943 135.322   
-0.000167422  9.93947 0.13763   
-0.000132692  9.85885 62.927   
-0.000163423  9.90285 71.4092   
-0.000197656  10.0337 -41.8326   
-0.000198451  9.96263 48.0607   
-0.000293737  9.80513 -8.80067   
0.00016403  10.0542 -123.156   
0.000111397  10.1237 -24.0639   
0.000111797  10.1639 -50.8993   
-0.000264185  10.7489 47.8263   
-0.000233306  10.8415 -18.229   
-0.000127668  10.437 87.0666   
-0.000277548  10.2954 22.681   
-0.000303912  10.3587 27.6122   
-0.000207122  9.99849 81.123   
-0.000326123  10.3427 74.8138   
-0.000264365  10.2879 54.1674   
-0.000251183  10.0855 56.4661   
-0.000295244  10.3191 44.0929   
-0.000277548  10.3158 26.0308   
-0.000246849  10.083 86.2397   
-0.000277548  10.2954 73.681   
-0.000277548  10.3158 43.0308   
-0.000229153  10.0882 55.6744   
-0.00029073  10.2953 133.99   
-0.000246669  10.2931 71.2021   
-0.000255517  10.1226 52.759   
-0.000343458  10.3659 147.344   
-0.000303912  10.3587 78.6122   
-0.000277548  10.1403 101.1   
-0.000326123  10.3427 108.814   
-0.000286396  10.3692 -9.778   
-0.000242335  10.1279 16.1906   
-0.000352487  10.3856 93.3952   
-0.000334791  10.4179 17.4919   
-0.000246669  10.1167 53.3795   
-0.000295244  10.2835 135.934   
-0.000286396  10.3488 41.2722   
-0.000220305  10.089 41.6072   
-0.000326123  10.3427 108.814   
-0.000299578  10.3842 6.3401   
-0.000255517  10.0947 90.2047   
-0.000286396  10.2928 109.364   
-0.00031276  10.4486 -88.7455   
-0.000286396  10.1462 117.48   
-0.000321609  10.3468 123.865   
-0.000325942  10.4272 -26.0785   
-0.000260032  10.0829 126.149   
-0.000286215  10.3146 70.8505   
-0.000303912  10.4071 3.71624   
-0.000277548  10.1759 60.2593   
-0.000308426  10.3394 141.752   
-0.000370184  10.5137 -65.5802   
-0.000251183  10.1126 89.3281   
-0.000273214  10.3057 96.5998   
-0.000343639  10.4925 -92.0748   
-0.000286396  10.1614 52.889   
-0.000299578  10.3486 98.1813   
-0.000317275  10.4648 -103.847   
-0.000238001  10.0653 43.8073   
-0.000273033  10.2995 122.732   
-0.00029073  10.4081 -69.1005   
-0.000308426  10.1995 22.9802   
-0.000282062  10.3116 95.9793   
-0.000268699  10.3819 -47.1388   
-0.000246849  10.0916 56.7365   
-0.000312941  10.3784 24.6636   
-0.000299578  10.425 -54.9604   
-0.000295244  10.1801 52.2137   
-0.000326123  10.3427 125.814   
-0.00031276  10.4325 -69.4468   
-0.000334791  10.2424 41.5616   
-0.000352487  10.3856 161.395   
-0.000321609  10.4512 -22.5221   
-0.000251183  10.1126 38.3281   
-0.000326123  10.3579 81.6229   
-0.000321609  10.4299 17.2358   
-0.000317275  10.2054 56.3596   
-6.13918e-13  10.4774 -24.7676   
-7.47591e-05  10.7616 -201.392   
2.63643e-05  10.3311 -93.0694   
2.62593e-05  10.5339 -164.509   
9.06448e-05  10.215 -27.3385   
2.21267e-05  10.4664 -91.0158   
-0.000310247  10.4417 -22.8508   
-0.000301738  10.1267 155.936   
-0.000314236  10.3277 49.601   
-0.000267357  10.3922 -99.2726   
-0.000211337  10.0014 147.347   
-0.000310247  10.303 45.283   
-0.000288608  10.4243 -54.2375   
-0.000245718  10.0822 100.796   
-0.000284476  10.2429 91.2732   
-0.00022009  10.3116 -41.694   
-0.000206961  9.99958 117.121   
-0.000301738  10.2654 36.8025   
-0.000254227  10.3913 -31.5088   
-0.000202972  10.0253 78.7204   
-0.000271346  10.2421 6.03696   
-0.000254227  10.3913 -133.509   
-0.000262981  10.1005 125.696   
-0.000292985  10.2595 3.42372   
-0.000288608  10.4318 -67.8314   
-0.000224467  10.0291 78.431   
-0.000292985  10.2595 20.4237   
-0.000301738  10.4605 -111.896   
-0.000194218  10.0076 87.3064   
-0.000301738  10.2654 53.8025   
-0.000288608  10.4243 -71.2375   
-0.000236965  10.056 98.1241   
-0.000296974  10.2498 56.4881   
-0.000254227  10.3913 -65.5088   
-0.000211337  10.0014 164.347   
-0.000297362  10.2485 50.7636   
-0.000288608  10.4318 -101.831   
-0.000236965  10.0242 204.611   
-0.000288608  10.2662 -15.5451   
-0.000284619  10.4307 -71.0791   
-0.000254471  10.0478 110.404   
-0.000301738  10.2654 36.8025   
-0.000288608  10.4049 -49.6788   
-0.000262981  10.029 216.449   
-0.000267357  10.2174 35.719   
-0.000305483  10.4605 -68.9116   
-0.000207348  9.97239 188.4   
-0.00027611  10.2039 56.6565   
-0.00033213  10.4629 -41.4603   
-0.000254471  10.0318 112.739   
-0.000267357  10.2174 18.719   
-0.000267357  10.3561 35.5852   
-0.000241729  10.0516 57.9603   
-0.000232589  10.1654 94.8793   
-0.000301738  10.4041 53.6688   
-0.000216101  9.99765 132.22   
-0.000211337  10.1207 83.7723   
-0.000236965  10.3124 52.5266   
-0.000216101  9.99765 115.22   
-0.000236965  10.1478 112.665   
-0.000271346  10.3464 88.6496   
-0.000194218  9.95713 138.389   
-0.000250095  10.1949 73.1896   
-0.000240954  10.3221 -17.9677   
-0.00022009  10.0198 61.7982   
-0.000254227  10.2064 42.3363   
-0.000215326  10.2799 82.3275   
-0.000207348  9.99174 115.842   
-0.000271346  10.2277 -9.73846   
-0.000236965  10.3134 43.3783   
-0.000250482  10.0785 102.669   
-0.000245718  10.1806 -8.10907   
-0.000162664  10.6797 125.342   
-0.0001418  10.4473 132.467   
-0.000184547  10.6101 83.0437   
8.71988e-05  10.4974 -143.277   
3.2151e-05  10.3596 59.2065   
2.74817e-05  10.3786 -75.0951   
-0.000178251  10.2401 92.1578   
-0.000220979  10.1049 175.122   
-0.00018292  10.049 49.7425   
-0.000144412  10.2286 41.0664   
-0.000246238  10.1393 152.975   
-0.000272735  10.1753 69.2087   
-0.000178251  10.2611 18.3505   
-0.000216759  10.0816 231.027   
-0.000225648  10.0794 62.6591   
-0.000153442  10.2367 28.954   
-0.000204129  10.0619 218.325   
-0.000220979  10.1049 39.1218   
-0.000148772  10.2387 4.44834   
-0.000259487  10.1388 174.675   
-0.000216759  10.0816 27.0266   
-0.000170291  10.2587 8.55852   
-0.000242638  10.1092 225.743   
-0.000230008  10.0895 94.041   
-0.000200529  10.288 40.3424   
-0.000220979  10.1049 175.122   
-0.000259487  10.1272 46.5972   
-0.000174651  10.2815 -11.1812   
-0.000216759  10.0816 214.027   
-0.000267447  10.1438 89.2423   
-0.000161402  10.2533 54.5991   
-0.000216759  10.0816 214.027   
-0.000255886  10.1163 131.77   
-0.000174651  10.2815 -62.1812   
-0.000263847  10.1489 189.056   
-0.000255886  10.1323 78.4114   
-0.00018728  10.2961 4.9695   
-0.000276476  10.1686 218.759   
-0.000255886  10.1323 112.411   
-0.00016233  10.2537 -8.00918   
-0.000276336  10.1702 156.394   
-0.000276336  10.1702 54.3945   
-0.000174651  10.2815 -11.1812   
-0.000216759  10.0816 231.027   
-0.000237968  10.1213 75.3401   
-0.000140812  10.2489 -39.4653   
-0.000204129  10.0619 201.325   
-0.000170291  10.0133 90.3991   
-0.000174651  10.2604 11.626   
-0.000242497  10.1224 206.456   
-0.000237963  10.1213 58.3348   
-0.000204129  10.3181 18.574   
-0.000208799  10.0918 170.113   
-0.00018728  10.0239 88.0786   
-0.000170291  10.2714 -25.5631   
-0.000216759  10.0816 180.027   
-0.000220979  10.1049 56.1218   
-0.00016669  10.2765 -10.7489   
-0.000268375  10.1652 173.827   
-0.000233608  10.0844 130.227   
-0.000174651  10.3007 1.22318   
-0.000250598  10.1411 105.042   
-0.000216759  10.0816 44.0266   
-0.000174651  10.2815 -45.1812   
-0.000233608  10.1399 75.4779   
-0.000233608  10.1247 -16.1761   
-0.000196169  10.3342 -37.8009   
-0.000204129  10.1022 139.922   
-0.000220979  10.1049 -11.8782   
-0.000213159  10.3792 -106.063   
-0.000267447  10.1841 112.839   
-0.000242638  10.1244 11.3971   
-0.000104442  10.7076 -44.6235   
-0.000167759  10.603 106.149   
-0.000141881  10.5409 -43.6259   
-6.12399e-05  10.2572 97.9994   
-3.84477e-05  10.3069 21.8377   
-0.000127214  10.3486 31.9679   
-9.74999e-05  9.80639 72.8411   
-0.000149349  9.95119 -78.9077   
-0.000207583  9.91953 18.7518   
-8.87764e-05  9.78807 127.68   
-0.000171494  9.95752 -48.622   
-0.000207583  9.91953 52.7518   
-7.95763e-05  9.80309 71.8131   
-0.000180179  9.99449 -95.4023   
-0.000207086  9.96972 -31.7006   
-0.000110606  9.82625 68.7361   
-0.00017574  9.97841 -32.853   
-0.00018149  9.87148 80.138   
-7.94272e-05  9.81812 44.7957   
-0.00017574  9.97841 1.14699   
-0.000190214  9.8898 42.2993   
-0.000114604  9.86287 48.4646   
-0.000170973  10.012 -86.5922   
-0.000229752  9.94372 103.549   
-8.87765e-05  9.78807 93.6798   
-0.000171128  10.0037 -70.8455   
-0.000190214  9.8898 93.2993   
-0.000145634  9.88603 62.3876   
-0.000189051  10.007 -69.8175   
-0.000242611  9.97931 97.4033   
-0.00012364  9.86806 53.4839   
-0.00017574  9.97841 35.147   
-0.00021622  9.9521 68.3486   
-0.000105818  9.84533 39.8504   
-0.00017574  9.97841 1.14699   
-0.00021622  9.9521 51.3486   
-0.000145634  9.88603 113.388   
-0.000198103  9.99779 7.62565   
-0.00021622  9.9521 85.3486   
-0.000141031  9.91225 56.0829   
-0.000158135  9.96873 -19.2936   
-0.000190112  9.90922 139.905   
-0.000149748  9.91093 83.9277   
-0.00015837  9.94868 24.6945   
-0.000233745  9.99566 42.5412   
-0.000114604  9.86287 31.4646   
-0.000162655  9.95092 15.4051   
-0.000207434  9.93456 42.7345   
-0.000132128  9.90643 73.6571   
-0.000171792  9.93668 75.8189   
-0.00021622  9.9521 68.3486   
-0.000153889  9.94785 15.9375   
-0.000167293  9.94687 34.2735   
-0.000260535  9.98262 115.431   
-0.000114604  9.86287 65.4646   
-0.000141031  9.91225 5.08294   
-0.000229752  9.94372 103.549   
-0.00014945  9.93177 -6.51318   
-0.00014945  9.93177 10.4868   
-0.000225507  9.92284 87.7798   
-0.000141031  9.91225 73.0829   
-0.000171792  9.93668 24.8189   
-0.000225507  9.92284 87.7798   
-0.000114604  9.86287 65.4646   
-0.00020682  9.99647 52.4704   
-0.000256435  9.96542 114.308   
-0.000132128  9.90643 5.65713   
-0.000132692  9.85885 28.927   
-0.000225507  9.92284 87.7798   
-0.000144987  9.94203 -51.4883   
-0.000167422  9.93947 34.1376   
-0.000194826  9.86451 114.292   
0.000182401  10.0868 -207.642   
0.000177956  10.0875 -127.456   
8.4595e-05  10.1149 -78.1213   
-0.000325762  10.9985 -21.374   
-0.000237821  10.7059 -89.7551   
-0.000198094  10.7129 68.1956   
-0.000321609  10.5427 -117.855   
-0.000308426  10.2563 -40.6189   
-0.000277548  10.2963 13.5733   
-0.000383185  10.6041 -60.9305   
-0.000295244  10.2005 21.5634   
-0.000260032  10.2949 52.1302   
-0.000361155  10.5712 -54.881   
-0.000251183  10.1889 -80.8136   
-0.000308426  10.3394 56.7517   
-0.000303912  10.4834 -13.4254   
-0.000277548  10.1972 -13.4987   
-0.000303912  10.3587 61.6122   
-0.000330276  10.5263 -62.844   
-0.000334791  10.2637 -32.1964   
-0.000299578  10.3216 31.3193   
-0.000396368  10.6319 -10.8672   
-0.000321609  10.2705 -49.3931   
-0.000308426  10.3546 12.5607   
-0.000396368  10.6191 -61.8124   
-0.000303912  10.2401 5.08273   
-0.000277548  10.3158 43.0308   
-0.000392034  10.6091 -42.2433   
-0.000334791  10.2424 7.5616   
-0.000339125  10.3729 94.3065   
-0.000343458  10.5058 28.1153   
-0.000286396  10.1827 13.131   
-0.000277367  10.2816 72.609   
-0.000325942  10.4892 8.86311   
-0.000303912  10.1917 79.9787   
-0.000260032  10.2584 85.079   
-0.000361155  10.5499 -32.1231   
-0.000361155  10.2701 -14.666   
-0.000325942  10.3289 77.1418   
-0.000347973  10.551 -67.5398   
-0.000299578  10.1817 31.5478   
-0.000260032  10.2228 125.92   
-0.000378852  10.594 -41.3614   
-0.00031276  10.2095 20.4111   
-0.00029073  10.2953 116.99   
-0.000370003  10.5677 10.3094   
-0.000308426  10.1995 39.9802   
-0.000299578  10.2851 149.268   
-0.000383185  10.5846 -22.388   
-0.000277548  10.1759 9.25926   
-0.000251003  10.2539 128.837   
-0.000352307  10.5041 44.4902   
-0.000277548  10.1853 -5.55164   
-0.000286396  10.3217 59.4102   
-0.000356821  10.5204 15.7886   
-0.00029073  10.2113 -5.27288   
-0.000273214  10.2939 104.547   
-0.000378852  10.5533 36.9391   
-0.000251183  10.1482 14.4869   
-0.000277548  10.3158 60.0308   
-0.000321609  10.4749 -4.41622   
-0.000286396  10.2031 36.8808   
-0.000259851  10.2717 120.269   
-0.000361155  10.5304 6.41947   
-0.000299578  10.203 -8.2102   
-0.000365669  10.2109 56.4662   
-0.000343458  10.4906 21.3062   
-0.000277548  10.1759 43.2593   
-0.000277548  10.2963 64.5733   
-0.000317094  10.4358 61.6719   
-0.000308426  10.1995 56.9802   
-0.000268699  10.3056 72.0029   
-7.90929e-05  10.7166 -141.578   
-1.7516e-05  10.4518 -113.186   
-8.66772e-06  10.6009 -122.985   
4.78981e-05  10.4821 39.8509   
4.78981e-05  10.287 103.549   
8.7531e-06  10.2608 86.1103   
-0.000232589  10.2831 185.416   
-0.000267357  10.0878 191.148   
-0.000245718  10.0258 198.361   
-0.000215326  10.2245 238.744   
-0.000275479  10.1123 155.577   
-0.000228599  9.96911 257.33   
-0.00021095  10.2716 192.546   
-0.000267357  10.1147 189.995   
-0.000258848  10.0142 215.525   
-0.000202584  10.2326 225.93   
-0.000284619  10.1582 180.854   
-0.000241729  10.0054 216.672   
-0.000172192  10.1738 219.059   
-0.000250095  10.147 114.012   
-0.000250482  9.97519 299.908   
-0.000198064  10.2365 159.468   
-0.000322989  10.2277 137.479   
-0.000267357  10.0668 145.818   
-0.000189454  10.2173 175.918   
-0.000344628  10.2805 110.971   
-0.000292985  10.0746 230.269   
-0.000215326  10.2799 184.328   
-0.000301738  10.2041 154.701   
-0.000254227  9.99616 252.222   
-0.00021986  10.276 182.784   
-0.000310104  10.2221 109.988   
-0.000310491  10.1175 131.503   
-0.00021095  10.2716 107.546   
-0.000327366  10.2462 139.406   
-0.000280099  10.0588 192.632   
-0.000266582  10.3491 146.925   
-0.000327366  10.2656 83.8475   
-0.000327366  10.1269 219.981   
-0.000245474  10.3182 184.494   
-0.000327366  10.2462 122.406   
-0.000301738  10.1267 121.936   
-0.000198208  10.2501 157.144   
-0.000314236  10.2579 37.242   
-0.000296974  10.116 155.288   
-0.000279855  10.378 109.612   
-0.000344628  10.2687 118.936   
-0.000288608  10.1115 156.925   
-0.000228212  10.315 132.406   
-0.000305727  10.1842 146.619   
-0.000305727  10.1573 62.7719   
-0.000249463  10.3403 114.071   
-0.000319  10.2266 117.231   
-0.00027611  10.1056 131.561   
-0.000296974  10.4348 67.643   
-0.000284619  10.1936 54.9596   
-0.00027611  10.1056 148.561   
-0.000262593  10.3749 125.524   
-0.000250095  10.1116 154.907   
-0.000280243  10.1288 75.7432   
-0.000245331  10.3524 77.995   
-0.000301738  10.2041 120.701   
-0.000245718  10.0822 100.796   
-0.000271346  10.4287 67.0805   
-0.000305727  10.2406 32.0546   
-0.000301738  10.1477 82.2662   
-0.000240954  10.3785 37.4675   
-0.000288608  10.2032 103.465   
-0.000296974  10.1514 97.393   
-0.000240954  10.4054 19.315   
-0.000245718  10.1301 110.973   
-0.000275335  10.0986 106.901   
-0.000239935  10.8816 30.4601   
-0.000227437  10.6327 109.618   
-0.000172192  10.4706 78.2326   
-0.000131387  10.4166 41.6769   
-0.000182938  10.4034 -21.6498   
-0.000131936  10.5909 19.7257   
-0.000207997  10.0276 86.3011   
-0.000293618  10.1068 -126.711   
-0.000169232  10.1515 56.925   
-0.000203694  9.99734 143.342   
-0.000276973  10.0709 -61.0855   
-0.000199476  10.204 73.0002   
-0.000203694  9.99734 92.3423   
-0.000263756  10.059 -86.2469   
-0.000199559  10.2102 12.8115   
-0.000203694  9.99734 143.342   
-0.000289541  10.0929 -89.0714   
-0.000187118  10.2329 -52.1907   
-0.000199422  10.0312 55.1577   
-0.000255269  10.0332 -99.2219   
-0.00023383  10.2699 -11.0381   
-0.0002035  10.0451 102.518   
-0.000267884  10.0797 -121.601   
-0.000199559  10.2102 -4.18847   
-0.000177765  10.018 90.6282   
-0.000263756  10.059 -86.2469   
-0.000207802  10.2086 6.70116   
-0.000255075  10.081 148.954   
-0.000242348  10.0377 -72.334   
-0.000229802  10.2627 -5.11328   
-0.000268098  10.1635 0.555224   
-0.000250562  10.0227 5.436   
-0.000204266  10.2207 -6.84633   
-0.000207931  10.0554 86.2407   
-0.000263756  10.059 -35.2469   
-0.000225095  10.2522 -19.4554   
-0.000242202  10.1151 62.3911   
-0.000250562  10.0227 -11.564   
-0.000182266  10.1666 21.9681   
-0.000259202  10.1245 99.8639   
-0.000255269  10.0332 -14.2219   
-0.000204266  10.2207 27.1537   
-0.000293988  10.1789 88.3863   
-0.00028065  10.0868 -71.4298   
-0.000221199  10.2579 -37.434   
-0.000271988  10.1249 134.201   
-0.000267884  10.0797 -53.6009   
-0.00016948  10.1663 21.6312   
-0.000293988  10.1789 54.3863   
-0.000237783  10.0374 -62.8893   
-0.00018659  10.1902 -16.9074   
-0.000259362  10.1458 94.1379   
-0.000259347  10.0471 -51.8613   
-0.000225095  10.2522 14.5446   
-0.000289528  10.1832 89.7503   
-0.000302509  10.1129 -59.3525   
-0.000229642  10.2414 68.6127   
-0.000285047  10.1662 103.743   
-0.000341055  10.1894 -73.363   
-0.00016964  10.1875 -52.0948   
-0.000293634  10.2055 36.2883   
-0.000268082  10.0648 -26.4439   
-0.00016948  10.1663 38.6312   
-0.000285047  10.1662 86.7426   
-0.000242767  10.0063 -33.9118   
-0.000204067  10.2356 -68.0034   
-0.000281019  10.159 58.6674   
-0.00029842  10.056 42.8846   
-0.000225095  10.2522 -36.4554   
-0.000268098  10.1635 85.5552   
-0.000242054  10.0036 -42.7047   
-0.000204266  10.2207 10.1537   
3.94155e-05  10.3024 -30.9571   
1.71188e-05  10.308 -349.97   
8.17416e-05  10.4121 -129.379   
-1.52882e-05  10.6317 -278.707   
3.33206e-05  10.4021 -483.727   
2.03144e-05  10.4457 -194.477   
-0.000344366  10.4947 -102.163   
-0.000282141  10.181 -149.628   
-0.000273726  10.274 -87.8838   
-0.000279458  10.3894 -50.046   
-0.000264713  10.1719 -97.4328   
-0.000274676  10.3157 -149.4   
-0.000352433  10.4777 -47.0081   
-0.000277402  10.1804 -140.081   
-0.000308243  10.3222 -103.79   
-0.000274961  10.3682 -48.5605   
-0.000238226  10.11 -113.58   
-0.000273726  10.274 -53.8838   
-0.000352433  10.4777 -13.0081   
-0.000290352  10.214 -163.696   
-0.000256447  10.2515 -84.397   
-0.000330909  10.4588 -70.4512   
-0.000273092  10.1898 -125.105   
-0.000235556  10.2554 -99.035   
-0.000309003  10.4268 -66.6669   
-0.000272315  10.1333 -36.4681   
-0.000286741  10.3017 -51.4045   
-0.000352433  10.4777 -47.0081   
-0.000298419  10.197 -57.5411   
-0.00031711  10.3603 -61.4436   
-0.000313015  10.428 -46.4463   
-0.000242411  10.0963 1.76088   
-0.000313196  10.381 -147.315   
-0.000296252  10.3919 -14.8266   
-0.000238226  10.11 -62.5802   
-0.000300316  10.3578 -147.663   
-0.000279458  10.3894 -33.046   
-0.000259816  10.1231 3.95681   
-0.000299831  10.3378 -74.9568   
-0.000300778  10.4569 -137.562   
-0.000280833  10.1397 35.4968   
-0.000334697  10.4176 -103.481   
-0.000309827  10.448 -60.0851   
-0.000264038  10.1372 -33.7226   
-0.000334213  10.3976 -81.7754   
-0.000305269  10.4166 -55.1884   
-0.000307296  10.2031 -58.1844   
-0.000352567  10.4661 -175.096   
-0.000244769  10.3562 -78.2604   
-0.000276634  10.1079 52.7855   
-0.000300316  10.3578 -147.663   
-0.000296728  10.4279 -89.7625   
-0.000194842  10.0237 12.9796   
-0.000287594  10.3667 -166.073   
-0.000288451  10.4318 -121.017   
-0.000234176  10.081 36.2197   
-0.000334995  10.407 -121.678   
-0.000275138  10.4148 -156.3   
-0.00027278  10.1549 -76.2783   
-0.000287217  10.3377 -126.34   
-0.000266396  10.3971 -113.744   
-0.000260166  10.1548 -59.6617   
-0.000300307  10.3738 -132.893   
-0.000283363  10.3847 -17.404   
-0.00027278  10.1549 -59.2783   
-0.000274495  10.3465 -195.75   
-0.000300475  10.406 -86.5061   
-0.000251298  10.1166 -51.008   
-0.0003302  10.3964 -84.996   
-0.000279458  10.3894 -135.046   
-0.000237933  10.0735 21.3504   
-0.000335004  10.3911 -102.449   
-0.00022778  10.7953 -62.2836   
-0.00016528  10.4745 -43.9424   
-0.000205688  10.7327 -122.99   
-6.59108e-05  10.7998 79.0839   
0.000149518  10.2296 -246.676   
0.000162881  9.99883 -125.179   
-0.000422913  10.6673 283.144   
-0.000176424  10.0869 -68.7463   
-0.000185273  9.90976 12.4983   
-0.000414064  10.6699 247.462   
-0.000180758  10.0547 35.2135   
-0.000176424  9.88528 15.3536   
-0.000400882  10.671 212.045   
-0.000198455  10.058 87.2756   
-0.000202789  9.94007 59.988   
-0.000339305  10.5944 165.312   
-0.00017209  10.0151 68.6942   
-0.00017209  9.87521 85.9227   
-0.0003877  10.6279 250.372   
-0.000198455  10.0936 -21.5655   
-0.00017209  9.87521 85.9227   
-0.000392034  10.6726 161.67   
-0.000189606  10.0241 84.5419   
-0.000180758  9.87832 68.3909   
-0.000378852  10.6576 111.552   
-0.000141212  9.97024 94.7313   
-0.00019394  9.92989 34.5601   
-0.000453791  10.7758 127.82   
-0.000176424  10.0039 54.8831   
-0.000154394  9.83113 95.1611   
-0.00040973  10.7167 101.431   
-0.000154394  9.97102 111.933   
-0.000224819  9.96534 26.734   
-0.00040973  10.7167 118.431   
-0.000141212  9.93466 84.5724   
-0.000141212  9.85163 55.2018   
-0.000422913  10.7607 33.5962   
-0.000198455  10.0216 86.2245   
-0.000180758  9.87832 119.391   
-0.000427427  10.776 65.0022   
-0.000176424  9.96831 129.724   
-0.000154394  9.83113 44.1611   
-0.000405216  10.7361 89.292   
-0.000128029  9.90681 150.109   
-0.000154394  9.80985 134.919   
-0.000378852  10.7144 81.9526   
-0.000123515  9.92615 120.97   
-0.000189606  9.91131 15.6324   
-0.000440429  10.8375 -12.9946   
-0.000154394  9.97102 94.9326   
-0.000189606  9.88424 118.77   
-0.000396548  10.7737 -56.4767   
-0.000145545  9.91674 204.449   
-0.000180758  9.83757 146.691   
-0.000440429  10.8375 -29.9946   
-0.000123515  9.93132 168.51   
-0.000180758  9.87406 62.7425   
-0.000453791  10.8877 -106.963   
-0.000110333  9.91107 155.852   
-0.00017209  9.85393 57.6807   
-0.00046264  10.9207 -159.721   
-0.000180758  10.0334 23.9715   
-0.000198274  9.86788 156.781   
-0.000414064  10.8311 -64.5249   
-0.000154394  9.97102 94.9326   
-0.000154394  9.83113 44.1611   
-0.000458125  10.913 -170.723   
-0.000189606  10.0512 83.4039   
-0.000215971  9.91197 62.5427   
-0.000431761  10.8828 -155.359   
-0.000185092  10.0918 31.5064   
-0.000176424  9.864 106.112   
-0.000391853  11.2939 -99.9501   
-8.3788e-05  10.3841 95.7452   
-0.000105999  10.2164 83.1224   
-0.00030167  10.6558 21.3076   
-0.000103076  10.3878 -97.9708   
-0.000272154  10.6532 -31.3277   
-0.000346223  10.253 -5.48373   
-0.000186031  10.041 -141.982   
-0.000268431  10.1628 5.38623   
-0.000346223  10.253 -5.48373   
-0.000229691  10.0777 -97.3698   
-0.000294376  10.1816 22.9491   
-0.000389591  10.3393 -81.0306   
-0.000168857  10.006 -87.5364   
-0.000289973  10.1588 76.5321   
-0.000342114  10.2358 44.5602   
-0.000181853  10.026 -91.8246   
-0.000260379  10.1578 22.8064   
-0.000346235  10.3089 -59.9779   
-0.000199184  10.0485 -95.3098   
-0.00029414  10.205 24.1193   
-0.000368104  10.3264 -79.6268   
-0.000194521  10.082 -166.362   
-0.000277304  10.1603 41.0255   
-0.000371932  10.2952 13.2494   
-0.000186077  10.014 -106.856   
-0.000337496  10.2354 20.0667   
-0.000350446  10.2823 -53.3469   
-0.000233621  10.1084 -170.127   
-0.000303013  10.2025 25.7586   
-0.000371932  10.2952 -37.7506   
-0.000220513  10.0739 -113.674   
-0.000277304  10.1603 24.0255   
-0.000372665  10.3368 -48.2497   
-0.000225434  10.1311 -190.126   
-0.000311787  10.1932 52.3336   
-0.000371932  10.2952 13.2494   
-0.000216391  10.0996 -152.011   
-0.000281427  10.1346 79.3627   
-0.00040226  10.3378 -28.524   
-0.000220952  10.1099 -137.634   
-0.00031146  10.1717 75.1283   
-0.000393565  10.3361 -39.2293   
-0.000199138  10.0755 -130.435   
-0.000259613  10.1002 103.561   
-0.000428015  10.353 42.3345   
-0.000199138  10.0755 -147.435   
-0.000281427  10.1346 96.3627   
-0.000385076  10.302 41.7177   
-0.000225175  10.1392 -202.497   
-0.000246211  10.1084 68.289   
-0.000406663  10.3699 -45.8863   
-0.000216391  10.0996 -152.011   
-0.000225176  10.0404 59.3785   
-0.000389591  10.3393 -47.0306   
-0.000250874  10.1324 -123.703   
-0.000267698  10.1212 66.8853   
-0.000394208  10.3328 22.8962   
-0.000186031  10.041 -141.982   
-0.000277587  10.1101 108.981   
-0.00041146  10.3569 18.3206   
-0.000194477  10.0101 -41.612   
-0.000289973  10.1588 76.5321   
-0.000367417  10.2579 84.9976   
-0.000198779  10.0285 -107.605   
-0.000281427  10.1346 130.363   
-0.000384928  10.3152 -8.0388   
-0.00022896  10.043 -98.304   
-0.000324456  10.1917 36.8402   
-0.000397778  10.3165 74.9686   
-0.00022896  10.043 -64.304   
-0.000281427  10.1346 45.3627   
-1.82589e-05  10.3302 -68.9394   
0.000127924  10.1801 -318.88   
2.50974e-05  10.2998 -98.8867   
-3.48448e-05  10.7455 -213.633   
2.66994e-05  10.1644 -182.238   
-4.10135e-06  10.3416 -37.3503   
-0.00027741  10.4323 49.1746   
-0.000268094  9.99739 -15.0019   
-0.000298778  10.1956 93.5397   
-0.000281935  10.4231 102.135   
-0.000268094  9.99739 18.9981   
-0.000276666  10.1219 198.423   
-0.000302763  10.4547 72.5256   
-0.000263386  9.98689 -12.3441   
-0.000259218  10.09 199.639   
-0.00031614  10.5106 10.2248   
-0.000250772  9.94036 44.035   
-0.000293672  10.1694 120.171   
-0.000285653  10.4307 60.0643   
-0.000267933  9.97615 -9.27592   
-0.000276511  10.1336 173.482   
-0.000260278  10.41 18.6052   
-0.000250772  9.94036 61.035   
-0.000276494  10.1681 107.707   
-0.000294549  10.4697 28.7557   
-0.000250417  9.96691 -42.063   
-0.000246452  10.0829 132.468   
-0.000290361  10.4412 57.4064   
-0.000267525  9.94016 99.7439   
-0.000289319  10.1323 225.927   
-0.000260525  10.4247 51.3114   
-0.000323548  10.0621 34.6374   
-0.000276511  10.1336 122.482   
-0.000285814  10.452 54.3383   
-0.000293469  10.0182 -7.54287   
-0.000259218  10.09 165.639   
-0.000285814  10.452 20.3383   
-0.000298012  10.0201 32.9044   
-0.00022045  10.0478 154.706   
-0.000324793  10.5222 27.8308   
-0.000285043  10.0001 20.1854   
-0.000255483  10.1169 73.9343   
-0.000307117  10.4917 0.76976   
-0.000285043  10.0001 -30.8146   
-0.00023402  10.056 167.229   
-0.000376146  10.5975 -1.73471   
-0.000259214  9.92393 99.0817   
-0.00022045  10.0478 137.706   
-0.000337378  10.5552 -29.6679   
-0.000233662  9.91644 31.5737   
-0.000255075  10.081 114.954   
-0.000337378  10.5552 21.3321   
-0.000276507  9.96747 55.9251   
-0.000212429  10.015 168.76   
-0.000333462  10.5677 19.1878   
-0.000255184  9.93451 57.3279   
-0.000233457  10.0316 200.308   
-0.000341665  10.6201 -84.4842   
-0.000310579  10.0421 -29.0815   
-0.000216728  10.0124 193.385   
-0.00030316  10.5581 -47.9361   
-0.000285043  10.0001 3.18545   
-0.000255114  10.0448 232.837   
-0.000337946  10.6125 -110.414   
-0.000280452  9.96853 76.1891   
-0.000242348  10.0377 182.666   
-0.000363322  10.6332 -51.9547   
-0.000285043  10.0001 -13.8146   
-0.000259755  10.0831 111.119   
-0.000380644  10.6903 -76.9916   
-0.000250772  9.94036 44.035   
-0.0002637  10.0842 97.3829   
-0.000359914  11.1225 -67.485   
-0.000200242  10.3796 14.6356   
-0.000170064  10.4325 180.845   
-0.000323919  10.6295 7.84046   
-0.000349282  10.9658 -242.97   
-0.000212243  10.5067 92.3676   
-0.000350209  10.2062 -44.0745   
-0.000426031  10.5584 -198.259   
-0.000273087  10.1284 9.75466   
-0.000350074  10.2179 -51.9869   
-0.00040022  10.5312 -227.116   
-0.000281353  10.1101 76.1348   
-0.000319705  10.1593 9.05228   
-0.00040022  10.5312 -176.116   
-0.000337362  10.2108 67.8328   
-0.000362708  10.2164 34.5007   
-0.000399735  10.5111 -171.41   
-0.000290208  10.164 7.52695   
-0.000397396  10.2497 45.715   
-0.000386646  10.475 -130.858   
-0.000329104  10.2132 3.68236   
-0.000379809  10.1923 53.7529   
-0.000395662  10.4998 -154.22   
-0.000307468  10.1882 36.9361   
-0.000350074  10.2179 -102.987   
-0.00039165  10.4986 -123.44   
-0.00030298  10.151 57.6514   
-0.000367027  10.191 4.75418   
-0.000421334  10.5083 -102.644   
-0.000307003  10.1665 42.7463   
-0.000332339  10.1578 27.5398   
-0.000360806  10.4343 -143.821   
-0.000307468  10.1882 19.9361   
-0.000362842  10.2047 -8.58695   
-0.000425388  10.4902 -101.71   
-0.000281191  10.1393 13.8887   
-0.000349743  10.1846 12.7357   
-0.000421334  10.5083 -153.644   
-0.000307468  10.1882 2.93614   
-0.000380033  10.2346 -11.9962   
-0.000381683  10.4321 -89.5622   
-0.000307468  10.1882 19.9361   
-0.000336719  10.1426 28.382   
-0.000425239  10.5035 -87.0015   
-0.000337837  10.2468 -41.103   
-0.000358486  10.2023 -12.8199   
-0.000369208  10.4043 -35.5281   
-0.000312026  10.2196 -1.96063   
-0.000375555  10.2118 75.5934   
-0.000343229  10.361 -14.5531   
-0.000316164  10.2412 -49.8381   
-0.000345121  10.1591 8.53853   
-0.000343103  10.3405 -14.455   
-0.000329701  10.2695 -61.076   
-0.000363014  10.1899 52.5336   
-0.000351021  10.337 38.4076   
-0.00032087  10.2592 -35.4429   
-0.000375555  10.2118 24.5934   
-0.000316798  10.3254 -29.617   
-0.000364426  10.3306 -100.882   
-0.000388505  10.2454 -16.0213   
-0.000342744  10.341 41.1531   
-0.000346682  10.2864 -23.5852   
-0.000384297  10.2295 -0.96229   
-0.000377135  10.3848 53.5643   
-0.000303442  10.2501 -68.2481   
-0.000397396  10.2497 -5.28495   
-0.000355065  10.3045 108.467   
-0.000329738  10.2974 -61.0966   
-0.000388169  10.2119 24.9768   
-0.00036412  10.3571 68.0849   
-0.000311994  10.2532 -51.7996   
-1.67184e-05  10.3307 -197.716   
-8.26337e-05  10.5491 -140.069   
-6.10851e-05  10.4864 -239.537   
-0.000119001  10.5577 72.6686   
-0.000154213  10.571 -24.9294   
-0.000114667  10.3399 35.9046   
-0.000215971  10.207 0.894792   
-0.000251183  10.1847 15.538   
-0.000215971  9.98404 -11.2473   
-0.000224819  10.2044 53.5774   
-0.000233667  10.1595 -15.011   
-0.000202789  9.99603 -28.5034   
-0.000224819  10.2044 87.5774   
-0.000215971  10.151 -12.6138   
-0.000176424  9.96831 -6.27576   
-0.000180758  10.1174 129.234   
-0.000242335  10.1787 33.1585   
-0.000176424  9.96831 -6.27576   
-0.000233667  10.2222 96.0099   
-0.000229153  10.1789 23.8495   
-0.000163242  9.96174 -31.497   
-0.000224819  10.2044 70.5774   
-0.000286396  10.2302 66.3428   
-0.00017209  9.94303 23.4843   
-0.000198455  10.1614 136.996   
-0.000233667  10.1738 51.9058   
-0.000185092  9.95194 65.7349   
-0.000180758  10.1174 146.234   
-0.000264546  10.1974 116.627   
-0.000215971  10.0111 21.6147   
-0.000207122  10.1603 96.8158   
-0.000242335  10.1939 56.9676   
-0.000215971  10.0111 38.6147   
-0.000216151  10.1648 138.058   
-0.000264546  10.2187 25.8688   
-0.000211637  9.97398 76.3218   
-0.000180758  10.1174 129.234   
-0.00029091  10.2616 10.4502   
-0.000189606  9.96818 3.03327   
-0.000233667  10.1951 97.1478   
-0.000251183  10.2117 -19.6   
-0.00017209  9.94303 40.4843   
-0.000202789  10.1359 175.268   
-0.000260032  10.238 -20.2707   
-0.000238001  10.0084 124.406   
-0.000207122  10.1603 96.8158   
-0.000242335  10.1787 67.1585   
-0.000180758  9.91481 103.442   
-0.000207303  10.1674 102.375   
-0.000260032  10.2143 46.6234   
-0.000202789  9.92821 152.935   
-0.000224819  10.184 87.6277   
-0.000242335  10.1939 5.96762   
-0.000176424  9.93182 111.673   
-0.000229333  10.185 150.717   
-0.000215971  10.151 55.3862   
-0.000189606  9.9326 128.874   
-0.000233667  10.1951 46.1478   
-0.000220485  10.1393 74.3302   
-0.000194121  9.95644 72.9773   
-0.000180758  10.1174 61.2344   
-0.000273214  10.2023 114.879   
-0.000194121  9.96404 72.9818   
-0.000238001  10.1966 66.2819   
-0.00026888  10.2202 46.0029   
-0.000176424  9.93182 94.6731   
-0.000215971  10.151 140.386   
-0.000215971  10.1154 96.2274   
-0.000220485  10.013 27.9962   
-0.000246849  10.1746 171.107   
-0.000273214  10.2023 80.8795   
-0.000198455  9.9741 36.4127   
0.000123334  10.2782 -39.9088   
0.000127668  10.2554 -88.2849   
8.79412e-05  10.145 -108.956   
-7.8587e-05  10.3751 -304.133   
7.23933e-05  10.1898 -285.016   
2.51416e-05  10.228 -195.137   
-0.000375864  10.2271 -188.633   
-0.000258881  10.0656 -101.373   
-0.000324017  10.1557 -58.1998   
-0.000372261  10.218 -155.67   
-0.000241956  10.063 -119.592   
-0.000324096  10.1448 -8.33014   
-0.000380448  10.1952 -135.671   
-0.000233228  10.0454 -145.042   
-0.000250875  10.0337 2.17256   
-0.000401856  10.219 -118.944   
-0.000250875  10.0337 -48.8274   
-0.0002811  10.1131 -50.8426   
-0.000375752  10.2126 -187.467   
-0.000250875  10.0337 -99.8274   
-0.000267981  10.071 -18.1596   
-0.00035475  10.1607 -130.634   
-0.000207519  10.0032 -95.7748   
-0.000250875  10.0337 19.1726   
-0.000345966  10.1623 -163.979   
-0.000224445  10.0058 -77.5557   
-0.00030753  10.141 -39.1144   
-0.000319794  10.1264 -146.337   
-0.000250154  10.0479 -92.8226   
-0.000302969  10.1307 -53.4915   
-0.000375752  10.2126 -119.467   
-0.000233228  10.0454 -145.042   
-0.000311021  10.1357 -19.9117   
-0.000423489  10.2599 -154.423   
-0.000250728  10.0469 -81.584   
-0.000294095  10.1331 -89.1308   
-0.000402622  10.2766 -199.699   
-0.00023395  10.0311 -67.0466   
-0.000259659  10.0733 -14.3135   
-0.000406112  10.2712 -180.496   
-0.0002811  10.1131 -152.843   
-0.000277023  10.1119 -71.0544   
-0.00037154  10.2323 -233.665   
-0.000237732  10.0269 -94.2958   
-0.000281427  10.1346 -107.637   
-0.000402294  10.255 -159.904   
-0.000263183  10.084 -150.366   
-0.000311348  10.1572 -76.7064   
-0.000367858  10.1952 -204.087   
-0.000225176  10.0404 -178.622   
-0.000311787  10.1932 -100.666   
-0.000376191  10.2487 -211.427   
-0.000246663  10.0533 -163.025   
-0.000281415  10.127 -97.4077   
-0.000428331  10.3187 -214.966   
-0.000263768  10.0906 -149.357   
-0.000307857  10.1626 -61.9091   
-0.000376191  10.2487 -177.427   
-0.000224297  10.019 -110.312   
-0.000294534  10.1691 -181.091   
-0.000402622  10.2766 -216.699   
-0.00023395  10.0311 -152.047   
-0.000294422  10.1547 -60.9255   
-0.000376191  10.2487 -245.427   
-0.000246257  10.0814 -185.586   
-0.000311787  10.1932 -134.666   
-0.000376474  10.1984 -160.472   
-0.00023395  10.0311 -152.047   
-0.000298747  10.1495 -117.893   
-0.00039797  10.2602 -272.937   
-0.000238059  10.0484 -151.091   
-0.000298983  10.165 -165.548   
-0.000301277  10.5928 -242.607   
-0.000223596  10.517 -164.902   
-0.000259035  10.6111 -151.645   
1.33736e-05  10.2158 -131.04   
8.18917e-05  10.2612 -310.188   
2.18828e-05  10.2665 81.4285   
-0.000228599  9.95402 46.5177   
-0.000211481  10.0511 -91.8343   
-0.000262981  10.1172 148.397   
-0.000258991  9.97735 128.283   
-0.000151328  9.96235 -68.4864   
-0.00030986  10.157 243.883   
-0.000228599  9.93467 136.076   
-0.000202584  10.0315 -88.8893   
-0.000301882  10.1462 226.13   
-0.00017258  9.86824 112.754   
-0.000211337  10.0493 -80.4753   
-0.000284619  10.1221 230.712   
-0.000185709  9.88349 94.7661   
-0.000228599  10.1078 -150.804   
-0.000310247  10.1643 198.417   
-0.000185709  9.88349 145.766   
-0.000202972  10.0657 -152.508   
-0.000280099  10.1421 178.915   
-0.000211337  9.89874 148.623   
-0.00017258  9.98596 -85.7093   
-0.000327366  10.1748 179.159   
-0.000206961  9.9012 107.026   
-0.000211337  10.0853 -181.333   
-0.000305871  10.171 196.448   
-0.000211337  9.87514 130.553   
-0.000189698  10.0637 -184.349   
-0.000340252  10.1803 223.649   
-0.000180945  9.85181 167.788   
-0.000180945  10.0056 -114.534   
-0.000297118  10.1651 214.069   
-0.000189698  9.85773 133.166   
-0.000236965  10.0914 -95.7706   
-0.000331355  10.2113 158.512   
-0.000219846  9.89596 167.333   
-0.000228599  10.0717 -117.946   
-0.000310247  10.1853 158.747   
-0.000232976  9.91616 146.01   
-0.000206961  10.0399 -80.1081   
-0.000305871  10.1979 110.295   
-0.000245718  9.94351 134.93   
-0.000176956  10.0163 -125.747   
-0.000279855  10.1409 150.651   
-0.000237353  9.91959 124.125   
-0.000211337  10.0493 -97.4753   
-0.000322989  10.2277 120.479   
-0.000232589  9.94335 108.73   
-0.000180945  10.041 -138.429   
-0.000279855  10.1619 178.981   
-0.000245718  9.94351 151.93   
-0.000180945  10.0259 -60.2409   
-0.000296974  10.1783 113.241   
-0.000228599  9.91862 121.412   
-0.000185709  10.0222 -109.368   
-0.000314236  10.2218 104.1   
-0.000254227  9.99616 31.2225   
-0.000176956  10.0045 -83.7817   
-0.000314236  10.2218 138.1   
-0.000198208  9.8743 164.317   
-0.000176956  10.0163 -142.747   
-0.000288608  10.1888 87.6898   
-0.000228599  9.91862 172.412   
-0.000198208  10.013 -90.8169   
-0.000288608  10.1947 75.2074   
-0.000228599  9.94222 54.4826   
-0.000232589  10.0821 -129.403   
-0.000314236  10.2218 87.0998   
-0.000120549  10.2764 121.566   
-0.0001418  10.4279 -66.9743   
-0.000275091  10.6441 117.659   
-0.000220013  10.5762 85.6442   
-0.000241197  10.5322 15.1866   
-0.000353528  10.6773 41.689   
-0.000320345  10.225 90.2734   
-0.000255131  10.079 -13.9463   
-0.000376191  10.2487 -24.4274   
-0.000311471  10.2275 37.6341   
-0.000276977  10.1388 -55.1798   
-0.00042377  10.3084 -42.3432   
-0.000303013  10.2025 42.7586   
-0.000250547  10.1109 1.09198   
-0.000384738  10.2247 0.00663302   
-0.000320345  10.225 56.2734   
-0.000254669  10.0852 -11.5709   
-0.000397012  10.2589 2.72329   
-0.000302686  10.181 99.5533   
-0.000272326  10.1224 -60.4176   
-0.000401573  10.2693 17.1004   
-0.000367417  10.2579 101.998   
-0.000263137  10.1109 1.50815   
-0.000384738  10.2247 34.0066   
-0.00031146  10.1717 126.128   
-0.000303013  10.2025 -25.2414   
-0.00042377  10.3084 42.6568   
-0.000337169  10.2138 110.861   
-0.000276977  10.1388 46.8202   
-0.000384636  10.2109 70.3755   
-0.00031146  10.1717 126.128   
-0.000310738  10.1859 -53.8669   
-0.000444929  10.2997 47.0478   
-0.000341381  10.1942 123.059   
-0.000349533  10.206 -4.29661   
-0.000414569  10.2411 74.0768   
-0.000337169  10.2138 93.8614   
-0.000310738  10.1859 -36.8669   
-0.000380086  10.2083 113.769   
-0.000337169  10.2138 93.8614   
-0.000275975  10.1046 9.74516   
-0.000410493  10.2399 70.8651   
-0.000293801  10.1276 135.408   
-0.000314949  10.1594 3.7642   
-0.000414569  10.2411 91.0768   
-0.000315682  10.201 78.2652   
-0.000306899  10.1613 9.7512   
-0.000362429  10.1711 94.6155   
-0.000277304  10.1603 126.026   
-0.000303013  10.2025 -42.2414   
-0.000401529  10.1974 141.85   
-0.000285355  10.1584 69.0385   
-0.000306177  10.1756 -34.244   
-0.000380075  10.2006 106.998   
-0.000311741  10.2202 51.2082   
-0.000298171  10.1437 35.3016   
-0.000397328  10.2247 102.423   
-0.000346223  10.253 96.5163   
-0.000280468  10.1334 -18.9771   
-0.000405784  10.2428 142.731   
-0.000268577  10.1427 83.5759   
-0.000289567  10.1388 -20.7636   
-0.000427226  10.2895 94.7691   
-0.000315682  10.201 95.2652   
-0.000306504  10.1972 -57.0387   
-0.000432216  10.2776 92.0265   
-0.000303013  10.2025 127.759   
-0.000276302  10.1261 20.9505   
-0.0004103  10.2869 59.55   
-0.000354827  10.2579 101.581   
-0.000276538  10.1028 -31.2197   
-0.000444929  10.2997 115.048   
2.05824e-05  10.3371 -102.635   
2.50974e-05  10.2998 -166.887   
-6.52641e-05  10.3335 -22.0499   
-0.000310211  10.7462 -162.02   
-0.000289309  10.848 -36.3369   
-0.000284431  10.783 -99.3207   
-0.000379809  10.3204 -51.7251   
-0.000346343  10.4486 -68.1555   
-0.00037644  10.4372 -143.708   
-0.000410273  10.3561 -116.11   
-0.000359398  10.4492 -84.8905   
-0.000349942  10.3813 -87.3787   
-0.000419059  10.362 -99.7089   
-0.000372483  10.4565 -34.7395   
-0.000350049  10.3942 -111.274   
-0.000375462  10.3103 -100.141   
-0.0003591  10.4275 -28.0888   
-0.000349948  10.3745 -55.6577   
-0.000401805  10.3575 -109.957   
-0.0003591  10.4275 -45.0888   
-0.000385342  10.4551 -118.289   
-0.000401704  10.3378 -37.3406   
-0.000350761  10.4587 -60.526   
-0.000341331  10.3697 -87.9375   
-0.000401954  10.373 -120.191   
-0.000398874  10.4995 -33.1742   
-0.000323551  10.3383 -54.944   
-0.000410591  10.3634 -76.5557   
-0.000381535  10.4898 -36.5546   
-0.000393964  10.4403 -57.5721   
-0.000428259  10.4015 -63.0911   
-0.000367845  10.4401 10.9841   
-0.000385241  10.4354 -79.6727   
-0.000427797  10.3592 -46.9735   
-0.000393964  10.4403 61.4279   
-0.000394262  10.4619 -97.3738   
-0.000432883  10.4126 -91.7335   
-0.000447181  10.5455 11.1314   
-0.00037644  10.4372 -92.7083   
-0.000401704  10.3378 -71.3406   
-0.000394393  10.4884 -86.1038   
-0.000368136  10.4464 -134.155   
-0.000375164  10.2886 -9.33886   
-0.000376922  10.4522 -49.7543   
-0.000398874  10.4995 -101.174   
-0.000401805  10.3575 -58.9565   
-0.000363498  10.43 -3.43146   
-0.000398576  10.4778 -129.372   
-0.000392668  10.319 -16.2743   
-0.000394527  10.4894 -13.5897   
-0.000402866  10.4581 -49.1525   
-0.000366411  10.277 -13.3255   
-0.000403164  10.4798 -37.9542   
-0.000429555  10.5227 -70.3889   
-0.000401704  10.3378 -37.3406   
-0.000381535  10.4898 -70.5546   
-0.000429257  10.5011 -30.5871   
-0.000405702  10.3119 -32.9815   
-0.00035481  10.4472 -108.309   
-0.000411733  10.4981 -167.723   
-0.000406051  10.3479 -56.925   
-0.000372185  10.4348 5.06225   
-0.000389909  10.4586 -75.5104   
-0.000405804  10.3316 -71.5974   
-0.000376922  10.4522 -15.7543   
-0.000380971  10.4407 -63.5369   
-0.000379562  10.304 -83.3975   
-0.000377024  10.4719 -54.3702   
-0.000380971  10.4407 -80.5369   
-0.00042783  10.3534 -51.5593   
-0.000403313  10.4952 -14.1889   
-0.000402866  10.4581 -66.1525   
-7.30536e-05  10.4703 -199.143   
-5.2473e-05  10.5852 -151.714   
-6.54301e-05  10.5848 -227.356   
0.000212384  9.96309 6.49397   
0.000178254  10.114 6.35194   
0.000208488  10.0192 66.2671   
-0.000141546  9.86311 111.113   
-0.000188768  10.0264 171.326   
-0.000145136  9.93912 150.559   
-0.000137012  9.85103 125.124   
-0.000228718  10.0673 199.052   
-0.000145136  9.93912 184.559   
-0.000146048  9.85639 164.091   
-0.000219932  10.0496 207.614   
-0.000136198  9.93305 137.622   
-0.000181076  9.91688 106.141   
-0.000228542  10.0611 191.221   
-0.000114455  9.88019 211.657   
-8.86274e-05  9.80487 87.6226   
-0.000215308  10.0484 195.588   
-0.000118992  9.89565 157.976   
-0.000123906  9.83091 146.429   
-0.000237701  10.0394 279.006   
-0.000154038  9.94512 217.925   
-0.000137012  9.85103 159.124   
-0.00021131  10.0117 233.226   
-0.000149483  9.94067 204.707   
-0.0001106  9.83091 103.115   
-0.000198037  10.0084 243.15   
-0.000118745  9.91138 172.779   
-0.000123906  9.83091 163.429   
-0.000215457  10.0333 188.755   
-0.00016757  9.93701 287.208   
-0.000123906  9.83091 163.429   
-0.000184776  9.97441 198.854   
-0.000167421  9.95204 158.04   
-0.000124153  9.81517 199.627   
-0.000237701  10.0394 245.006   
-0.000132277  9.90327 191.061   
-0.000142077  9.81884 183.62   
-0.000215806  9.99819 297.542   
-0.000167672  9.91759 223.797   
-0.00013731  9.83019 164.774   
-0.000202408  10.0057 182.859   
-0.000158385  9.94667 170.074   
-0.000154915  9.84022 185.116   
-0.000241946  10.0604 243.566   
-0.000171378  9.98189 169.171   
-0.00013731  9.83019 181.774   
-0.0002023  10.0183 138.609   
-0.000145383  9.92339 203.756   
-0.000115367  9.79746 174.189   
-0.000206671  10.0156 231.317   
-0.000140697  9.92295 179.269   
-0.000124153  9.81517 165.627   
-0.000206671  10.0156 214.317   
-0.000158221  9.96687 102.024   
-0.000128524  9.81248 156.336   
-0.000254611  10.1452 142.878   
-0.000149483  9.94067 170.707   
-0.000128443  9.84637 126.749   
-0.000228542  10.0611 191.221   
-0.000127412  9.91533 163.184   
-0.000128226  9.83331 150.686   
-0.000193249  10.0274 163.074   
-0.000114455  9.88019 194.657   
-0.000181341  9.89013 158.238   
-0.000179881  10.0281 90.2996   
-0.000123357  9.88618 143.024   
-0.000146048  9.85639 164.091   
-0.000219512  10.0625 123.916   
-0.000149748  9.91393 171.803   
4.15621e-06  10.113 178   
-0.000135303  10.4391 127.334   
-4.77493e-05  10.2734 149.37   
-0.000250451  10.8862 -79.9933   
-0.00022267  10.7714 101.542   
-9.47162e-05  10.4187 -104.564   
-0.00055925  10.7475 31.7042   
-0.000548938  10.5986 186.234   
-0.000382515  10.191 69.7974   
-0.000537089  10.7145 37.7901   
-0.000530915  10.554 246.557   
-0.000439773  10.2931 27.2592   
-0.000524309  10.7145 71.3751   
-0.000548938  10.5986 186.234   
-0.000417683  10.2517 28.8258   
-0.000537317  10.7421 -48.5106   
-0.000530728  10.5606 218.247   
-0.000382515  10.191 103.797   
-0.000524537  10.7422 -31.9256   
-0.000557874  10.6533 93.6326   
-0.000395466  10.2058 68.9765   
-0.000506286  10.6699 29.6985   
-0.000544624  10.6194 117.273   
-0.000403544  10.1867 118.555   
-0.000533205  10.7349 25.3845   
-0.000557011  10.6034 134.853   
-0.000398798  10.1573 96.37   
-0.000484148  10.6421 45.9584   
-0.000584106  10.6592 179.262   
-0.000385327  10.1222 169.94   
-0.000506921  10.6921 57.7783   
-0.00052207  10.5705 106.524   
-0.00042481  10.1621 163.929   
-0.000506286  10.6699 80.6985   
-0.000570825  10.668 75.8118   
-0.000388577  10.0795 205.266   
-0.000496923  10.666 13.4149   
-0.000557874  10.6533 93.6326   
-0.000384383  10.0782 202.093   
-0.000509587  10.6641 66.001   
-0.000641999  10.7835 -22.1962   
-0.000384383  10.0782 219.093   
-0.000523156  10.672 82.0444   
-0.000571344  10.6884 3.06267   
-0.000318468  9.98593 234.908   
-0.000506286  10.6699 -4.3015   
-0.000615132  10.7554 -50.9055   
-0.000336767  10.0445 175.591   
-0.000506286  10.6699 63.6985   
-0.000633155  10.8 -43.2289   
-0.000359044  10.0794 185.334   
-0.000479419  10.6418 51.9892   
-0.000584964  10.7331 -47.9173   
-0.000376309  10.0734 253.473   
-0.000474677  10.5884 130.763   
-0.000562647  10.6639 -11.05   
-0.000376361  10.1102 169.45   
-0.000480003  10.6271 45.0924   
-0.000593621  10.7232 -21.1943   
-0.000350905  10.1095 187.862   
-0.000484196  10.6285 82.2651   
-0.000545194  10.6766 -73.499   
-0.000394432  10.1412 213.433   
-0.000475312  10.6106 56.8428   
-0.000571979  10.7106 -53.8575   
-0.000376309  10.0734 202.473   
-0.000480003  10.6271 62.0924   
-0.000598352  10.774 -130.555   
-0.000344841  10.0494 192.211   
-0.000453135  10.599 33.3831   
-0.000567389  10.7173 -123.824   
-0.000389731  10.1221 194.597   
-0.000417953  11.0519 -14.4025   
-0.000541539  11.2169 -129.417   
-0.000231516  10.4382 178.837   
-0.000222539  10.6907 64.8728   
-0.000414165  10.7516 -45.2421   
-0.00027936  10.7219 10.0742   
-0.000279472  10.2716 54.6702   
-0.000426587  10.2432 -46.5428   
-0.000362121  10.2967 25.4545   
-0.000288204  10.2977 47.3011   
-0.000408961  10.2204 -26.0631   
-0.000388381  10.3353 21.3663   
-0.000244444  10.2382 -7.53066   
-0.00047038  10.2968 -13.2969   
-0.000366778  10.3241 31.8426   
-0.000323238  10.3022 118.607   
-0.000426587  10.2432 4.45716   
-0.000371288  10.342 32.6582   
-0.000301516  10.3045 41.82   
-0.000444558  10.2833 -61.4431   
-0.000371023  10.3146 33.8741   
-0.000283592  10.2601 119.101   
-0.000461615  10.2766 15.658   
-0.000379592  10.3329 23.105   
-0.000301069  10.2675 74.8565   
-0.000452429  10.2294 77.6749   
-0.000401805  10.3575 -7.95654   
-0.000283145  10.2231 118.138   
-0.000452611  10.239 62.8544   
-0.000344066  10.248 80.0824   
-0.000309536  10.2661 170.703   
-0.000452579  10.2448 67.4402   
-0.000375096  10.3073 52.9241   
-0.000300967  10.2478 164.472   
-0.000408663  10.1988 64.7386   
-0.000365937  10.2611 146.634   
-0.000291931  10.2289 134.539   
-0.000500879  10.3105 32.3089   
-0.000419309  10.375 49.824   
-0.00022161  10.1347 130.353   
-0.000456976  10.2602 44.3816   
-0.000375096  10.3073 52.9241   
-0.000269938  10.1884 140.631   
-0.000439472  10.2298 102.317   
-0.000428196  10.4005 -6.39119   
-0.00022161  10.1347 113.353   
-0.000435054  10.2418 49.304   
-0.00039262  10.3104 105.06   
-0.000243797  10.1805 107.215   
-0.00044384  10.2476 82.7048   
-0.000401406  10.3162 70.4612   
-0.000274284  10.1985 155.046   
-0.000426188  10.2019 99.8749   
-0.00037498  10.2953 9.90532   
-0.000256638  10.1681 158.554   
-0.000408818  10.1854 46.6084   
-0.00036159  10.251 132.219   
-0.000265674  10.1869 120.487   
-0.000395805  10.2002 63.2878   
-0.000427648  10.3438 150.261   
-0.000287143  10.1971 122.497   
-0.000391443  10.1978 52.2375   
-0.000370725  10.2929 73.6759   
-0.000305314  10.2579 93.888   
-0.000439556  10.2385 113.589   
-0.000401805  10.3575 43.0435   
-0.000292065  10.2299 105.053   
-0.00038684  10.1593 88.9516   
-0.000410252  10.3485 70.9181   
-0.000274535  10.2336 55.1956   
-0.000408663  10.1988 115.739   
-0.000339803  10.2465 76.9392   
-1.61845e-05  10.4305 -40.0102   
-0.000128865  10.4153 -43.8881   
-4.23101e-05  10.4461 -54.2289   
-0.000202608  10.5476 76.1306   
-3.08788e-05  10.2936 161.887   
-0.000250822  10.7632 -71.4004   
-0.000308426  10.208 92.077   
-0.000215971  10.0111 174.615   
-0.000264365  10.2329 -46.6489   
-0.000308426  10.2147 29.7892   
-0.000145545  9.89546 244.207   
-0.000264365  10.2116 10.1091   
-0.000334791  10.2637 18.8036   
-0.000154394  9.93453 161.881   
-0.000286396  10.2302 52.7428   
-0.000361155  10.271 132.626   
-0.000163061  9.93338 189.701   
-0.000242335  10.1787 50.1586   
-0.000343639  10.2696 86.1831   
-0.000154357  9.93448 178.895   
-0.000242335  10.193 15.0753   
-0.000326123  10.2393 76.0934   
-0.000180758  9.97746 180.463   
-0.000299578  10.2656 0.810655   
-0.000352487  10.267 121.866   
-0.000141031  9.91572 192.36   
-0.000242335  10.1422 83.1074   
-0.000343639  10.2483 91.9411   
-0.000163061  9.93338 189.701   
-0.000242335  10.1574 55.9165   
-0.000405216  10.3368 11.7273   
-0.000180758  9.97746 197.463   
-0.00031276  10.2366 104.273   
-0.000339305  10.2739 19.669   
-0.000180758  9.97746 197.463   
-0.000299578  10.2249 79.1111   
-0.000356821  10.3042 50.1587   
-0.000163242  9.96753 160.123   
-0.000286396  10.2098 79.993   
-0.000343639  10.2483 91.9411   
-0.000176424  10.031 87.7451   
-0.000260032  10.1821 102.221   
-0.000356821  10.2771 85.2967   
-0.000180758  10.013 88.6217   
-0.000260032  10.1821 17.2207   
-0.000321609  10.179 181.939   
-0.000176424  10.031 87.7451   
-0.000251183  10.1287 87.0294   
-0.000343639  10.2483 125.941   
-0.000220305  10.0975 114.104   
-0.000246669  10.148 91.8899   
-0.000339305  10.2316 122.798   
-0.000180758  10.069 51.1303   
-0.000224638  10.1465 85.4498   
-0.000326123  10.2241 154.284   
-0.000215971  10.1145 3.33508   
-0.000299578  10.2443 108.569   
-0.000282062  10.1523 168.75   
-0.000189606  10.0868 -8.43728   
-0.000339305  10.3146 63.7685   
-0.000334971  10.23 85.6638   
-0.000211456  10.1196 9.2788   
-0.000277548  10.2242 70.3633   
-0.000308426  10.18 95.5227   
-0.000215971  10.1358 14.5771   
-0.000246669  10.2159 46.4515   
-0.000304093  10.1496 203.542   
-0.000180758  10.1021 -47.5747   
-0.000295244  10.2835 16.934   
-0.000326123  10.1757 229.18   
-0.000308426  10.2715 -50.8099   
-0.000273033  10.2436 7.22383   
-1.7516e-05  10.3186 69.5543   
0.000185092  10.2174 -180.588   
5.30898e-05  10.4266 -167.253   
-7.314e-05  10.4756 -206.011   
-0.000120925  10.4879 -18.7431   
-4.06708e-05  10.2819 -127.267   
-0.00035315  10.2754 -28.3186   
-0.000383467  10.2703 97.7755   
-0.00034234  10.0786 30.9119   
-0.000348589  10.2523 8.33997   
-0.000369962  10.214 109.07   
-0.000382156  10.1438 3.15447   
-0.000353335  10.2909 -41.9463   
-0.000352038  10.1696 101.352   
-0.00036453  10.121 23.6342   
-0.000313859  10.2406 -93.6627   
-0.000369962  10.214 126.07   
-0.000316447  10.0871 -21.8317   
-0.000322177  10.2237 12.4189   
-0.00036106  10.1961 117.65   
-0.000334371  10.1315 -65.1132   
-0.000353499  10.3115 -69.2621   
-0.000338932  10.1546 170.228   
-0.00040911  10.2359 -53.2978   
-0.000318206  10.2507 -45.2471   
-0.000303904  10.1212 108.027   
-0.000369315  10.1562 2.81538   
-0.000335811  10.2878 -77.0825   
-0.000352438  10.2109 90.9338   
-0.000352187  10.185 -129.883   
-0.000313859  10.2406 -42.6627   
-0.000383467  10.2703 12.7755   
-0.00040911  10.2359 -104.298   
-0.000335513  10.2662 -54.2808   
-0.000378829  10.2539 58.4991   
-0.000417583  10.2056 17.6535   
-0.000344299  10.272 -20.88   
-0.000374482  10.2438 61.0836   
-0.000408845  10.2084 -35.0819   
-0.000362237  10.3087 -84.5267   
-0.000405511  10.3032 -17.0747   
-0.000413457  10.246 -72.8823   
-0.000349152  10.3014 -134.678   
-0.000383366  10.2506 34.3915   
-0.000382719  10.1929 -37.8632   
-0.000309569  10.2603 -156.883   
-0.000401072  10.3074 14.9401   
-0.000343136  10.1517 -60.0681   
-0.000353201  10.2899 -80.4604   
-0.00037483  10.2799 3.14002   
-0.000382719  10.1929 -71.8632   
-0.000349152  10.3014 -83.6777   
-0.000388229  10.3233 -69.2595   
-0.000391741  10.2194 -123.564   
-0.000353201  10.2899 -29.4604   
-0.000388178  10.3088 -0.117702   
-0.000373817  10.175 -63.2828   
-0.000375277  10.3169 -46.8964   
-0.000419044  10.3475 0.0398608   
-0.000347426  10.132 -30.8482   
-0.00037989  10.3545 -118.697   
-0.000423259  10.3533 8.80184   
-0.000356457  10.1576 -83.6354   
-0.000309569  10.2603 -122.883   
-0.000393052  10.3459 -96.9432   
-0.000369297  10.1452 1.70366   
-0.000340598  10.3196 -150.041   
-0.00038418  10.3348 -72.4768   
-0.000378164  10.1851 -133.867   
-0.000362785  10.3655 -190.179   
-0.000379624  10.327 -66.4809   
-0.000382719  10.1929 -88.8632   
-0.000328048  10.7982 -161.15   
-0.000353941  10.7897 -23.4061   
-0.000264549  10.5452 -72.2473   
-0.000104461  10.682 -174.138   
-0.000131994  10.6895 43.7422   
-0.000117699  10.4672 81.7399   
-1.65054e-13  -9.60458e-11 11.5   
-0.000461122  10.5087 213.595   
-0.000448657  10.311 171.682   
-0.000239597  10.3446 -196.296   
-0.000509683  10.5864 207.944   
-0.000475576  10.376 133.368   
-0.000449028  10.5678 -29.7634   
-0.00048388  10.5801 161.869   
-0.000475576  10.376 116.368   
-0.000453135  10.599 -68.6169   
-0.000496096  10.5495 231.685   
-0.000448074  10.3257 161.578   
-0.000483303  10.6214 -54.6052   
-0.000413225  10.485 119.128   
-0.000444602  10.3167 160.512   
-0.000483303  10.6214 -105.605   
-0.000492764  10.598 170.292   
-0.000475576  10.376 133.368   
-0.000488132  10.6449 -142.353   
-0.00051013  10.6152 139.714   
-0.000475576  10.376 150.368   
-0.000479419  10.6418 -152.011   
-0.000496872  10.6292 97.4382   
-0.000443967  10.2945 200.432   
-0.000465314  10.5845 -38.5206   
-0.000533154  10.698 41.4078   
-0.000528676  10.41 179.706   
-0.00043903  10.5417 -40.1268   
-0.000568322  10.7587 51.4362   
-0.000545051  10.4474 126.645   
-0.000444478  10.6088 -129.34   
-0.000524309  10.7145 -13.6249   
-0.00046668  10.3555 179.358   
-0.000453135  10.599 -68.6169   
-0.00057224  10.746 53.603   
-0.000519248  10.4411 114.57   
-0.000470004  10.601 -50.2711   
-0.000568046  10.7446 33.4302   
-0.000474941  10.3538 190.288   
-0.000483386  10.6155 -79.5374   
-0.000533154  10.698 7.40777   
-0.000466161  10.3352 201.107   
-0.000452329  10.562 -44.4609   
-0.000568957  10.7809 -73.4839   
-0.000484461  10.3938 141.79   
-0.000456467  10.5505 9.77666   
-0.000551177  10.7426 -52.9156   
-0.000448709  10.3478 138.658   
-0.000426228  10.5366 -50.7158   
-0.000564763  10.7795 -76.6567   
-0.000452847  10.3363 158.896   
-0.000404138  10.4951 -49.1492   
-0.00055925  10.7475 -53.2958   
-0.000475576  10.376 116.368   
-0.000421526  10.5175 -69.5525   
-0.000573064  10.8121 -163.337   
-0.000431205  10.3236 109.233   
-0.00043903  10.5417 -40.1268   
-0.000529082  10.7251 -84.3075   
-0.00038815  10.2515 161.894   
-0.000435112  10.5544 -59.2935   
-0.000568322  10.7587 -67.5638   
-0.000448709  10.3478 172.658   
-0.000453046  10.5783 -92.3132   
-0.000529082  10.7251 -118.308   
-0.000476095  10.3963 60.6184   
-0.000382785  10.9913 -92.4309   
-0.000542368  11.259 -143.399   
-0.000334798  10.7008 133.512   
-0.000220655  10.4719 69.1227   
-0.000317367  10.6091 23.8739   
-0.000360999  10.6608 88.9126   
-0.00031701  10.1362 5.15067   
-0.00040911  10.2359 -19.2978   
-0.000395507  10.1786 103.09   
-0.000325796  10.142 55.5515   
-0.000374082  10.2025 -47.4987   
-0.000382421  10.1712 137.939   
-0.000334535  10.1392 57.2869   
-0.000400324  10.23 15.3014   
-0.000421948  10.2268 118.181   
-0.000277365  10.072 85.0292   
-0.000400026  10.2084 21.1031   
-0.000435054  10.2418 117.304   
-0.000343104  10.1575 63.5178   
-0.00038692  10.1934 4.97993   
-0.000400026  10.2084 72.1031   
-0.000334636  10.1589 69.671   
-0.000369563  10.1726 0.487776   
-0.000382421  10.1712 137.939   
-0.000392006  10.2468 45.2198   
-0.000382719  10.1929 47.1368   
-0.000382421  10.1712 154.939   
-0.000338789  10.1416 61.5163   
-0.000382421  10.1712 69.9386   
-0.000408365  10.1772 189.54   
-0.000396055  10.2353 14.4372   
-0.000369265  10.151 74.2895   
-0.0004177  10.2177 77.6723   
-0.000347522  10.1456 65.5308   
-0.000369017  10.1346 93.6171   
-0.000417849  10.2331 101.438   
-0.000316596  10.1025 86.9336   
-0.000386604  10.1607 77.67   
-0.000452876  10.2665 129.638   
-0.000334419  10.1272 150.268   
-0.000364653  10.1134 112.09   
-0.000408929  10.2263 80.5227   
-0.00033452  10.1469 77.6521   
-0.000359731  10.0806 129.534   
-0.000435054  10.2418 134.304   
-0.000312547  10.1141 32.7163   
-0.000329625  10.0801 100.889   
-0.00041343  10.2229 110.808   
-0.000308046  10.0953 64.8145   
-0.000316099  10.051 138.112   
-0.000408812  10.2142 122.504   
-0.000290205  10.0595 136.368   
-0.000342525  10.0719 164.668   
-0.00040953  10.2499 63.3561   
-0.000290205  10.0595 102.368   
-0.000333921  10.0757 116.446   
-0.000426486  10.2235 179.073   
-0.00029042  10.0725 85.2942   
-0.000307232  10.0111 154.683   
-0.000364775  10.1408 209.446   
-0.00031701  10.1362 5.15067   
-0.000302814  10.023 101.67   
-0.00035174  10.148 141.153   
-0.000316713  10.1146 44.9524   
-0.000360029  10.1023 106.732   
-0.000417849  10.2331 135.438   
-0.000334535  10.1392 23.2869   
-0.000342525  10.0719 113.668   
-0.000435054  10.2418 134.304   
-0.000352038  10.1696 50.3515   
-0.000364653  10.1134 112.09   
-0.000400026  10.2084 106.103   
-5.00499e-05  10.3436 -135.997   
-1.53753e-06  10.2616 -67.9316   
-0.000116188  10.4705 -65.9265   
-0.000101304  10.4728 7.20739   
-0.000264185  10.7489 -3.17372   
-0.000176244  10.5412 7.6003   
-0.000189606  10.1081 2.80477   
-0.00031276  10.2731 -47.6758   
-0.000282062  10.1717 -5.79218   
-0.000215971  10.1358 14.5771   
-0.000334791  10.2993 -5.03752   
-0.000264365  10.1489 -2.31179   
-0.00017191  10.064 46.0431   
-0.000330457  10.3172 -73.9141   
-0.000299578  10.1817 31.5478   
-0.000215971  10.1358 -19.4229   
-0.000356821  10.3814 -129.091   
-0.000242335  10.1109 61.597   
-0.000180758  10.0903 11.3724   
-0.000361336  10.3408 -9.19322   
-0.00029073  10.1919 16.2696   
-0.000215971  10.1297 -6.85585   
-0.000356821  10.3449 -28.1418   
-0.000251183  10.1126 89.3281   
-0.000224638  10.1346 8.3969   
-0.000317275  10.3045 -35.5684   
-0.00029073  10.1919 84.2696   
-0.000215971  10.1145 37.3351   
-0.000343639  10.2967 17.0451   
-0.000299759  10.1751 63.2699   
-0.000215971  10.1297 10.1441   
-0.000343639  10.3323 -40.796   
-0.000303912  10.1832 102.682   
-0.000242335  10.1787 -17.8415   
-0.000303912  10.2401 22.0827   
-0.000264365  10.1277 88.4462   
-0.000198274  10.1069 30.6245   
-0.000326123  10.2749 52.2522   
-0.000321609  10.2434 40.1449   
-0.000185092  10.0715 45.1567   
-0.000330457  10.2959 50.8438   
-0.000308426  10.2147 46.7892   
-0.00017191  10.064 29.0431   
-0.000334791  10.3145 35.7716   
-0.000308426  10.2147 80.7892   
-0.000202789  10.0952 49.5686   
-0.000330457  10.3172 -22.9141   
-0.00029073  10.1706 107.028   
-0.000215971  10.1705 -17.1563   
-0.000334791  10.3145 -15.2284   
-0.000308426  10.1952 119.332   
-0.000189606  10.1081 -31.1952   
-0.000334791  10.278 68.7204   
-0.000299759  10.1751 80.2699   
-0.000189606  10.0868 25.5627   
-0.000308426  10.2478 84.0842   
-0.000295244  10.1792 129.321   
-0.000180758  10.1021 -13.5747   
-0.00031276  10.2731 54.3242   
-0.000303912  10.2188 44.8407   
-0.000207122  10.0967 62.9027   
-0.000343639  10.2967 51.0451   
-0.000282062  10.1717 79.2078   
-0.000198274  10.1069 -3.37546   
-0.000308426  10.2715 51.1901   
-0.000295244  10.2352 -44.17   
-0.000215971  10.151 -12.6138   
-0.000308426  10.2928 -56.5678   
-0.000264365  10.1565 72.4928   
-0.000215971  10.1297 10.1441   
-0.000339305  10.2951 64.911   
-0.000251183  10.1126 38.3281   
4.85753e-05  10.3818 -138.004   
-4.38803e-05  10.537 -105.934   
2.63643e-05  10.3734 -155.398   
-9.15555e-05  10.5911 -158.907   
-9.75699e-05  10.3285 -15.5139   
-4.9138e-05  10.2585 -241.036   
-0.000358218  10.362 -11.9574   
-0.00034226  10.0445 148.884   
-0.000368949  10.1091 -110.353   
-0.000362785  10.3655 -37.1791   
-0.000381807  10.1077 112.098   
-0.000381906  10.1087 -15.9949   
-0.000367132  10.3756 -39.7635   
-0.000381906  10.1087 137.005   
-0.000395191  10.1367 -98.5527   
-0.000318471  10.2781 21.537   
-0.000359865  10.0816 117.048   
-0.000350834  10.056 -85.1645   
-0.000318471  10.2781 55.537   
-0.000377368  10.112 93.1128   
-0.000381557  10.0726 -26.0513   
-0.000305713  10.2992 -35.5297   
-0.000395191  10.1367 71.4473   
-0.000368949  10.1091 -93.3528   
-0.000345261  10.3624 -38.3154   
-0.000368949  10.1091 76.6472   
-0.000381807  10.1077 -74.902   
-0.000310233  10.329 -32.5162   
-0.000404242  10.1699 18.6322   
-0.000368502  10.072 -60.3163   
-0.000345261  10.3624 -21.3154   
-0.000373021  10.1019 112.697   
-0.000368651  10.0875 -104.551   
-0.000363134  10.4016 -61.1227   
-0.000399978  10.1685 49.489   
-0.000377368  10.112 -127.887   
-0.000336394  10.3225 12.2555   
-0.000382156  10.1438 54.1545   
-0.00034226  10.0445 -89.1164   
-0.000380554  10.4233 -79.3304   
-0.000408398  10.1713 -2.04548   
-0.000355416  10.0647 -59.4673   
-0.000363051  10.3929 -55.395   
-0.000434789  10.2143 33.5199   
-0.00039071  10.1256 -117.482   
-0.000393958  10.4599 -52.0089   
-0.000430484  10.1975 30.4322   
-0.000355416  10.0647 -110.467   
-0.000380554  10.4233 -62.3304   
-0.000417449  10.2046 -37.8606   
-0.000346514  10.0469 -101.887   
-0.000341263  10.3884 -76.6745   
-0.000430585  10.2172 25.8163   
-0.000350578  10.0277 16.9652   
-0.000393958  10.4599 -69.0089   
-0.000386718  10.1669 -50.5041   
-0.000328707  10.0145 -66.5866   
-0.000376854  10.4709 -157.491   
-0.000391294  10.1823 -39.5278   
-0.000359599  10.0542 -68.7359   
-0.000345759  10.4139 -72.4936   
-0.000400378  10.2098 -96.9288   
-0.000333054  10.0246 -103.171   
-0.000389823  10.4662 -65.3591   
-0.000404641  10.2113 -42.7855   
-0.000351025  10.0647 -169.071   
-0.000319633  10.3984 -160.275   
-0.000426587  10.2432 -63.5428   
-0.00039028  10.0775 -71.9506   
-0.000367654  10.4314 -92.1091   
-0.00039579  10.2079 -69.3469   
-0.000373003  10.0908 -92.4145   
-0.00033269  10.8554 -43.7799   
-0.000348531  10.6824 -114.486   
-0.000281361  10.4837 -87.8587   
