638.492 254.944
592.145 187.482
548.885 175.814
504.033 161.416
477.768 161.045
594.347 199.527
625.48 202.27
608.276 201.186
549.831 177.276
590.31 204.311
511.117 159.577
530.615 178.176
559.219 188.544
449.162 144.178
590.155 205.136
473.454 146.342
592.242 200.875
721.038 219.94
572.922 174.987
504.526 171.239
558.244 176.299
690.405 277.516
554.322 206.329
650.108 197.613
617.739 210.069
543.545 158.092
547.344 159.458
564.213 181.31
488.74 156.868
571.504 185.286
559.234 179.153
533.689 197.541
515.304 153.582
454.767 167.255
583.6 171.223
583.866 197.093
462.689 161.114
482.337 147.626
467.428 142.958
496.659 171.041
468.905 133.285
451.915 143.597
523.309 158.517
498.472 202.199
668.714 214.573
699.197 208.149
682.424 242.835
639.44 210.507
797.274 282.685
704.312 214.366
646.204 201.627
715.289 244.67
802.91 292.712
635.084 198.619
674.246 240.466
608.716 193.741
762.065 259.488
584.642 187.719
760.25 274.857
568.273 167.439
738.027 252.685
648.065 203.332
606.741 181.813
574.918 183.502
570.977 176.84
661.461 221.421
452.02 149.976
343.021 126.03
312.185 120.596
237.196 89.915
328.943 135.471
277.278 100.501
324.622 117.789
450.172 158.428
358.013 126.742
311.14 115.036
367.322 133.577
266.645 108.306
300.759 123.38
266.378 100.061
301.529 129.733
294.223 111.883
263.718 105.303
255.435 95.9407
238.276 92.9721
296.528 114.677
273.182 94.8761
321.863 118.825
728.033 211.442
596.328 167.5
651.406 228.219
636.107 210.305
608.503 193.323
517.656 146.222
612.416 203.475
591.707 185.243
608.859 203.305
685.177 246.434
652.619 240.905
532.715 162.541
573.674 186.844
646.774 224.786
619.16 216.25
707.653 236.882
655.798 220.247
623.099 184.897
731.6 242.623
777.683 246.288
587.141 163.585
725.228 215.314
165.519 68.5384
176.498 71.4589
177.928 74.1254
141.024 66.3174
177.341 72.9833
146.933 59.6712
143.953 61.4585
149.264 60.6449
149.891 65.8977
160.89 77.2583
165.364 73.8758
172.183 75.1358
186.937 77.4128
216.032 90.2785
192.546 81.8998
160.738 71.3162
163.897 73.6632
192.378 78.2103
162.227 67.5364
159.849 68.6193
176.331 75.4052
161.129 59.3611
663.259 187.657
648.299 191.348
671.062 210.856
646.678 202.169
656.154 211.448
656.627 216.829
617.688 196.774
712.182 224.925
538.426 156.92
727.714 257.276
688.551 221.986
641.447 209.922
687.724 214.659
736.717 234.452
595.277 170.191
610.423 177.642
718.696 243.747
504.369 144.838
778.251 251.572
700.083 244.098
642.843 187.878
701.079 206.608
319.709 103.395
272.385 106.87
267.222 111.256
167.602 69.0375
147.161 59.6991
196.474 73.8096
144.3 61.1676
149.522 62.2634
163.821 70.0605
149.382 61.7483
154.294 61.4401
165.849 72.957
187.4 84.4649
132.881 59.3045
215.577 88.7838
109.317 46.7772
160.172 69.0647
124.552 46.8595
182.804 81.836
154.623 69.9012
158.595 67.0097
158.609 64.5192
739.418 137.434
636.468 206.26
831.328 290.403
801.233 271.705
741.463 246.933
760.226 264.619
622.388 191.702
701.142 242.689
696.766 216.801
768.417 263.116
679.521 216.729
697.645 235.249
728.026 256.485
784.982 274.746
723.868 245.818
756.282 263.428
668.32 216.829
665.727 209.229
868.212 307.109
780.945 260.187
647.677 198.877
657.99 217.952
183.263 58.4637
176.484 73.7567
193.59 99.2831
151.857 70.6379
161.481 86.3763
168.096 73.4536
177.019 78.621
203.593 87.5978
177.878 92.2907
173.266 78.5498
201.845 95.4582
157.128 68.0241
161.05 82.71
196.008 84.6017
198.484 87.1257
184.128 84.8287
190.85 79.7714
190.61 81.6098
176.302 95.1086
169.782 76.6005
205.043 97.226
207.926 83.3801
576.649 129.01
610.819 196.648
634.294 194.076
598.095 206.581
640.343 238.084
578.004 208.587
560.048 187.138
616.345 221.178
639.827 215.091
770.692 266.445
662.577 209.169
766.257 291.448
596.248 184.251
787.959 291.392
499.755 147.913
638.222 225.411
579.568 182.876
627.658 195.673
693.412 246.651
774.727 242.217
626.75 136.16
639.199 119.525
330.68 122.003
258.827 91.7277
172.747 67.4736
186.516 85.5178
183.269 79.4274
145.376 62.563
180.643 71.6654
237.421 95.9136
331.689 122.206
306.617 121.611
178.922 81.7102
193.842 96.4304
184.919 76.4689
189.73 91.2033
211.598 80.6219
156.987 79.6874
114.046 48.0278
161.759 80.5795
131.253 53.1449
177.613 87.1981
190.832 95.4341
182.094 69.4338
863.196 228.701
771.843 220.071
1003.86 326.558
849.414 255.243
797.34 272.395
798.596 261.518
790.476 275.312
613.851 203.337
675.651 236.328
756.659 255.779
781.18 260.813
747.546 244.993
858.198 292.844
677.079 222.702
833.462 277.846
819.942 270.482
836.804 296.417
721.29 244.029
834.029 266.311
739.843 269.07
753.318 205.322
725.086 175.765
224.241 80.3762
216.204 88.2816
224.784 104.136
202.719 89.6347
180.834 75.0363
220.373 91.7711
167.872 81.2634
190.402 78.4131
199.626 87.1797
184.405 83.7926
169.488 70.5221
159.363 65.6653
175.394 79.8309
196.805 84.7996
191.125 84.3025
185.703 79.0255
206.958 93.7807
157.096 64.7656
157.868 76.2255
167.777 70.7447
175.924 72.0721
201.035 79.7858
614.016 169.978
621.383 166.488
591.015 203.696
560.67 188.185
569.301 192.962
607.935 218.935
539.812 175.641
560.927 184.871
574.538 176.963
639.321 210.209
620.236 200.213
657.15 222.966
632.671 207.714
665.994 220.239
689.112 211.125
774.123 254.801
628.126 204.145
526.569 179.559
582.737 198.663
653.515 200.918
645.033 174.069
578.856 146.946
204.707 80.3297
157.49 62.6052
200.48 81.939
131.799 60.8824
133.625 60.2962
251.875 100.384
122.304 55.0264
135.623 65.2751
106.598 50.9884
139.086 65.5608
200.297 80.4578
172.048 73.2692
126.166 58.7251
140.891 66.3234
147.08 65.7891
153.954 70.2323
118.921 59.8904
260.073 108.136
118.954 57.7663
118.999 54.4479
135.9 48.7518
169.485 65.009
616.297 125.199
636.979 144.942
621.083 182.395
616.617 192.322
680.608 240.599
617.627 194.59
637.268 202.31
586.48 188.547
529.83 167.129
656.593 213.059
704.164 234.686
624.305 200.675
545.346 176.78
622.875 209.854
663.306 213.275
670.532 217.96
705.01 225.348
699.089 200.213
734.699 208.802
759.775 249.324
765.457 204.803
779.142 131.556
179.839 66.5548
170.477 64.7362
150.309 67.1542
172.194 76.8323
208.059 78.5132
187.581 70.1844
155.01 65.1618
231.14 92.2783
177.413 68.5136
144.676 60.0068
143.34 63.9042
177.243 79.3835
172.731 67.6344
169.169 71.2585
176.425 71.1325
158.788 76.7043
164.06 66.9311
188.487 77.4162
207.241 85.8812
197.906 87.4432
160.135 64.6495
182.357 50.5486
830.777 230.072
803.428 277.943
772.259 258.772
805.734 271.798
840.087 297.32
800.491 290.037
812.918 302.96
703.805 238.362
731.547 260.219
726.882 239.041
922.815 340.96
735.493 234.418
811.928 296.388
789.848 282.179
787.343 262.594
689.07 251.63
757.575 248.873
737.523 251.396
735.658 278.026
760.805 235.494
830.891 239.736
848.672 678.535
169.92 68.2024
251.639 110.789
218.216 93.3445
269.161 106.17
190.057 83.1312
177.968 80.3626
149.527 70.9009
241.147 112.498
176.426 79.0605
247.52 111.361
164.352 78.7462
183.03 80.6636
257.254 112.92
320.857 133.982
197.651 91.3636
208.814 99.4528
179.513 86.4581
303.545 120.711
276.144 114.077
201.745 95.1419
183.663 74.3913
188.91 71.5453
698.325 193.056
823.211 222.458
814.706 244.93
658.82 195.133
789.321 253.329
751.493 226.559
695.209 227.967
684.51 239.185
715.843 246.775
688.093 231.023
695.75 242.965
706.463 234.147
743.365 248.295
766.723 251.583
755.127 235.317
818.107 258.355
722.672 230.954
827.054 252.717
789.854 237.794
769.286 218.271
752.545 219.318
738.106 171.381
158.911 66.1984
133.13 54.6647
146.479 59.2589
129.411 49.6883
146.722 64.4072
130.257 55.4827
141.641 61.5309
137.431 59.3774
175.128 78.9394
110.495 48.5513
121.075 51.5921
143.835 58.6802
173.285 74.7341
134.397 56.5096
169.065 71.9926
152.156 70.1153
200.519 80.032
157.705 69.7228
152.388 68.5533
154.492 64.5836
160.953 69.1126
139.795 55.9548
663.549 197.031
777.111 254.338
622.39 175.19
564.875 171.751
755.51 254.947
714.398 226.575
751.105 253.905
784.365 263.487
771.866 258.403
615.43 205.701
670.303 232.219
752.445 263.202
707.566 224.642
800.067 280.058
606.064 191.597
693.445 245.836
662.572 200.471
664.851 234.586
713.315 236.419
669.063 198.88
707.16 234.342
793.24 240.117
214.551 93.1186
182.112 73.6156
228.101 93.0719
229.176 90.6168
187.756 95.1559
181.641 77.6426
172.237 72.5006
186.458 87.9349
233.053 107.912
205.279 81.1845
223.192 103.439
177.345 86.5942
157.016 60.2664
158.797 65.2776
184.382 78.2086
204.963 95.3454
199.395 82.8919
213.577 98.4381
184.812 81.3443
186.718 79.6649
205.199 88.2306
208.965 91.9226
867.967 241.786
806.853 244.741
907.266 299.127
760.887 218.363
892.249 262.122
817.41 264.423
788.442 262.238
808.459 272.419
829.104 277.189
834.982 278.468
877.521 298.636
783.38 253.808
799.244 275.279
714.19 223.804
737.809 241.991
812.93 287.391
789.823 248.226
821.619 271.159
810.495 275.412
735.147 223.483
901.085 302.402
717.292 209.127
346.812 113.182
370.446 131.744
431.235 150.364
390.985 136.188
326.582 118.53
398.16 136.691
386.45 144.271
384.908 138.953
396.545 131.413
354.075 126.915
411.356 152.7
364.125 130.75
387.976 153.406
412.856 153.074
347.019 131.714
344.599 140.876
343.805 130.307
326.174 117.038
298.365 101.497
369.899 123.47
354.944 139.005
298.078 101.647
551.944 229.904
665.895 218.937
699.88 227.675
636.325 217.129
736.243 278.96
606.918 211.263
634.523 221.153
653.937 216.97
700.582 251.883
596.812 196.308
671.551 244.995
668.413 224.435
662.434 215.619
655.479 212.776
696.676 230.15
736.3 249.549
654.572 218.903
655.529 221.631
684.733 224.619
674.448 211.567
646.937 203.241
681.828 293.102
541.158 257.176
644.955 215.085
567.868 188.105
672.275 232.135
653.147 238.47
693.6 212.088
701.62 232.127
666.878 226.359
597.389 207.034
724.632 241.663
730.405 272.216
631.963 218.459
677.99 223.774
642.275 210.815
632.792 217.003
858.549 283.821
483.61 168.552
823.909 294.895
805.251 249.386
574.428 162.169
654.193 207.816
771.999 312.979
