655.737 6.40728
905.512 237.869
939.395 276.161
804.161 211.888
752.345 218.906
919.542 270.22
939.144 261.531
875.62 245.07
869.428 242.725
857.261 247.031
758.06 206.674
763.958 225.457
807.728 234.907
729.948 220.72
873.412 242.181
697.887 200.23
829.871 218.136
1033.19 294.441
811.951 201.932
843.381 250.991
928.756 267.547
1057.9 322.651
802.133 273.348
1039.39 270.477
882.361 252.29
875.288 220.186
860.337 220.551
863.837 243.18
776.678 220.604
908.7 252.924
863.888 237.514
843.906 252.675
781.974 212.918
724.561 222.781
856.503 228.479
926.395 284.074
789.426 228.213
806.218 217.88
714.931 175.898
836.309 254.112
742.869 182.978
715.451 196.721
777.409 200.461
815.106 252.276
1081.25 283.232
1017.56 262.362
1049.71 311.176
919.156 239.386
1276.04 376.371
1073.42 300.004
963.276 263.46
1040.08 287.067
1251.79 405.885
941.743 248.587
968.697 296.002
886.244 232.142
1123.11 329.219
895.655 274.189
1058.53 307.982
866.448 216.314
1125.19 341.117
951.776 269.449
843.201 209.663
867.08 232.899
838.151 231.322
967.527 269.771
566.695 170.674
449.486 148.398
352.764 122.563
363.573 113.148
454.471 147.882
459.765 152.566
430.647 134.238
605.72 186.092
431.726 141.391
465.781 152.896
474.319 150.69
390.855 147.969
465.273 160.854
409.229 149.907
300.918 275.757
459.179 153.785
444.574 154.719
409.583 135.664
402.588 129.721
473.682 139.619
433.901 153.247
390.283 139.956
1148.84 305.408
870.104 225.32
1006.88 271.304
851.757 218.858
983.36 280.942
797.752 215.298
942.262 270.559
925.935 270.565
899.829 240.366
1021.85 317.659
1066.95 353.048
763.804 209.037
877.402 277.641
937.777 269.727
1033.38 325.104
1014.78 290.007
950.641 258.364
910.884 238.795
1080.16 299.852
1119 276.583
872.115 221.029
1035.33 240.801
237.786 84.7266
259.406 122.789
243.409 98.9099
230.665 104.7
251.71 98.6789
215.868 101.458
211.866 89.4237
216.644 96.0858
236.589 102.08
252.889 109.675
250.876 108.347
272.858 112.484
274.249 113.719
327.092 134.104
281.247 122.802
268.922 110.553
248.892 100.827
304.837 121.343
255.196 96.0971
243.48 95.4374
264.911 91.4409
254.043 86.0667
923.631 211.357
928.206 217.397
995.282 275.282
997.342 266.942
959.092 253.718
983.822 266.246
920.896 256.826
1014.45 297.795
867.717 244.926
1139.74 340.896
1066.04 301.612
965.77 298.384
982.783 276.002
1103.64 298.96
916.126 265.537
939.575 258.562
1058.95 293.137
829.372 209.33
1171.43 322.717
1098.88 327.061
977.857 252.66
1057.94 232.774
467.819 124.312
330.985 119.42
330.788 137.619
256.269 88.7386
225.836 92.8199
262.118 88.3023
223.338 86.1772
243.405 88.8431
228.824 91.0577
213.305 76.9406
256.086 91.9459
258.769 106.117
309.296 130.013
196.131 74.9104
240.893 372.655
187.84 47.7041
265.723 98.9923
192.969 68.0412
277.181 107.527
243.32 95.8055
240.586 85.9421
282.676 120.096
996.853 251.954
909.847 240.136
1166.47 314.8
1126.77 320.53
1032.32 281.233
1039.35 300.411
891.764 238.736
1082.52 315.162
1042.02 297.493
1084.45 325.397
952.606 278.718
994.816 294.485
1079.03 349.754
1108.23 338.572
1093.04 331.966
1119.74 343.723
1023.67 305.228
956.555 254.482
1249.43 356.598
1195.25 346.534
875.592 230.859
947.9 181.785
329.636 147.97
278.356 94.4103
294.186 133.982
261.542 118.251
276.319 147.818
269.002 98.7071
255.213 108.306
307.152 121.978
280.582 136.891
261.401 117.122
276.93 126.302
246.116 110.163
251.997 138.967
302.927 128.35
288.58 127.894
278.945 113.245
288.414 121.947
286.149 113.239
255.407 127.586
267.14 98.2927
283.849 102.971
357.296 131.922
986.73 262.579
966.418 254.264
736.587 205.793
952.209 283.273
937.944 286.852
968.024 327.632
925.406 273.622
1049.23 343.74
954.023 277.778
1068.22 324.575
991.895 289.05
1054.19 324.502
928.061 262.857
1212.65 388.989
783.846 211.058
1089.24 311.116
878.004 265.428
1009.75 305.32
1018.47 271.72
1128.78 285.075
933.822 219.549
926.019 163.691
441.968 338.555
320.133 88.8159
217.201 81.3623
256.683 92.5388
228.408 98.8147
212.255 84.3718
228.878 79.2785
317.648 114.75
399.469 136.315
367.983 126.374
219.506 103.426
250.84 97.7444
221.158 88.4195
249.982 114.253
248.887 87.5531
271.427 121.853
185.283 67.0163
274.431 104.042
244.898 85.4225
298.229 108.888
311.118 148.963
315.24 95.2685
1296.56 260.981
1094.09 259.56
1445.56 369.512
1191.11 311.349
1169.18 344.426
1167.29 315.989
1115.61 334.177
878.209 251.808
991.429 300.454
1134.52 331.66
1099.89 301.574
1053.55 284.872
1238.9 369.273
979.574 266.234
1109.65 321.001
1188.29 328.311
1250.49 379.405
1117.11 308.587
1197.63 336.039
1069.24 343.257
1085.23 269.978
1068.35 253.218
360.933 293.165
333.482 109.019
344.422 112.878
323.572 118.233
232.811 83.7187
327.515 120.915
252.964 113.128
301.399 103.736
288.47 124.453
280.441 105.273
260.766 107.692
259.76 97.9085
294.731 120.49
304.842 131.229
291.518 112.325
287.466 108.985
348.117 138.655
263.651 97.9915
262.324 102.418
268.482 102.522
282.464 90.6067
311.689 94.9115
916.134 155.42
946.524 222.423
910.621 271.583
857.247 242.246
852.995 248.919
859.511 268.336
899.199 272.852
907.603 285.962
926.362 263.741
968.545 286.311
934.48 286.492
1022.83 336.258
883.247 254.743
1000.1 289.344
1051.46 273.307
1139.64 331.43
937.167 275.529
798.125 218.096
893.207 253.598
946.217 246.211
930.489 205.809
929.241 168.025
256.151 66.2887
225.713 64.6537
267.176 104.302
171.734 78.4312
164.959 66.9974
326.601 104.347
171.267 75.1958
208.496 100.362
186.666 81.5813
180.898 78.8044
247.086 101.979
202.688 84.242
182.855 73.0801
243.074 110.911
236.569 98.221
228.866 95.5001
188.752 86.0713
316.484 121.848
183.724 77.8151
186.913 69.9369
223.216 66.3597
258.487 89.9952
930.39 200.093
1002.35 237.871
944.991 223.005
915.06 233.109
1071.67 330.882
930.165 253.003
979.078 259.044
901.702 260.617
844.434 251.921
1098.18 297.915
1053.63 300.411
835.129 220.224
754.663 228.906
836.216 233.516
902.083 262.51
872.237 243.424
937.951 250.571
980.15 258.12
1025.56 313.352
1136.46 312.86
911.876 230.993
1082.41 190.532
262.588 136.725
276.551 80.6589
252.874 98.4483
251.433 87.7053
319.379 100.161
281.239 95.2918
262.192 93.5089
256.524 104.963
210.037 74.061
213.457 77.9728
206.386 76.2266
308.901 143.668
275.649 95.9958
254.088 89.1543
279.384 107.422
272.912 111.146
248.609 85.6149
293.937 111.247
298.22 98.4928
308.257 116.229
243.664 81.6164
278.543 83.472
1261.01 279.603
1127.34 342.006
1245.77 376.42
1212.17 355.096
1289.63 389.452
1150.42 352.974
1217.94 401.868
1057.42 337.246
1088.52 374.171
1100.66 369.312
1250.74 371.045
1068.06 312.547
1263.76 433.29
1176.19 390.508
1138.65 339.874
1081.28 345.332
1206.96 375.634
1164.66 381.059
1075.18 380.322
1154.41 299.301
1310.81 330.935
1367.43 243.603
235.448 71.1262
335.069 118.882
293.397 97.6899
317.326 102.244
254.291 97.5311
257.76 110.033
231.081 87.6471
301.846 129.317
243.619 100.391
305.768 130.507
260.05 105.121
279.238 110.534
356.871 144.703
397.23 149.759
286.288 105.926
343.62 147.712
278.143 114.09
348.883 142.173
332.978 125.863
289.839 120.289
311.555 106.735
321.875 129.393
1142.28 333.338
1187.77 291.938
1152.29 291.587
1003.77 255.209
1242.61 352.142
988.961 263.27
1003.03 276.598
960.697 282.038
1031.35 293.781
1029.41 314.814
991.588 286.49
1003.15 309.177
1112.75 332.652
1123.7 311.792
1064.18 306.595
1231.42 345.931
1035.19 288.812
1238.84 353.442
1172.32 313.78
1107.68 286.388
1069.17 272.188
1101.42 210.321
222.776 77.2
204.268 85.8785
231.116 90.0553
206.717 73.2123
216.834 85.4238
193.596 74.1324
210.204 85.4669
220.717 84.6732
254.876 104.422
192.139 81.0904
200.427 80.3376
210.042 71.705
225.499 84.3443
232.88 91.7674
217.727 74.6749
248.619 107.473
283.092 102.614
236.06 83.5275
242.483 100.771
217.045 86.9591
256.925 100.067
237.125 78.8182
1002.44 343.693
1163.01 336.076
940.29 233.899
882.956 256.829
1122.44 324.687
1076.47 304.385
1102.32 342.375
1116.35 316.217
1132.59 351.394
888.169 271.952
990.188 292.603
1064.49 309.951
951.176 270.953
1239.6 365.089
905.567 256.518
1075.08 310.477
951.229 251.111
1010.94 302.826
1014.5 292.586
994.657 257.911
966.679 0.0184286
1174.39 755.771
352.589 99.8962
197.187 172.881
285.161 100.868
290.732 108.508
271.925 142.01
287.174 119.393
263.431 104.055
275.336 119.395
303.799 126.648
266.577 102.809
257.936 137.869
283.821 130.635
218.851 75.3116
249.024 87.9098
301.734 132.129
298.517 119.264
295.739 113.004
294.034 124.966
304.619 130.92
292.518 117.453
293.195 117.427
338.451 127.946
1432.81 477.716
1082.71 285.45
1282.1 347.296
1154.17 298.354
1229.83 321.97
1152.87 324.013
1169.21 315.922
1133.45 316.405
1218.79 366.656
1078.46 302.013
1190.78 346.526
1107.05 317.237
1113.25 313.648
1076.05 297.776
1133.2 304.833
1261.29 380.812
1076.58 298.066
1277.27 369.764
1186.74 355.294
1021.99 262.182
1260.89 334.076
1110.6 295.373
546.201 168.576
542.05 169.72
652.147 212.59
569.511 150.14
485.424 153.498
606.031 187.031
537.657 182.536
584.776 180.426
586.351 182.861
579.692 186.448
612.658 214.302
581.295 177.828
599.352 214.197
572.792 187.528
510.078 166.743
555.046 190.451
539.741 166.188
514.236 167.407
441.919 123.304
499.01 134.374
570.525 185.314
447.711 123.058
821.269 262.217
937.38 254.815
978.722 269.849
938.584 259.665
1097.52 335.166
959.185 315.685
895.772 285.6
982.108 286.759
1044.05 282.574
890.2 260.619
971.426 311.821
960.465 289.055
973.348 298.916
978.811 289.508
1057.86 290.603
1041.44 288.093
903.023 244.571
980.899 262.482
1058.69 280.036
1012.45 284.279
970.61 286.289
926.98 347.617
791.958 305.421
670.665 5.97529
920.418 270.025
1005.52 263.952
965.966 283.234
1088.53 318.723
949.257 266.429
979.228 251.354
966.758 278.84
1116.06 311.494
1037.87 308.168
887.028 262.216
1066.9 298.885
935.446 267.019
962.66 272.162
1314.46 339.182
715.395 188.19
1209.62 357.713
1310.83 340.213
839.187 224.756
950.297 287.156
1264.97 371.482
