919.671 291.991
910.661 245.566
928.554 278.975
801.677 224.659
762.886 225.457
915.372 267.115
932.99 250.261
868.42 244.383
857.766 242.162
848.85 242.813
759.181 209.908
755.521 221.611
803.554 236.369
720.844 211.909
883.083 250.407
686.25 194.14
834.118 222.295
1023.65 286.551
807.967 209.268
832.218 227.401
928.043 253.648
1062.14 344.979
787.969 259.035
1033.61 274.595
871.561 250.133
871.651 222.663
861.411 221.811
862.576 242.246
767.549 210.075
907.676 258.713
859.561 242.531
850.058 255.035
778.542 210.505
733.046 230.448
852.999 225.265
913.583 269.423
790.271 224.531
787.765 209.232
716.811 180.328
819.822 232.464
741.259 185.644
715.359 190.247
782.301 201.927
805.63 247.639
1070.38 290.989
1025.09 257.047
1058.43 317.888
926.4 235.946
1268.28 377.856
1074.31 298.777
963.223 255.46
1024.07 284.719
1240.94 388.273
934.071 247.532
976.151 301.755
906.574 251.733
1119.48 322.729
886.741 252.058
1048.04 309.041
862.542 214.794
1120.96 321.131
948.219 260.018
843.933 215.074
857.647 229.034
837.017 224.077
977.344 291.677
442.669 165.139
455.658 143.742
345.95 111.555
370.198 118.312
447.856 149.017
452.533 140.793
426.157 134.936
592.25 179.741
426.019 136.628
462.62 143.059
473.9 148.232
390.483 139.686
470.589 161.43
404.867 133.133
406.04 138.512
456.451 149.278
434.279 146.982
414.392 131.21
395.373 130.75
469.916 149.031
435.922 144.976
377.696 123.451
1150.9 299.287
875.331 211.665
1003.21 271.975
844.555 222.162
964.286 277.639
794.619 208.909
943.799 272.471
920.264 260.957
894.786 250.887
1004.52 304.643
1072.58 340.092
763.099 206.157
878.065 272.692
924.179 274.876
1022.45 303.001
1001.96 288.388
943.628 256.222
892.94 230.749
1070.65 288.478
1113.63 280.9
865.169 209.092
1043.45 238.403
243.882 89.0014
241.141 93.71
237.221 90.4914
229.393 108.102
245.293 96.2388
216.118 92.4047
214.461 86.1434
216.258 87.636
227.443 93.9651
256.689 111.377
243.201 104.346
271.127 109.831
276.305 103.101
327.767 122.781
277.457 109.669
265.109 110
247.46 100.721
302.355 116.763
248.691 97.3908
243.689 92.5893
264.026 97.2922
254.349 100.005
957.645 237.561
926.334 220.619
991.315 273.237
990.83 264.026
955.607 257.229
988.038 274.306
910.652 248.927
1010 281.372
870.587 240.566
1138.63 344.211
1062.59 302.106
946.348 281.746
973.149 266.165
1094.76 304.715
913.321 254.309
926.793 250.42
1068.59 295.284
827.038 220.81
1170.5 314.525
1098.94 309.012
975.432 242.622
1059.62 246.393
471.096 176.661
329.513 115.49
318.122 119.422
256.672 92.692
226.416 88.0789
264.838 92.101
220.195 86.8953
244.193 87.0118
228.221 96.995
211.481 83.1669
253.184 93.1509
257.645 110.234
304.639 125.128
182.476 74.5426
309.704 116.318
169.204 69.4324
262.685 96.6316
193.823 67.9706
274.111 104.195
244.725 99.9577
246.617 94.1076
278.592 104.108
975.126 232.205
908.043 222.791
1163.82 319.365
1117.98 312.861
1029.99 280.195
1038.71 293.603
893.158 239.377
1084.76 328.245
1039.2 294.423
1069.09 313.789
946.242 265.387
999.106 290.477
1066.78 337.291
1109.24 337.179
1092.39 325.29
1111.5 323.382
1029.8 294.737
960.138 253.695
1247.21 349.858
1172.58 326.928
876.404 221.112
939.534 218.33
301.87 127.373
278.569 97.7165
291.451 124.565
261.485 110.748
276.207 139.663
263.822 98.357
252.967 107.19
303.541 116.724
279.983 136.23
260.152 112.174
276.791 120.289
245.547 104.229
257.492 130.088
299.972 119.202
286.722 115.657
279.976 118.327
286.742 112.908
285.562 106.744
257.909 118.519
262.416 94.7468
281.758 105.643
355.579 126.175
992.14 263.324
953 247.391
733.52 204.614
938.295 274.112
935.113 295.749
964.061 304.071
918.773 268.827
1051.9 339.794
955.132 284.006
1061.91 317.203
994.777 296.889
1062.67 329.927
917.112 258.073
1217.34 381.08
788.365 214.939
1081.62 328.309
865.925 253.094
1009.68 290.745
1020.15 285.614
1116.26 278.174
924.943 209.894
936.99 188.305
471.684 176.881
319.596 93.2389
219.644 82.3658
254.96 96.0775
234.339 95.379
215.279 80.2838
229.266 81.2556
312.974 113.64
398.025 128.901
366.405 124.657
217.284 98.0034
248.34 107.184
218.675 89.9905
250.877 119.23
250.177 88.5676
267.63 119.475
184.417 68.2464
269.046 107.114
243.257 91.0086
298.217 115.703
309.225 125.377
305.621 90.1085
1324.17 275.708
1094 253.294
1445.27 365.594
1195.06 307.37
1176.68 343.766
1162.86 314.243
1131.49 348.554
883.457 262.165
979.487 292.561
1124.75 322.806
1101.71 303.86
1056.19 292.403
1237.02 374.213
985.341 275.585
1104.81 315.301
1192.23 332.705
1239.31 369.117
1108.06 307.818
1187.04 337.361
1061.36 318.921
1074.75 247.866
1060.15 269.102
353.332 126.942
329.545 110.33
342.472 123.266
324.06 117.013
236.039 89.0446
331.201 115.924
254.756 113.196
301.312 101.126
286.473 116.724
280.974 109.381
258.742 98.2772
258.361 100.281
294.644 122.827
302.703 124.338
293.169 114.766
286.557 102.998
348.56 141.882
259.909 96.2229
262.603 99.7236
272.915 112.405
282.338 90.2317
316.917 98.9211
927.713 192.457
934.787 210.529
888.418 253.75
852.545 236.385
853.088 244.21
857.163 256.549
895.504 259.977
905.151 263.547
933.783 267.145
972.867 298.207
933.519 282.672
999.593 323.894
870.267 248.243
1000.19 287.853
1044.32 284.181
1130.4 316.274
935.318 270.654
791.573 223.254
886.625 252.085
934.445 241.524
943.969 209.74
957.098 213.459
252.461 90.8649
225.4 69.2154
260.373 93.6952
174.61 70.2242
162.935 68.9667
323.998 109.332
171.238 74.5151
206.878 90.0927
187.563 78.7262
181.103 83.805
246.809 97.7015
199.988 83.2551
183.355 75.0328
238.743 105.171
234.983 95.0305
234.489 94.0222
190.167 94.091
314.611 119.082
183.879 72.7838
182.766 70.0143
221.76 74.3463
259.435 83.6294
938.994 208.437
993.648 220.343
944.369 225.118
920.071 235.047
1061.8 310.278
926.585 259.334
969.416 268.53
902.24 249.677
840.233 241.066
1083.69 306.61
1051.39 304.978
837.521 227.067
744.861 216.179
836.545 241.409
892.117 257.434
867.713 240.686
941.745 255.582
971.64 248.12
968.98 238.397
1127.71 290.083
907.316 216.1
1091.5 215.527
229.419 95.2184
273.104 80.0665
248.033 94.3309
255.262 88.3065
319.691 105.951
280.7 92.328
257.792 97.6761
252.344 104.989
210.834 73.4989
209.503 77.5602
206.07 81.246
289.005 112.559
272.479 97.7337
254.273 95.4567
277.918 101.911
269.754 105.688
249.396 83.7221
289.732 101.61
299.793 102.358
305.553 112.414
243.254 74.6434
280.205 73.5427
1274.97 314.978
1119.74 315.655
1210.26 351.65
1222.03 356.628
1284.48 383.439
1144.57 346.605
1228.66 390.974
1053.13 332.791
1057.58 338.629
1098.59 347.255
1251.56 375.913
1052.69 298.393
1266.46 430.832
1164.13 391.685
1148.62 351.036
1066.1 323.979
1205.89 376.787
1148.08 358.084
1061.19 359.1
1156.3 308.812
1305.02 312.168
1363.52 311.874
240.481 78.5156
331.303 114.509
294.121 103.392
318.892 114.63
257.915 97.3919
259.754 108.457
232.419 94.2577
305.752 143.847
243.519 99.6277
297.92 124.415
258.697 103.963
276.927 111.005
357.041 144.1
391.609 150.477
290.053 115.413
334.934 143.105
279.212 114.582
341.411 133.386
333.709 120.077
289.249 121.699
310.383 108.806
313.01 0.0309784
1016.23 217.219
1169.03 264.593
1137.83 285.952
1007.58 251.729
1241.87 351.393
982.155 250.299
1011.86 293.115
967.856 286.989
1014.68 295.525
1019.59 303.686
999.899 292.085
1005.27 295.771
1106.58 326.697
1115.72 311.866
1057.34 296.839
1236.44 352.927
1032.88 285.172
1235.49 334.713
1170.35 315.07
1108.8 285.856
1059.64 264.133
1103.78 240.933
216.397 4.65897e-05
203.441 78.5362
229.537 88.922
201.074 77.239
216.664 91.1254
190.888 72.2833
215.006 87.3943
222.184 86.9776
256.371 103.752
189.311 78.6044
200.332 78.2199
209.503 76.6659
225.714 92.253
228.83 91.6347
221.099 86.4406
246.669 102.536
286.556 103.633
235.668 87.1385
240.699 101.028
221.491 87.8633
253.25 97.8505
242.681 90.7019
964.664 265.283
1160.57 338.607
940.939 240.544
884.946 244.094
1121.03 338.967
1066.5 285.42
1094.53 319.937
1104.21 315.068
1129.21 337.226
882.769 261.744
987.833 293.578
1044.22 298.918
944.316 265.867
1238.4 363.832
888.261 242.994
1070.74 325.828
962.322 262.747
1010.44 297.466
1012.03 280.581
993.404 261.725
1018.37 278.646
1215.98 295.3
276.276 110.819
259.46 88.0747
281.6 98.4292
293.838 111.494
267.133 121.042
289.421 111.545
275.227 102.72
276.477 120.856
301.354 137.347
267.446 102.263
265.822 129.99
285.372 129.16
218.255 78.0267
252.277 89.4868
300.812 132.401
301.164 124.404
294.211 109.027
296.295 128.576
308.337 123.707
289.61 118.219
290.384 119.294
353.563 121.075
1275.19 336.318
1074.92 269.837
1271.25 338.761
1145.85 292.789
1237.64 321.397
1159.94 317.964
1173.05 323.099
1118.77 314.711
1212.88 358.829
1089.17 311.25
1194.26 337.231
1101.86 321.146
1119.97 316.477
1071.85 299.897
1124.6 302.952
1243.31 366.449
1074.65 286.965
1268.93 364.948
1166.64 337.416
1029.28 263.354
1250.76 335.194
1111.15 307.216
537.583 157.869
532.078 155.334
636.007 199.505
573.574 171.136
483.924 155.632
605.532 179.676
534.255 176.435
579.163 174.4
592.382 187.733
577.429 180.951
616.318 202.731
582.416 190.389
590.776 196.184
567.585 182.727
509.111 165.295
539.171 180.119
534.597 160.993
509.915 159.437
439.841 121.445
502.192 136.274
570.303 194.863
450.078 129.832
827.167 274.932
938.863 264.804
982.927 264.521
938.957 256.066
1094.82 331.444
944.536 283.466
882.913 268.032
969.297 280.063
1033.02 294.9
888.691 255.994
973.822 296.759
958.505 291.602
966.815 274.737
966.166 284.093
1049.01 293.869
1043.11 292.305
906.004 243.795
987.891 283.401
1052.53 286.769
997.069 279.925
974.675 277.589
1007.47 323.007
846.471 282.824
917.028 230.34
922.303 249.295
1003.42 271.427
948.793 269.969
1065.52 290.875
938.82 254.288
976.58 252.389
964.016 288.168
1121.14 328.304
1035.67 307.989
891.236 260.524
1058.48 293.206
929.707 255.651
958.061 279.614
1304.04 347.002
725.077 195.953
1216.15 346.013
1284.25 338.903
845.551 223.657
953.683 271.319
1225.96 394.785
