919.718 294.729
906.243 238.742
932.153 273.437
798.873 223.777
756.109 225.395
918.127 273.025
937.108 252.281
867.451 246.946
860.911 245.563
849.087 243.774
763.924 218.393
757.086 220.389
806.725 238.015
719.96 218.218
881.474 251.748
687.356 195.91
832.994 221.758
1022.93 287.491
807.511 203.9
839.296 244.684
927.74 254.569
1062.91 346.091
792.988 258.621
1032.04 277.397
876.985 251.474
872.422 220.6
820.101 304.24
624.262 1.01595
772.428 216.267
906.762 257.795
861.963 238.109
850.781 258.111
780.091 207.785
736.508 231.547
858.32 231.121
914.416 277.712
793.497 226.485
794.726 213.355
713.608 175.39
816.651 238.538
740.115 184.022
714.876 191.998
777.005 200.692
807.66 250.736
846.345 667.078
1021.79 252.338
1054.27 317.292
927.237 243.022
1277.67 383.126
1071.01 293.58
968.896 266.095
1026.78 277.243
1249.65 404.551
946.929 254.939
977.331 299.565
897.969 247.547
1120.47 321.488
896.94 265.652
1053.31 309.355
862.272 213.836
1117.78 333.404
950.668 268.575
843.671 212.536
869.061 240.819
839.029 231.669
1180.39 435.283
570.874 183.322
455.471 144.724
346.415 111.812
365.261 109.878
449.781 149.212
451.494 140.291
428.569 128.821
596.763 186.835
430.126 142.121
465.365 146.83
472.515 145.064
389.253 143.6
470.268 164.104
407.154 135.882
404.777 138.485
459.986 151.775
438.457 146.44
414.377 130.061
398.163 127.874
472.69 144.151
437.287 150.479
381.914 125.083
1167.03 305.53
999.014 308.45
1000.72 277.393
845.11 210.689
972.587 280.389
796.985 213.09
944.713 281.271
921.684 266.601
899.138 245.308
1015.82 314.527
1070.63 348.671
766.591 209.811
872.355 268.941
929.724 267.958
1025.82 313.082
1004.91 290.992
945.339 252.395
900.573 235.303
1072.22 302.067
1115 278.862
871.546 218.717
1034.87 240.175
203.414 176.447
241.849 93.4893
240.499 93.1694
229.919 104.977
247.628 98.4039
216.542 95.8838
212.33 85.3273
218.072 91.7628
228.994 96.9012
256.719 107.675
243.798 102.679
272.988 108.386
274.901 110.39
327.051 127.028
278.039 113.725
266.332 113.223
249.457 101.438
305.897 121.014
249.719 95.2383
243.019 91.2524
265.975 92.4775
254.6 95.8143
952.933 238.024
920.325 210.902
993.82 271.842
995.291 277.836
960.753 254.771
988.046 276.506
914.767 249.864
1017.29 290.214
870.872 249.636
1132.81 342.197
1069.9 294.48
950.629 285.186
970.378 261.787
1099.2 307.787
918.908 261.247
931.447 253.162
1064.49 293.173
832.218 221.879
1175.06 322.591
1097.3 314.449
974.525 243.767
1129.37 275.669
467.622 131.058
329.137 110.902
341.881 144.054
258.581 91.5895
226.721 91.5886
264.285 91.8195
221.88 85.4128
243.588 85.1599
228.334 93.6665
210.934 83.5112
255.038 90.0574
258.4 105.974
304.121 125.819
182.804 69.9743
311.461 115.812
168.498 68.8582
264.203 101.849
194.053 67.7946
275.745 106.878
247.286 94.9125
247.361 95.2325
281.115 108.464
987.114 260.955
923.935 241.132
1162.04 320.173
1120.77 316.244
1030.85 275.718
1043 298.351
900.137 246.342
1083.09 316.984
1034.6 292.079
1075.91 316.709
948.773 270.881
997.872 298.839
1067.27 331.347
1107.06 337.108
1092.39 331.877
1116.82 328.456
1031.51 292.94
960.513 255.134
1249.53 349.064
1194.13 339.627
876.87 225.656
955.643 218.844
335.143 249.035
279.654 98.3211
293.075 122.454
262.921 114.296
278.704 131.477
265.018 94.3088
254.392 110.433
304.289 116.36
279.221 130.834
281.133 144.487
275.852 121.098
243.545 104.575
256.058 130.436
301.78 119.536
285.662 118.953
278.92 107.104
286.63 114.609
284.404 108.112
257.653 127.602
264.94 92.74
278.526 103.685
354.325 117.225
1000.01 254.094
952.461 249.906
737.954 202.075
949.32 273.374
940.046 292.801
970.488 315.299
927.666 273.361
1045.51 343.012
953.974 285.877
1066.57 321.104
994.462 298.529
1059.01 325.722
918.782 258.366
1216.46 389.277
788.347 215.025
1088.01 327.888
871.134 263.852
1019.53 302.599
1017.2 274.444
1120.34 270.017
927.896 211.888
942.573 188.24
462.849 124.167
316.985 90.0515
219.665 76.2483
257.997 97.4566
234.783 97.5474
213.557 81.4811
230.972 83.0335
313.34 116.665
398.292 134.025
367.776 123.605
218.18 100.208
248.033 103.201
218.722 81.8049
251.7 117.991
250.04 87.2186
268.538 115.674
185.197 69.1169
270.721 104.499
244.207 92.0601
298.711 113.117
309.946 125.943
315.967 108.008
1312.16 261.384
1096.27 253.354
1436 370.351
1194.67 319.127
1180.5 348.991
1161.14 312.576
1133.72 359.085
882.217 260.734
985.791 298.468
1127.86 323.486
1098.11 290.075
1046.53 282.601
1239.25 371.729
985.039 277.939
1102.58 316.676
1193.47 329.897
1247.74 377.779
1113.93 313.326
1195.92 338.389
1066.85 331.329
1079.54 256.602
1059.98 254.262
356.365 132.567
332.105 110.007
340.65 119.654
320.796 117.702
234.955 89.3702
329.802 116.944
255.819 116.776
302.378 102.147
287.816 123.79
282.163 104.881
259.089 100.246
257.824 103.068
294.002 121.672
303.338 122.127
291.605 115.41
287.263 105.268
346.306 135.765
260.282 95.8439
261.56 97.4558
272.805 104.477
218.234 173.62
312.692 90.0468
922.431 200.501
932.441 205.47
892.852 258.358
849.786 235.936
854.825 244.979
859.879 260.89
899.913 262.694
910.374 280.186
930.224 267.608
966.526 290.659
937.801 291.826
1014.98 334.861
873.022 251.003
1002.3 289.625
1046.41 280.273
1132.96 320.167
931.975 271.689
755.911 299.789
888.345 253.218
937.375 242.319
939.251 207.855
943.682 193.08
256.134 81.7032
224.871 66.6362
262.13 90.382
174.044 76.7311
164.706 67.9997
323.396 108.432
169.8 75.0862
206.387 96.6787
184.952 81.3471
179.877 76.9092
247.551 101.783
202.088 85.9287
182.986 74.8715
239.086 108.809
234.282 95.2458
230.883 94.8203
187.657 93.9464
313.102 116.96
183.833 75.8647
185.843 70.6074
243.73 120.909
265.524 81.216
938.53 202.794
993.765 233.464
941.226 222.465
914.596 236.453
1064.88 315.221
928.628 255.774
973.906 262.758
901.368 256.808
840.401 243.424
1088.5 300.982
1050.16 295.383
837.189 227.402
747.809 221.41
835.121 240.417
896.786 261.984
820.096 304.689
1030.42 313.887
974.26 249.449
971.998 238.84
1131.46 305.631
904.686 215.993
1100.04 218.065
280.255 93.5027
273.807 81.1566
248.072 94.1483
253.518 90.5497
319.845 102.493
280.743 92.296
259.637 93.8836
254.073 103.827
209.389 73.1348
210.718 78.2268
204.587 76.1131
288.36 113.178
276.013 97.8313
254.043 95.5499
280.008 105.345
272.201 109.076
247.447 81.5235
293.553 103.517
300.463 101.784
304.179 116.482
243.666 78.3474
275.466 73.8852
1296.84 329.619
1135.08 324.607
1218.48 352.865
1231.13 367.348
1283.99 384.817
1151.7 350.286
1224.41 388.583
1057.5 344.719
1071.13 354.455
1104.09 356.357
1256.04 380.996
1059.76 309.888
1255.49 424.967
1172.64 392.098
1140.67 332.398
1073.44 335.684
1198.68 368.098
1152.29 358.739
1066.99 364.328
1153.55 308.02
1299.12 303.361
1380.63 311.413
203.771 144.106
329.782 119.4
293.505 98.9821
316.158 111.197
255.423 96.4843
258.027 110.028
232.241 92.7146
301.537 137.067
242.785 100.002
305.829 131.442
261.572 104.97
275.921 110.047
357.268 147.135
390.223 146.394
288.269 111.707
339.958 148.156
280.062 117.707
345.967 133.158
332.016 120.307
285.981 122.419
308.806 105.869
306.812 122.572
1020.05 203.976
1175.54 279.601
1137.9 282.385
1006.05 255.222
1244.86 342.193
985.781 259.416
1012.4 286.551
962.821 281.026
1020.73 288.262
1028.29 312.464
999.965 291.287
1006.61 301.501
1109.33 329.241
1114.29 301.361
1054.61 299.611
1235.76 342.652
1032.15 277.771
1229.99 333.997
1171.07 317.796
1115.57 287.824
1062.9 268.111
1097.74 221.102
222.591 94.3227
203.603 79.8472
228.248 90.5345
203.923 77.5902
242.482 117.405
190.03 74.8094
214.015 85.2943
221.564 83.6593
258.089 107.444
191.077 78.0858
200.237 76.8528
208.869 74.4075
225.71 87.6562
231.57 94.9249
218.462 80.7469
248.766 104.849
286.133 101.888
235.568 87.159
241.318 100.378
219.582 85.1753
257.059 99.4297
241.079 96.9759
971.347 288.989
1169.98 334.767
937.444 238.269
878.671 245.303
1128.24 339.937
1073.33 293.221
1088.64 332.977
1105.47 310.598
1125.84 338.234
884.885 270.366
984.074 291.012
1054.66 304.554
949.576 268.298
1239.31 368.481
895.009 244.623
1071.18 316.042
962.442 261.207
1012.29 299.247
1004.6 282.545
986.89 252.812
1017.65 280.959
1233.63 302.167
285.329 99.5498
260.867 90.1961
284.105 100.382
292.174 112.288
266.784 132.237
286.459 120.986
267.458 107.202
274.613 119.578
303.244 132.207
264.884 99.5782
262.365 143.729
285.558 128.737
218.487 77.658
249.481 89.5719
300.748 136.131
300.746 119.244
294.063 108.648
296.261 130.336
353.909 148.949
291.334 119.362
291.619 123.794
490.154 166.028
1276.04 324.818
1073.37 285.542
1264.21 333.641
1148.07 295.027
1235.18 318.898
1159.53 318.412
1165.17 318.082
1124.64 313.474
1219.86 366.733
1089.12 314.413
1189.17 339.63
1105.7 316.658
1124.12 310.339
1080.77 304.259
1129.91 307.49
1250.86 370.483
1076.82 286.08
1270.82 371.04
1170.52 338.001
1028.04 257.358
1249.65 323.632
1108.31 307.909
542.072 167.312
533.264 160.541
638.128 198.626
571.355 162.288
486.046 158.473
607.456 181.52
535.72 184.591
583.124 179.948
593.202 189.433
579.438 184.882
611.929 206.99
576.575 178.815
593.372 207.041
571.174 187.936
509.792 165.325
546.346 185.175
539.034 164.583
513.092 164.032
439.051 122.188
501.088 132.452
570.117 185.669
452.06 129.666
821.381 269.53
939.021 259.486
980.173 261.565
936.439 258.949
1097.98 332.078
949.91 301.654
880.98 268.031
976.673 279.006
1038.21 286.904
891.178 262.809
978.805 303.785
953.88 285.522
974.051 280.85
973.764 285.637
1053.88 293.08
1044.52 300.631
907.919 253.87
989.061 266.357
1060.96 284.145
1002.07 286.747
970.136 276.735
1009.29 301.521
850.143 290.35
918.8 232.63
926.48 261.088
1002.73 265.594
953.576 276.933
1078.59 309.049
943.997 259.467
979.003 257.728
963.697 288.356
1114.63 321.711
1035.88 302.697
884.924 257.734
1060.94 292.17
932.466 259.35
950.974 273.343
1317.62 351.565
722.224 194.165
1215.03 355.208
1292.91 326.365
846.025 226.228
952.395 274.077
1246.62 392.057
