920.202 292.224
910.322 244.283
928.424 277.944
799.045 223.219
759.667 225.568
916.794 272.797
936.061 252.301
871.464 251.644
861.253 241.724
849.117 245.274
761.239 216.004
759.023 224.043
806.215 237.048
722.878 219.824
843.231 300.129
687.031 194.737
834.383 220.936
1022.71 285.029
807.636 209.825
832.982 234.525
925.909 248.438
1063.47 346.971
782.751 252.062
1035.14 268.397
876.626 252.066
875.969 223.04
857.662 220.236
862.442 245.246
769.904 212.398
906.709 254.169
791.478 305.078
618.68 11.3379
554.521 394.282
539.491 454.871
855.983 230.005
912.086 267.491
790.526 220.45
789.74 210.464
715.016 177.062
821.416 236.642
741.822 184.264
712.746 192.023
782.719 205.273
807.13 254.257
1075.87 289.514
1023.02 251.596
1056.13 323.828
927.385 239.321
1275.02 382.281
1072.32 295.833
966.815 266.344
1022.42 277.941
1243.79 392.824
939.339 247.324
976.295 303.668
902.228 247.912
1118.64 320.127
889.012 257.829
1047.44 311.058
861.179 215.541
1124.2 337.173
953.158 267.457
842.793 212.745
860.897 237
835.688 223.676
977.693 287.824
570.685 182.125
454.777 140.498
346.902 108.563
368.627 112.365
447.683 145.832
454.883 144.407
424.558 129.609
593.842 181.651
428.562 141.003
462.514 144.083
472.334 145.543
389.488 143.008
469.954 162.586
406.212 135.674
404.282 137.899
456.228 149.707
434.519 144.666
415.402 131.183
396.113 128.439
470.795 147.459
437.204 147.945
379.211 118.815
1163.25 300.861
876.737 214.168
1000.02 276.527
845.85 220.003
968.714 276.186
798.787 214.787
944.03 275.024
919.477 258.84
896.39 250.188
1008.19 311.914
1069.2 341.618
764.899 208.006
877.753 271.216
928.571 274.267
1023.24 307.519
1005.38 289.114
943.449 252.831
895.715 229.268
1070.5 292.361
1116.2 281.487
866.935 209.381
1028 231.258
246.842 92.0902
241.289 93.8106
237.389 89.8531
229.903 108.601
246.051 97.1662
216.704 96.986
214.141 85.3489
217.2 90.762
229.221 96.0287
255.337 112.475
244.164 104.111
271.848 111.323
275.683 105.55
325.656 121.078
276.839 111.295
264.679 109.105
247.027 102.159
302.342 117.706
249.328 95.3783
242.654 93.2955
265.785 94.9377
208.944 299.81
1151.63 304.886
922.791 217.553
993.971 275.509
994.958 274.282
959.182 255.679
986.432 270.267
911.864 249.611
1011.51 282.184
872.119 247.424
1131.26 337.783
1067.32 299.191
947.79 282.494
972.571 264.582
1096.14 306.479
913.318 255.388
930.755 253.897
1068.22 295.796
829.277 216.469
1173.09 318.805
1092.73 314.322
975.704 244.177
1066.63 255.8
471.012 138.717
330.726 115.097
319.422 119.717
258.34 91.6713
226.775 89.6992
264.721 90.1237
219.991 86.7702
244.996 87.4246
228.08 98.0005
210.558 82.9557
253.536 92.6274
258.22 107.704
306.622 129.259
183.8 75.4187
309.139 117.162
169.978 67.6073
263.062 99.4218
193.933 68.2378
274.003 104.854
246.781 96.8857
247.831 92.4213
278.894 103.437
973.821 240.571
912.536 228.527
1165.64 316.21
1116.8 314.841
1031.47 279.055
1040.93 298.447
897.917 245.669
1085.4 321.85
1037 293.303
1069.36 317.39
944.856 264.488
1000.24 294.924
1073.8 336.394
1105.27 331.704
1091 328.527
1113.74 323.831
1031.07 290.294
964.108 258.637
1250.55 347.838
1183.23 332.223
870.85 219.29
949.614 212.59
304.265 142.292
278.357 98.9727
292.449 121.058
262.566 114.33
277.719 136.773
264.775 94.4834
253.733 109.163
303.917 115.672
278.133 131.962
259.779 112.126
275.762 120.099
244.838 107.182
256.25 130.206
300.934 118.366
286.293 118.05
279.543 115.402
287.648 114.634
284.42 106.827
259.556 119.206
264.739 93.0452
279.895 107.649
351.41 120.432
1012.48 279.691
952.295 253.679
736.084 203.99
943.082 278.343
941.871 296.039
967.566 301.131
923.627 270.816
1050.55 335.959
958.965 287.473
1061.79 315.618
992.99 294.997
1056.52 328.542
916.407 261.378
1212.96 381.62
789.073 218.413
1080.42 320.894
868.257 252.985
1013.37 295.436
1020.57 278.354
1122.89 276.275
928.717 217.518
941.95 186.934
410.052 149.803
317.411 92.2418
220.697 80.3185
257.385 98.9895
235.13 97.3967
213.634 76.9817
232.179 83.1096
313.97 117.075
396.519 129.869
366.207 123.719
218.641 101.531
248.945 105.175
218.307 87.492
250.96 115.304
250.61 86.2587
268.19 118.635
185.179 66.6333
272.033 106.87
243.829 92.0982
297.367 113.537
309.733 119.816
308.962 97.4227
1311 265.512
1104.92 263.262
1443.73 366.687
1196.8 313.82
1178.82 341.165
1161.84 312.429
1133 348.619
882.347 258.481
987.225 300.268
1122.31 321.194
1103.4 298.43
1052.74 289.333
1237.06 368.031
988.33 276.223
1103.82 322.458
1195.72 333.932
1244.87 378.271
1110.87 311.676
1193.3 334.638
1064.89 323.94
1077.69 258.817
1057.54 247.397
357.837 132.094
331.47 108.968
341.824 122.022
323.422 117.116
236.235 89.1092
328.523 113.905
257.191 114.682
302.949 102.325
287.986 118.279
281.028 107.749
260.464 101.036
258.108 99.3465
294.41 120.279
302.886 121.944
292.27 116.286
286.81 102.562
349.004 137.853
259.255 92.9609
263.881 98.2739
274.974 110.909
281.358 92.3301
337.849 150.007
927.11 188.73
938.884 211.815
889.381 252.506
850.879 236.321
852.895 244.079
861.742 259.34
899.639 259.779
907.988 271.806
930.255 270.159
967.249 292.947
934.714 287.769
1008.11 327.092
874.001 249.526
1001.8 288.057
1047.08 289.165
1131.42 317.566
934.467 268.685
790.307 221.311
881.331 247.008
937.657 239.896
940.075 211.319
943.366 202.51
258.647 80.3537
224.439 67.3635
259.415 87.6382
174.218 72.9694
163.253 66.7733
323.554 106.497
170.873 71.2562
206.209 91.9605
186.922 80.0125
180.419 80.1797
246.367 99.2387
201.226 85.6964
184.336 75.9419
238.759 104.903
235.347 94.0579
232.704 92.3348
189.723 96.9156
316.192 120.417
183.563 75.3253
185.205 69.5009
224.089 78.4621
261.136 149.056
938.29 221.702
994.985 228.968
944.787 221.946
914.38 231.735
1060.53 310.082
928.585 258.677
969.827 264.724
901.711 252.015
840.42 241.158
1086.03 305.217
1052.24 301.556
834.897 225.524
745.578 217.388
837.195 240.404
894.59 262.124
869.168 238.792
942.355 248.132
970.481 248.562
969.35 238.428
1130.04 298.045
900.975 211.3
1093.2 209.771
275.256 89.028
273.897 83.0429
248.619 93.1299
255.785 90.2184
318.722 103.601
280.864 91.7096
259.264 94.7644
252.481 102.826
211.634 74.6201
210.337 77.445
204.287 76.692
289.556 115.019
273.397 97.2838
254.316 93.8544
278.985 103.477
271.018 106.428
248.668 82.0987
291.594 102.802
300.39 100.825
303.977 114.003
243.342 75.4224
279.031 72.3978
1294.23 331.732
1132.36 320.679
1216.11 358.313
1222.27 354.904
1295.68 387.405
1148.24 351.129
1221.63 390.754
1058.64 337.281
1063.73 339.562
1102 349.833
1259.86 383.896
1060.48 313.198
1264.85 434.602
1167.24 386.045
1144.22 343.591
1071.03 331.039
1197.33 368.61
1154.82 362.336
1068.02 354.951
1157.3 312.326
1298.23 309.441
1501.3 395.594
243.964 81.4325
330.458 118.334
293.874 101.767
315.319 110.224
255.965 95.7582
260.298 110.061
233.746 94.5458
306.627 139.606
244.624 96.4235
339.088 155.727
259.704 104.59
276.841 108.523
356.778 145.252
389.744 148.327
290.2 114.13
336.937 144.528
280.283 116.953
343.355 134.62
332.383 120.902
288.281 122.073
309.863 108.407
310.389 124.785
1011.78 206.15
1173.39 274.05
1138.63 287.015
1007.5 252.4
1240.76 338.316
984.19 256.226
1011.31 294.079
963.311 285.024
1014.45 293.319
1026.3 311.047
1000.75 288.36
1009.63 302.517
1107.59 328.54
1119.45 312.067
1053.89 300.391
1236.48 350.362
1033.81 283.37
1231.98 332.963
1170.27 315.487
1114.1 288.221
1055.94 262.614
1272.6 305.442
218.789 90.6298
204.606 79.7747
228.603 91.4513
202.615 78.1943
217.302 89.9521
189.945 74.5583
215.012 85.14
222.011 84.9805
254.875 104.446
190.136 80.0023
199.767 75.1185
210.383 79.3148
225.914 89.0076
228.672 94.5402
220.143 83.8891
249.713 105.152
286.767 106.884
235.888 86.1188
240.897 101.193
223.978 84.6874
256.091 100.019
240.27 88.7506
962.064 266.109
1163.57 327.972
940.427 240.578
883.813 247.224
1126.78 340.283
1069.2 285.287
1088.39 318.844
1103.81 314.242
1128.58 339.79
885.377 267.263
988.127 297.211
1048.97 298.004
949.422 267.302
1239.47 366.17
890.493 244.823
1068.15 318.038
959.093 259.624
1007.82 292.45
1008.93 276.219
991.294 259.669
1020.19 277.152
1215.79 290.862
277.323 109.366
259.77 86.9548
284.237 101.039
293.629 109.702
268.393 128.821
286.378 119.291
270.481 104.778
275.168 117.274
300.951 132.93
265.892 102.984
265.105 135.964
286.788 126.081
218.618 79.5685
249.555 89.3892
303.922 134.288
301.178 123.196
293.101 105.904
298.288 128.904
305.188 121.671
288.233 119.88
290.101 119.919
338.787 129.377
1278.54 327.625
1069.71 277.632
1265.96 334.407
1148.58 296.962
1235.46 321.212
1161.21 319.348
1169.73 318.943
1122.45 311.446
1218.05 366.45
1088.63 312.919
1191.42 343.334
1110.53 319.034
1120.71 312.66
1071.06 298.918
1130.78 307.046
1247.73 366.36
1075.41 295.837
1270.47 367.862
1171.58 339.691
1028.87 255.879
1251.31 331.161
1104.7 301.284
537.41 162.18
533.55 160.294
634.259 197.113
570.428 166.051
483.494 157.875
607.252 180.379
536.523 180.594
581.375 175.855
592.787 190.521
577.456 182.721
614.647 205.725
582.418 190.233
591.583 204.897
567.362 186.865
510.053 161.14
542.026 181.563
535.73 165.913
512.695 162.204
439.328 118.506
502.154 135.451
568.88 189.244
453.003 133.766
825.896 276.671
938.651 264.182
979.241 257.457
939.198 257.254
1095.57 336.128
950.898 293.276
879.687 264.842
971.496 274.362
1037.86 296.379
891.413 260.336
971.36 299.82
957.72 293.104
968.542 276.284
965.979 276.387
1052.67 294.617
1046.54 296.164
905.647 254.897
991.141 271.853
1057.42 287.433
1002.63 287.996
973.27 273.265
1006.11 306.833
850.337 289.385
915.92 230.16
924.175 257.884
1000.15 268.697
949.984 270.258
1070.75 296.016
941.529 259.525
978.537 250.044
962.352 284.738
1113.96 321.017
1036.41 305.988
886.464 258.068
1059.48 289.661
928.998 255.886
958.058 279.4
1310.65 344.286
722.919 193.609
1213.39 353.506
1282.5 324.888
847.968 232.327
951.161 269.25
1237.13 394.914
