921.784 292.92
906.059 239.919
927.156 277.524
801.605 224.74
761.86 226.797
915.014 267.281
933.82 249.183
870.71 245.438
860.484 243.834
850.844 246.453
761.25 211.22
756.455 223.034
803.939 234.843
722.568 214.322
882.297 248.881
686.792 194.083
834.552 222.171
1023.63 288.045
808.569 210.842
833.944 231.863
928.592 252.615
1060.84 347.067
783.155 252.548
1034.4 269.443
872.018 249.596
874.35 222.705
860.421 223.829
861.995 242.213
767.316 209.62
905.975 256.112
859.417 243.03
848.877 257.044
780.549 211.033
732.78 231.968
790.032 304.439
1033.19 298.725
790.917 223.805
788.529 207.592
714.899 176.833
824.806 237.171
741.76 185.862
713.677 192.446
785.909 207.126
807.839 252.116
1068.68 288.746
1023.34 252.41
1055.72 318.985
925.319 234.18
1274 380.219
1071.94 303.47
963.311 261.415
1024.37 280.697
1240.73 389.858
935.597 248.461
975.452 303.495
905.645 248.856
1119.29 322.145
887.685 251.316
1049.08 310.132
862.254 216.133
1123.87 325.368
948.934 262.906
843.829 213.581
858.646 233.169
836.732 224.552
979.781 287.719
572.031 185.086
454.737 143.171
346.448 111.259
369.67 116.027
448.393 147.572
453.685 143.852
424.596 131.437
593.417 179.517
426.103 138.016
463.742 144.377
473.219 146.429
389.866 141.442
470.5 164.187
404.972 132.573
405.445 136.609
454.641 148.562
434.682 145.938
414.632 131.752
395.437 128.465
471.797 148.375
438.112 148.548
378.058 124.631
1160.28 304.982
875.623 213.065
1001.81 272.774
845.043 224.519
967.404 277.755
796.399 212.984
942.668 270.51
919.934 257.116
895.848 248.909
1005.26 307.745
1069.03 335.399
763.781 207.08
877.215 269.194
926.253 274.987
1022.24 306.784
1005.43 285.262
940.527 254.591
894.67 231.367
1070.71 287.882
1117.36 279.83
866.701 211.459
1035.16 236.295
209.619 157.923
241.383 95.8897
237.36 89.2719
230.012 108.939
246.673 97.8207
216.611 93.8534
213.56 85.5976
216.749 89.9326
228.19 95.7087
257.536 113.59
243.379 104.194
271.838 111.277
277.075 104.172
327.276 123.333
278.045 110.235
264.281 109.985
247.505 102.971
301.734 115.452
248.326 97.7131
243.351 91.3407
264.851 96.7983
276.183 92.5431
957.013 239.939
924.512 220.349
996.173 276.922
991.587 270.931
958.389 256.563
988.91 273.516
913.345 251.059
1012.11 283.299
871.803 243.675
1135.32 343.095
1064.41 299.703
945.653 279.81
971.809 265.454
1094.69 304.455
913.394 255.197
928.965 252.241
1067.91 296.36
827.121 215.777
1173.19 318.864
1096.38 312.756
975.9 240.993
1069.7 261.048
466.709 142.458
329.312 115.061
317.626 119.779
258.212 92.166
226.509 89.6809
264.82 92.1633
219.542 84.2326
244.473 87.5203
228.812 96.9967
211.047 83.5598
261.11 136.297
257.594 110.539
323.619 156.449
183.031 72.7689
310.068 118.13
169.193 69.0568
263.088 99.4402
194.248 68.7148
274.861 105.737
245.41 98.1996
247.144 93.5938
277.67 98.082
978.254 242.887
911.193 226.279
1163.71 322.701
1116.72 313.828
1029.51 278.686
1040.91 294.939
895.385 240.91
1084.65 325.271
1038.33 294.938
1070.13 316.319
945.057 266.956
999.593 289.687
1070.48 337.602
1107.67 333.868
1091.13 324.661
1112.24 320.341
1030.54 291.62
962.193 254.358
1248.52 349.723
1179.26 330.647
873.011 221.012
946.44 226.102
314.713 156.326
277.619 99.0272
290.141 121.493
262.187 114.8
279.389 135.209
263.385 96.5852
253.267 110.616
303.59 116.573
278.488 132.543
261.527 114.922
277.178 120.04
244.15 106.596
256.71 132.576
300.415 118.75
286.62 117.072
279.604 115.487
286.175 112.667
285.446 107.269
259.324 117.986
263.663 94.9018
278.917 106.587
412.355 130.331
999.149 274.556
959.779 256.117
736.31 202.927
942.408 276.714
935.023 293.368
967.406 303.117
919.572 269.753
1054.35 340.323
957.713 284.538
1063.05 315.659
995.158 297.493
1059.39 325.228
914.754 258.02
1211.68 373.853
788.201 215.284
1083.98 324.196
866.51 251.359
1011.56 293.12
1019.53 282.749
1117.31 273.671
925.322 212.449
935.439 187.97
469.797 142.19
318.502 93.5668
219.764 81.6065
256.079 95.735
235.064 99.1257
215.298 78.2483
231.035 82.4316
314.853 116.524
396.955 129.359
366.06 124.649
218.057 100.496
249.668 108.08
217.935 87.2855
249.721 120.759
250.677 88.9483
268.786 119.54
184.562 67.9042
271.89 105.08
243.937 92.9469
297.314 114.196
311.865 121.673
306.289 93.2975
1316.83 271.8
1101.24 263.425
1447.89 365.09
1197.16 309.266
1179.66 343.043
1162 315.207
1131.17 345.096
884.542 260.237
986.466 298.662
1123.74 321.592
1104.96 301.948
1052.68 290.107
1241.09 374.534
987.115 272.737
1105.62 317.42
1191.96 329.185
1239.27 372.296
1109.3 309.513
1188.59 332.951
1059.52 319.994
1072.96 249.625
1145.57 297.973
356.576 131.211
330.673 112.497
343.493 123.276
324.529 117.323
236.159 89.9621
330.367 115.117
255.429 114.577
301.93 101.711
288.285 115.1
280.616 108.945
259.606 98.7832
257.003 97.4301
294.841 121.716
302.761 123.161
291.911 115.07
286.584 101.561
349.561 137.511
259.319 95.7193
262.661 97.7591
272.684 109.314
282.091 90.5603
319.412 102.372
927.236 190.326
936.92 211.354
888.547 254.535
852.123 238.991
852.832 243.522
859.938 256.335
898.503 260.323
909.157 268.457
933.527 267.824
971.708 294.507
934.636 284.899
1003.16 325.472
872.206 245.68
998.91 288.298
1044.82 287.259
1130.92 317.606
935.151 269.904
791.994 224.961
884.404 252.137
938.835 244.017
943.133 212.853
813.557 1051
259.846 80.6416
225.033 68.7735
261.965 91.2528
174.333 72.1283
162.734 67.2943
323.367 107.225
172.691 73.955
205.949 90.3439
187.279 80.5916
181.521 82.3725
246.486 97.5463
200.407 84.2971
183.963 76.1325
238.3 105.897
235.328 94.1833
234.143 93.5875
191.378 93.5456
315.207 117.769
189.649 75.9722
183.301 64.2373
223.038 77.4768
275.932 215.653
934.025 208.887
993.926 228.216
942.947 221.018
918.134 236.781
1062.13 313.857
927.017 260.394
968.407 266.826
900.167 247.976
840.979 241.34
1086.13 307.924
1050.45 299.273
837.734 226.702
797.848 287.671
834.995 240.205
892.002 260.187
868.547 238.011
941.365 253.388
970.594 247.055
967.244 235.911
1131.29 295.884
906.007 216.4
1093.09 210.055
275.91 88.4254
273.159 81.2006
247.56 93.9362
255.436 90.0074
318.497 105.578
280.633 92.091
258.8 95.8408
253.223 104.843
211.388 74.7571
209.77 78.3723
205.181 79.1815
287.946 113.078
273.107 97.6488
253.567 94.9443
277.258 103.077
269.027 105.685
249.701 84.6538
291.105 102.402
300.914 102.676
304.65 112.707
243.411 73.9989
278.056 70.0202
1285.18 322.895
1125.83 315.581
1212.19 352.9
1223.87 361.075
1287.65 381.573
1147 347.331
1220.88 389.967
1056.74 336.737
1059.33 338.037
1099.78 347.749
1253.1 379.388
1056.05 305.197
1266.41 436.341
1163.39 394.635
1148 348.254
1067.97 326.438
1201.65 372.188
1150.97 363.556
1066.91 354.604
1154.6 304.371
1301.42 307.214
1420.13 354.372
242.89 83.6821
331.124 116.267
292.878 104.473
342.555 144.772
257.477 97.2253
260.495 110.839
232.719 93.6421
304.261 142.7
243.864 99.733
299.793 124.879
259.427 104.098
277.249 109.358
356.362 144.201
391.555 152.625
289.018 115.019
335.293 143.159
281.1 116.466
343.811 136.724
332.366 120.271
287.727 122.118
308.032 111.755
315.732 127.589
1015.38 217.761
1172.13 268.53
1138.14 283.273
1006.72 253.322
1240.42 343.82
980.838 252.838
1012.43 296.889
968.182 292.646
1014.77 295.497
1023.68 307.311
1000.89 291.114
1008.99 299.569
1106.64 326.283
1116.75 313.322
1055.87 299.737
1237.62 353.267
1034.48 284.886
1236.82 336.293
1167.63 314.282
1110.1 284.666
1056.65 260.52
1103.5 236.495
219.168 88.7324
203.714 79.7636
230.154 91.5837
202.012 78.2013
216.445 91.6777
189.311 72.7318
214.235 86.1845
222.073 88.5824
256.795 103.037
189.422 78.2222
199.69 76.6459
209.049 77.0569
226.083 91.1235
228.958 93.4838
219.945 85.3212
248.666 102.909
286.655 105.02
236.641 87.6755
241.457 100.758
223.328 86.766
254.553 98.7028
243.292 155.117
966.812 269.513
1160.69 331.49
942.711 242.358
884.639 248.676
1121.36 338.421
1065.46 286.427
1093.52 321.773
1102.67 313.076
1128.24 340.76
884.974 268.41
986.045 294.04
1045.77 296.62
945.541 266.295
1239.32 365.197
890.891 243.781
1069.52 324.994
962.265 262.961
1011.27 293.433
1010.65 278.247
994.072 261.693
1018.7 274.772
1218.62 292.738
275.901 107.859
259.389 87.1547
283.722 98.2824
294.304 111.748
268.316 125.581
286.956 115.672
273.179 103.846
274.498 117.705
301.099 137.255
265.449 101.235
265.45 133.759
287.057 128.137
218.486 78.3607
251.323 88.702
302.038 133.085
299.776 123.779
294.709 107.842
296.851 128.053
306.759 124.121
289.851 119.035
289.692 120.646
336.163 129.527
1278.37 334.924
1071.62 275.488
1271.46 338.541
1147.3 293.197
1234.1 318.779
1161.45 320.716
1171.19 321.513
1119.09 310.944
1215.69 364.954
1088.79 310.15
1191.83 340.965
1106.24 321.919
1119.94 317.161
1071.53 301.713
1129.06 304.282
1248.14 367.977
1074.61 290.205
1267.52 368.887
1171.05 343.447
1029.05 257.238
1250.67 333.475
1106.9 304.168
535.93 162.28
530.473 156.037
636.553 196.974
571.513 168.558
482.953 155.159
605.425 181.138
535.044 177.031
579.958 175.572
593.234 190.411
577.797 181.262
615.21 205.049
582.562 192.563
592.263 199.621
567.623 185.246
508.92 162.799
540.101 180.501
534.866 160.008
511.923 160.713
440.973 121.93
501.597 133.718
569.13 189.445
449.63 132.49
828.083 278.119
938.843 264.443
981.893 261.144
940.648 262.572
1091.22 332.772
945.766 285.257
883.625 271.152
969.523 277.348
1033.24 296.271
889.24 254.196
974.916 301.693
957.898 291.389
967.822 275.881
964.96 280.243
1049.55 292.558
1046.56 296.758
906.227 247.543
989.543 278.566
1053.12 285.544
1001.85 285.152
972.607 276.637
1009.45 317.628
850.657 291.424
916.26 231.971
923.78 250.765
1002.87 269.837
947.043 269.48
1070.25 297.68
938.768 259.059
977.338 250.868
961.783 287.998
1117.31 327.759
1037.38 303.598
889.404 261.534
1061.95 292.167
927.756 254.014
957.422 279.754
1307.72 346.1
723.418 192.767
1215.96 347.418
1280.96 333.532
848.992 228.66
954.037 266.527
1231.58 394.883
