1852.99 1656.59
3303.18 1057.94
3217.9 968.402
2747.15 767.407
2583.34 819.646
3143.68 975.256
3366.93 1006.38
3080.09 923.17
3052.34 899.754
3107.89 888.917
2595.73 763.482
2577.4 773.475
2712.35 749.39
2375.08 743.168
3037.75 947.738
2426.94 711.434
2731.23 712.481
3421.27 992.163
2747.49 697
2764.14 827.604
3259.05 907.983
3671.31 1445.73
2942.62 996.704
3360.01 711.356
2943.46 861.711
3003.29 806.415
3042.1 897.28
3152.5 883.931
2597.32 864.427
3045.29 943.616
2902.71 829.625
2898.61 937.67
2569.47 686.571
2471.05 826.583
3053.63 786.379
3285.78 1007.19
2508.87 761.68
2622.96 703.813
2431.32 683.278
2830.66 925.069
2418.31 610.128
2365.18 638.143
2610.58 684.671
2891.46 1033
3680.85 1135.26
3449.1 840.312
3627.78 1084.45
3158.64 887.73
4573 1477.73
3767.35 1141.08
3230.52 833.971
3630.92 1011.54
4184.7 1352.08
3180.47 855.358
3292.21 1017.37
3206.26 927.146
3858.96 1133.23
2976.38 866.834
3939.76 1162.5
3096.81 741.264
3973.67 1115.15
3254.1 1004.08
3102.74 862.645
2885.18 705.327
2953.74 899.921
3368.32 803.231
2079.39 753.746
1546.17 452.126
1256.22 339.306
1293.03 457.163
1655.43 610.208
1514.05 379.573
1478.64 447.298
2266.58 698.505
1543.92 511.112
1620.16 535.006
1607.77 597.433
1243.05 360.027
1598.47 625.104
1360.52 511.678
1483.24 504.934
1485.71 526.194
1442.96 560.49
1390.92 451.663
1324.53 389.521
1589.73 501.515
1481.99 427.445
1400.91 445.131
4122.94 1346.61
3082.38 611.307
3408.95 982.983
2957.8 805.86
3466.46 934.392
2815.75 783.77
3106.6 873.474
3268.5 977.998
3308.1 920.952
3453.5 897.717
3982.03 1526.15
2663.16 709.863
3046.09 920.078
3231.81 991.897
3399.45 1104.16
3483.43 802.198
3207.34 887.788
3104.44 755.145
3711.14 1084.42
4053.48 1053.66
3010.92 790.553
3522.66 1106.28
826.378 277.809
933.217 374.582
807.047 342.141
805.013 382.538
850.83 444.15
784.054 383.531
711.558 276.33
689.367 296.023
757.5 323.416
965.158 466.395
853.063 404.589
880.812 348.821
924.672 385.574
1144.62 423.039
928.376 352.341
940.535 412.953
920.794 398.07
1060.19 438.269
826.619 354.142
816.06 303.055
875.442 247.409
853.662 381.349
3042.63 965.816
3067.2 649.92
3418.93 793.185
3361.92 882.017
3193.08 794.806
3387.48 1037.59
3011.6 861.579
3676.94 1111.41
2981.47 944.641
4211.53 1255.03
3586.97 1047.42
3277.85 932.131
3462.88 996.525
3779.86 1080.72
3187.46 948.819
3161.2 920.699
3662.78 967.688
2781.51 759.643
4148.4 1185.54
3630.58 956.423
3238.28 629.629
3352.48 717.728
1599.23 0.711805
1143.64 343.077
1121.14 362.031
859.004 344.496
772.622 289.007
939 395.831
774.06 337.591
784.216 295.92
781.107 413.067
722.93 320.87
860.195 380.863
839.826 415.41
984.586 401.815
621.955 296.514
1043.6 411.4
591.758 261.626
891.57 391.422
689.015 259.516
858.484 365.408
878.402 383.128
859.803 405.436
877.257 320.433
3354.52 418.117
3161.4 766.609
3944.1 1168.85
4011.17 1050.46
3683.63 1022.43
3631.67 906.816
3234.49 868.809
3757.4 1101.6
3571.14 963.246
3813.8 1045.4
3407.73 1018.5
3725.42 1198.96
3738.87 1245.7
3825.08 1081.29
3783.7 995.657
3959.22 961.919
3384.6 504.549
3358.46 915.12
4709.58 1446.99
4122.18 1005.34
2892.78 654.066
3006.76 852.994
1090.48 208.989
938.659 303.007
971.108 447.31
882.111 353.263
968.801 499.082
939.766 400.291
893.66 464.385
1065.23 415.933
931.079 460.828
921.854 374.285
1103.39 470.605
847.099 342.266
941.489 581.537
1009.78 421.155
1087.53 417.817
983.628 434.497
1075.59 404.815
984.723 369.952
889.051 504.028
934.285 354.778
889.225 338.824
1408.37 0.00105961
3280.13 1365.89
3125.62 966.88
2758.93 753.902
3227.39 1046.99
3323.44 896.879
3497.44 1286.07
3249.91 993.633
3760.28 1117.4
3311.08 879.589
3750.45 1117
3548.18 970.01
3731.18 1299.58
3278.13 978.141
4403.56 1590.53
2798.61 755.938
3705.59 1169.41
2934.31 815.438
3533.29 935.705
3412.67 931.692
3810.27 1001.61
3235.58 505.09
3055.3 898.095
1706.97 1.19642
1054.89 308.362
774.766 270.361
758.437 324.198
864.376 438.42
644.97 245.369
805.228 317.2
1038.73 408.954
1409.08 486.216
1254.05 380.451
755.608 366.632
886.624 460.753
770.226 321.565
858.668 371.931
882.992 320.639
961.625 469.53
647.293 281.254
878.204 377.298
848.338 376.441
928.422 356.936
883.9 338.952
802.346 352.463
4363.06 2380.16
3844.14 902.577
4958.49 1313.03
4177.53 1103.15
4194.5 1167.88
4198.56 1151.19
3873.4 1260.13
3020.13 903.01
3317.24 916.809
3888.54 1229.75
3829.3 1106.87
3635.52 969.206
4298.08 1355.25
3396.33 985.297
4246.09 1194.65
4091.11 1159.57
4278.45 1152.11
3760.32 927.973
4009.62 1073.73
3711 1048.93
3663.37 845.384
3260.9 1593.67
1131.79 411.244
1049.56 280.718
1084.15 423.934
1033.17 388.398
779.13 373.293
1129.95 411.681
841.695 395.431
1024.54 424.438
995.968 388.212
920.643 323.123
914.018 397.561
873.06 307.102
908.568 412.726
991.307 386.467
1065.79 441
984.95 386.624
1176.69 528.083
913.415 393.005
820.915 343.29
879.556 399.363
873.148 208.815
964.187 275.944
3019.91 1.2091
3092.83 560.807
3020.35 968.648
2897.03 875.764
2844.04 801.495
2951.55 939.247
3096.04 893.452
3146.02 981.66
3165.29 914.854
3359.23 1034
3218.52 978.158
3690.15 1331.75
3035.03 842.354
3432.99 983.162
3706.15 1068.08
4080.11 1222.01
3236.79 1101.46
2639.93 815.834
3004.06 724.232
3109.28 756.47
3393.02 830.965
3142 958.906
894.884 412.529
694.593 193.985
932.993 400.177
673.32 268.234
606.531 283.033
1239.81 501.808
593.688 257.849
702.151 315.307
622.3 303.931
637.656 285.276
903.229 382.801
737.398 344.04
579.793 239.052
788.619 460.606
718.622 253.297
850.361 368.303
643.483 369.633
1083.49 448.757
563.421 191.628
617.405 239.851
711.167 231.203
847.877 297.764
3222.49 689.889
3187.53 618.93
3215.19 823.571
3208.06 899.719
3621.79 1034.45
3096.25 890.43
3218.04 900.975
3112.6 881.736
2893.89 812.542
3640.79 1150.74
3749.13 1057.74
2962.26 842.934
2614.53 815.766
2832.3 787.85
3069.86 899.623
2941.3 796.156
3362.09 995.761
3414.05 931.498
3336.72 824.997
3776.61 923.008
3021.12 649.482
2612.04 10.5214
873.38 303.878
893.853 277.974
760.268 304.701
870.039 283.58
1101.76 434.914
969.173 322.849
791.239 317.615
988.484 392.13
753.635 281.889
650.931 271.854
667.498 354.341
985.072 442.26
896.996 339.964
871.826 370.293
950.919 387.903
867.715 351.423
817.933 303.621
979.736 376.176
902.788 325.968
952.694 312.044
801.339 220.323
892.449 196.729
4279.56 1020.92
4164.01 1240.26
4154.85 1154.78
4222.35 1063.62
4549.42 1330.82
3936.43 1147.33
4418.35 1404.04
3645.39 1098.52
3745.99 973.959
4048.06 1395.61
4455.48 1400.26
3685.78 1007.82
4155.8 1296.45
3998.67 1407.1
4093.88 1270.71
3812.6 1033.91
4035.61 1078.81
4276.29 1478.67
3654.34 1108.84
3992.53 905.417
4527.33 1078.08
2616.86 340.05
624.174 0.0873113
803.807 502.828
1160.61 437.453
1165.77 456.283
902.642 324.982
956.384 392.475
781.403 287.186
1211.08 603.221
862.187 387.451
1113.15 498.444
874.783 286.828
947.655 399.105
1140.51 473.411
1500.9 640.523
901.756 313.609
1095.14 464.599
922.812 451.946
1223.74 489.118
1176.51 528.931
915.585 371.012
1030.74 293.307
1045.34 362.103
3318.55 1087.96
4014.79 827.021
3843.62 926.242
3376.53 866.985
4337.17 1263.34
3288.55 904.943
3392.92 1024.89
3576.31 1109.52
3458.74 1069.36
3484.56 1033.32
3714.91 1175.79
3460.54 1121.59
4042.07 1256.22
3732.29 1045.59
3789.69 1108.55
4190.64 1175.1
3516.97 891.738
4441.56 1214.56
4030.78 1111.21
3713.32 901.315
3672.44 915.227
3557.42 1.61839
724.309 121.033
667.969 195.387
851.449 395.73
643.574 234.163
800.911 328.8
681.005 298.448
771.924 326.974
755.15 343.869
862.942 404.154
578.322 308.424
653.187 240.803
691.777 260.437
805.178 355.309
741.735 380.822
792.545 377.601
797.383 350.529
1012.4 390.649
770.301 355.577
791.409 286.594
738.465 209.409
855.157 315.89
803.362 64.2805
3373.26 912.008
3875.56 1044.09
3168.96 953.795
2907.77 864.576
3959.74 1235.43
3520.13 961.394
3853.64 1038.76
3846 1010.15
4054.41 1283.99
3068.17 886.893
3416.82 1044.62
3858.24 1070.36
3387.01 937.149
4333.11 1347.32
2975.32 855.19
3855.71 1302.89
3165.31 880.933
3279.26 931.097
3604.09 1033.29
3249.42 830.387
3437.14 977.262
4299.27 1191.58
956.028 296.909
843.575 325.882
1053.12 378.533
959.407 266.862
951.9 499.285
983.353 443.962
909.978 412.769
929.73 454.755
1063.04 433.363
972.557 421.196
1005.58 440.498
952.913 454.709
764.27 330.75
815.6 326.51
1033.45 489.614
1042.51 500.991
996.592 337.684
1017.28 610.489
983.417 324.447
1007.3 463.871
1016.16 372.027
1203.42 11.2861
4137.4 1054.76
3709.52 949.754
4447.38 1114.52
3879.95 988.554
4401.9 1159.43
3927.74 1136.99
3893.86 1164.93
4129.22 1102.57
3978.94 1100.36
3776.2 1086.09
4368.88 1250.47
3710.47 840.85
3826.77 1178.99
3644.49 1028.67
3679.78 1038.15
4251.62 1231.13
3882.89 1114.78
4524.97 1298.31
4160.95 1257.73
3574.59 1110.28
4435.47 1405.77
3469.76 1089.38
1782.86 508.087
1729.09 514.398
2296.44 681.43
2019.89 641.606
1566.75 424.957
2043.6 592.767
1919.94 695.909
1922.5 620.311
2068.74 659.681
1919.17 685.3
2052.82 690.243
2013.54 776.342
1910.1 665.693
1977.14 555.454
1687.09 546.589
1778.99 597.148
1747.46 511.874
1663.29 449.213
1441.09 462.48
1720.44 588.939
1887.58 597.851
1409.74 430.883
2859.88 1085.48
3437.14 966.373
3586.03 1045.55
3378.86 952.903
3774.82 1022.96
3297.98 991.604
3109.99 1008.87
3297.57 1058.46
3871.81 1239.45
3094.02 854.523
3322.53 1003.27
3387.02 1127.03
3567.06 1019.16
3453.26 1074.55
3412.42 905.686
3862.72 1193.9
3386.18 992.153
3202.85 846.774
3689.33 965.068
3508.72 1131.93
3218.28 897.073
3621.46 1256.12
2696.84 954.119
2996.19 612.839
3045.03 796.574
3358.11 999.004
3267.67 912.148
3758.68 1150.67
3304.24 1003.39
3296.54 744.227
3331.81 1124.73
3800.86 1189.14
3616.97 1116.06
3051.54 914.324
3498.4 989.908
3258.1 933.958
3519.21 1071.22
4717.11 1451.65
2496.11 697.143
4201.9 956.449
4221.07 868.976
2894.71 875.779
3348.83 882.006
4016.35 1235.52
