3128.78 1043.49
3040.55 815.984
3139.7 1006.03
2737.59 798.054
2556.93 752.091
3117.74 949.879
3218.54 938.737
2973.64 882.947
2885.52 844.078
2936.26 884.359
2591.5 757.775
2546.48 760.447
2717.67 813.379
2376.16 730.598
2984.42 943.679
2307.99 651.94
2766.44 766.419
3390 984.129
2767.32 707.363
2763.67 796.417
3070.72 912.24
3616.59 1307.99
2912.7 988.485
3475.66 957.598
2937.08 848.808
2908.79 799.354
2934.27 783.798
2937.27 834.912
2641.21 757.433
3016.16 883.356
2965.53 890.991
2805.81 874.715
2614.41 744.876
2475.28 777.23
2891.44 790.758
3082.62 949.906
2476.41 720.028
2679.23 723.205
2407.04 633.191
2750.16 811.29
2432.87 638.902
2328.79 642.223
2676.42 712.479
2778.71 956.043
3699.38 1089.59
3530.02 934.118
3629.52 1133.57
3064.67 820.3
4407.23 1370.84
3741.17 1093.28
3316.77 909.532
3644.29 1098.9
4256.52 1405.26
3195.28 861.875
3380.59 1146.1
3164.67 951.062
3740.13 1095.56
2974.2 841.969
3800.77 1147.2
2982.74 768.832
3824.76 1131.12
3240.28 904.368
3082.88 805.569
2975.38 827.199
2886.89 755.418
3404.84 1039.67
2129.19 674.441
1569.63 506.98
1274.56 423.546
1232.54 428.139
1572.92 541.657
1530.18 477.282
1496.55 476.535
2186.89 712.74
1580.14 495.644
1578.79 496.2
1634.04 544.124
1281.86 435.103
1583.91 583.274
1362.87 467.554
1425.85 469.625
1518.83 526.674
1367.83 482.824
1467.65 500.674
1287.96 441.794
1583.43 495.75
1480.64 483.911
1405.95 461.035
4151.33 1128.22
3128.21 766.274
3533.88 1015.9
2937.37 782.685
3413.85 954.415
2823.25 769.9
3230.95 944.101
3116.2 884.922
3210.3 943.786
3504.87 1078.86
3777.54 1298.66
2659.16 748.508
3077.82 1009.93
3168.03 961.173
3333.24 989.017
3437.01 969.52
3250.63 937.485
3104.13 820.937
3704.39 1040.15
3885.97 1013.82
2952.34 776.341
3672.2 958.2
812.86 341.265
873.812 349.064
833.534 344.479
811.539 386.744
860.793 349.105
744.371 311.357
739.597 288.829
767.098 330.528
770.012 328.191
910.929 421.702
826.977 343.802
908.862 381.587
927.846 394.456
1166.83 451.148
945.765 358.494
890.253 366.054
861.655 322.561
1033.7 396.343
838.093 327.174
841.37 348.746
915.381 349.682
881.315 352.285
3174.24 739.596
3132.78 799.394
3396.21 964.203
3379.09 932.301
3215.93 912.798
3410.84 1017.08
3028.79 838.087
3502.53 993.163
2923.98 838.791
3921.76 1225.63
3512.87 981.766
3279.9 974.628
3463.69 977.73
3719.59 1060.47
3154.22 891.879
3182.45 883.811
3809 1114.71
2763.69 762.288
4037.88 1140.74
3697.14 1104.6
3364.57 894.279
3531.12 851.79
1656.5 489.946
1178.47 408.175
1166.79 398.205
856.696 320.511
755.594 276.777
881.217 323.564
740.809 317.45
799.442 288.878
738.868 319.705
726.086 291.897
830.395 324.249
816.649 364.125
998.707 398.294
616.661 268.972
1052.2 428.589
567.324 259.422
850.437 337.874
666.711 246.363
934.068 392.194
806.972 324.967
826.333 316.825
940.362 366.26
3420.09 730.09
3203.79 804.714
4027.55 1131.79
3883.11 1120.38
3668.66 1040.14
3642.82 1088.21
3152.05 889.796
3782.63 1158.72
3539.98 1020.88
3743.56 1118.71
3397.48 1000.41
3540.56 1060.47
3762.42 1253.06
3876.76 1171.59
3762.26 1143.14
3937.01 1144.77
3516.17 1042.52
3379.12 908.9
4474.82 1334.47
4129.67 1202.16
3034.84 775.784
3197.62 708.202
1041.16 373.741
945.282 342.914
1001.72 414.497
852.387 340.718
936.382 386.12
904.139 346.951
881.742 395.75
1057.14 399.899
937.063 414.357
918.377 414.178
1057.74 455.535
852.917 330.581
878.143 415.289
1027.82 387.156
1012 375.245
987.335 407.778
1011.47 385.344
963.824 371.597
874.298 418.193
887.517 328.773
1010.05 427.259
1281.87 411.762
3338.51 708.675
3151.14 863.298
2742.94 772.921
3121.6 967.21
3278.58 1046.51
3274.13 1018.16
3208.73 908.468
3701.42 1228.98
3382.78 1072.74
3693.76 1099.12
3556.97 1088.93
3825.47 1240
3225.87 902.574
4281.27 1429.74
2705.12 750.193
3627.62 1112.8
2946.19 846.221
3467.71 1004.4
3426.86 1003.96
3944.54 1074.73
3275.98 794.777
3231.71 648.977
1580.77 445.682
1097.19 327.777
754.816 285.166
817.381 328.901
839.827 321.576
650.101 253.304
803.807 292.719
1053.17 374.59
1441.64 450.829
1282.7 431.674
730.182 312.861
883.383 382.068
780.743 297.64
859.091 391.694
887.719 302.981
892.367 371.069
612.456 247.589
868.399 355.258
827.507 337.123
982.032 405.555
981.449 349.233
972.436 268.142
4420.54 989.681
3742 880.157
5051.71 1353.75
4220.21 1172.69
4063.15 1209.61
4114.84 1163.27
3956.83 1273.26
3043.96 875.688
3309.44 993.591
3869.55 1162.67
3801 1119.63
3707.36 1053.13
4233.76 1339.76
3390.73 998.715
3977.89 1210.36
4012.41 1137.17
4126.9 1223.26
3820.72 1114.54
4076.47 1160.34
3773.22 1164.83
3755.51 902.158
3682.52 871.026
1183.19 360.874
1093.95 368.115
1132.25 404.982
1074.4 446.918
750.287 292.702
1117.14 389.657
846.269 401.635
983.995 353.093
1005.25 405.792
954.828 383.618
868.8 336.784
868.07 344.107
950.137 384.803
1011.59 383.196
982.08 397.342
968.782 346.464
1170.26 453.777
863.81 350.009
836.883 325.655
895.785 407.038
938.558 291.519
1056.05 329.905
3185.79 667.782
3162.49 739.382
2971.53 882.797
2917.24 872.801
2846.33 840.102
2936.77 899.861
2992.48 898.238
3042.72 928.926
3145.33 913.232
3269.68 1009.67
3192.88 953.465
3489.39 1190.49
3055.22 876.024
3428.76 1022.37
3522.53 990.079
3833.59 1125.91
3135.9 971.556
2629.05 774.14
2997.18 886.377
3178.99 856.045
3307.89 761.97
3233.91 604.259
954.566 270.255
728.335 216.441
905.576 340.106
599.854 235.698
575.369 247.417
1228.46 441.37
589.722 257.465
697.636 287.52
602.892 255.225
672.181 300.841
876.891 345.248
699.208 291.312
581.145 232.34
777.731 361.764
766.338 317.258
803.344 322.048
612.11 308.686
1095.17 417.372
572.741 222.974
596.212 224.28
717.314 246.145
929.828 319.689
3178.13 702.808
3323.6 759.164
3244.82 868.838
3115.09 846.445
3597.5 1079.82
3129.88 942
3301.08 956.447
3084.57 879.015
2798.22 781.45
3593.26 1062.95
3781.35 1135.29
2916.96 811.95
2576.79 756.134
2806.4 803.33
3024.33 934.937
2969.25 868.017
3289.18 962.467
3307.82 895.68
3283 841.098
3836.09 1082.43
3120.47 753.061
3550.71 803.545
912.386 297.963
909.93 271.846
832.949 350.226
871.318 306.421
1068.39 370.994
974.261 332.658
839.839 331.723
963.561 382.128
745.903 269.302
673.183 274.585
678.234 286.44
962.995 379.07
901.286 330.438
830.57 320.578
930.361 367.113
866.343 353.07
802.303 292.89
996.566 340.44
989.662 347.856
977.509 353.401
813.382 259.486
930.815 282.86
4328.02 936.36
3968.8 1110.72
4124.94 1180.96
4390.6 1416.22
4317.15 1259.36
4055.96 1240.86
4195.59 1325.41
3687.28 1186.31
3723.19 1160.35
3989.98 1315.84
4373.95 1345.52
3684.51 1082.52
4286.18 1471.33
4106.55 1402.37
3998.33 1265.87
3754.69 1172.04
4137.7 1302.33
4057.39 1282.7
3717.54 1299.97
4161.99 1250.98
4469.97 1207.13
4665.32 1097.8
828.704 248.667
1192.91 395.004
1053.7 377.078
1166.41 455.875
897.73 341.331
886.095 368.125
796.324 338.292
1110.75 532.091
816.565 355.281
1076.33 448.592
885.479 354.381
916.377 369.563
1185.78 514.781
1419.28 547.401
928.399 378.64
1105.48 475.142
883.744 347.167
1238.69 474.949
1130 401.791
948.284 413.925
1005.68 360.581
1102.85 419.507
3514.55 785.329
3999.39 979.457
3837.89 1021.52
3272.98 816.058
4147.19 1220.49
3290.89 880.547
3468.81 1036.75
3452.72 1066.26
3471.82 1044.01
3452.28 1005.33
3564 1065.79
3426.03 1003.55
3866.53 1175.92
3771.79 1122.98
3710.88 1088.13
4290.95 1297.57
3546.84 1025.42
4152.09 1156.03
4043.69 1162.72
3747.24 1022.72
3682.74 907.967
3718.06 885.915
740.661 278.121
687.527 249.636
781.46 315.627
663.988 248.211
771.316 350.54
645.172 244.412
741.105 279.475
751.566 297.928
852.403 376.824
605.583 280.461
663.53 267.527
693.697 255.483
800.852 333.87
720.952 296.932
756.752 302.296
778.666 320.28
1002.97 362.819
795.455 324.329
782.73 303.78
740.547 283
845.244 312.982
767.165 319.803
3429.31 1055.37
4035.03 1186
3188.35 880.105
2946.36 864.143
3835.24 1192.64
3486.03 933.754
3843.7 1245.42
3776.03 1059.68
3869.46 1243.32
3050.18 925.326
3326.98 1018.27
3637.75 1070.19
3362.82 993.572
4195.04 1290.59
3016.76 833.633
3629.37 1149.47
3218.36 924.972
3420.38 1023.66
3515.54 1032.61
3374.43 920.804
3503.86 1004.13
4155.98 1039.46
900.986 400.201
860.048 333.763
1037.03 398.612
1028.27 387.33
915.283 442.542
983.268 379.442
920.728 386.515
903.707 396.932
1070.9 494.247
934.548 335.845
981.38 427.01
945.399 410.144
728.705 284.451
827.929 288.275
1007.86 450.661
977.356 406.283
1004.79 375.838
998.707 445.058
1026.23 398.586
983.917 373.289
992.635 427.918
1126.35 427.726
4211.8 1095.18
3736.5 997.604
4458.13 1243.92
3899.49 1025.2
4269.43 1147.99
3967.97 1109.14
3927.46 1120.92
3832.7 1142.71
3965.98 1192.01
3819.95 1178.56
4195.06 1208.53
3780.2 1092.96
3822.24 1137.51
3576.79 1060.28
3752.41 1087.74
4232.98 1223.98
3923.19 1083.03
4214.66 1199.88
3998.32 1179.54
3566.88 934.801
4414.41 1208.44
3788.22 1208
1836.71 545.09
1812.22 592.964
2161.6 636.853
2008.11 596.292
1653.18 551.742
2068.48 623.305
1803.95 584.829
1911.45 574.65
2083.33 658.949
1928.43 654.228
2030.92 670.342
1931.8 623.849
1901.59 641.67
1978.01 644.639
1775.66 631.513
1746.35 592.129
1803.68 559.469
1700.2 506.455
1488.74 443.618
1668.97 477.409
1878.39 604.889
1453.11 467.294
2946.14 1129.78
3386.8 956.561
3463.39 968.731
3266.12 916.646
3719.95 1117.69
3281.51 1042.9
3070.76 947.653
3357.72 969.27
3651.47 1182.9
3061.94 972.219
3415.72 1102.13
3266.69 981.243
3413.08 972.884
3319.26 992.173
3509.52 1014.77
3790.65 1219.96
3166.94 897.98
3288.22 1005.32
3696.26 1056.43
3449.56 986.65
3340.56 990.282
3710.79 1262.73
2768.09 950.958
3102.77 858.314
3111.84 863.622
3356.89 948.118
3247.97 974.716
3604.55 1032.6
3302.49 924.459
3352.4 903.794
3186.28 1044.65
3852.18 1172.5
3585.44 1106.09
3110.27 961.091
3428.49 975.935
3151.1 923.462
3416.34 1038.81
4514.84 1336.01
2440.43 711.023
4256.4 1277.35
4241.68 1163.63
2888.73 827.399
3312.61 935.874
4238.22 1482.52
