3133.8 1031.82
2892.03 822.212
2923.62 869.096
2519.47 709.636
2378.93 725.168
2933.89 934.083
3003.42 856.04
2811.64 860.561
2681.62 761.317
2783.05 807.13
2492.09 775.577
2404.78 714.524
2573.13 822.713
2240.27 731.581
2880.16 908.658
2175 624.843
2590.47 757.971
3186.22 928.066
2645.73 724.461
2502.21 742.712
2860.53 854.556
3444.37 1203.4
2839.51 983.288
3219.61 846.535
2845.71 825.44
2740.36 711.46
2777.57 754.176
2818.04 847.201
2446.6 691.857
2806.4 840.809
2786.62 810.995
2605.08 798.188
2484.65 701.94
2283.87 741.089
2758.96 775.187
2829.95 796.052
2292.11 697.815
2470.13 680.032
2263.47 594.722
2527.09 703.991
2291.59 625.179
2231.28 634.846
2545.18 648.287
2661.03 874.266
3502.5 938.103
3372.9 828.204
3394.84 1076.51
2928.97 823.576
4162.11 1310.95
3549.53 1053.73
3144.75 854.991
3405.86 949.84
3966.33 1322.06
3056.35 887.257
3204.95 1059.25
2999.23 909.651
3521.62 1100.14
2827.15 825.644
3725.58 1235
2831.91 711.954
3581.53 1063.25
3100.07 824.634
2933.03 747.765
2770.03 679.337
2758.85 796.742
3122.83 986.098
1970.23 542.1
1503.02 466.554
1220.99 430.684
1160.24 418.306
1519.11 496.697
1454.83 475.087
1485.09 513.671
2117.91 688.569
1569.77 516.305
1477.41 461.837
1579.82 510.357
1215.64 450.186
1506.15 562.137
1264.96 451.914
1401.18 525.193
1435.67 495.227
1252.92 416.217
1347.89 470.837
1190.56 427.549
1488.2 507.332
1382.36 435.859
1419.86 510.474
3847.6 938.065
2941.99 704.973
3367.31 939.638
2779.81 733.329
3216.27 997.072
2636.82 665.975
3006.83 890.603
2980.28 893.979
3030.98 895.202
3298.14 1087.52
3576.6 1192.34
2520.75 675.827
2881.73 948.544
3059.19 988.658
3060.99 918.637
3226.09 1005.29
3080.37 889.901
2938.45 759.378
3597.08 1044.11
3636.68 924.068
2785.35 677.526
3445.87 731.362
618.941 500.638
804.519 380.52
828.017 318.646
774.967 340.583
844.692 383.135
735.527 321.406
738.447 332.916
710.144 315.229
744.271 299.753
825.839 370.198
803.32 372.929
863.805 346.676
876.727 347.145
1081.32 439.888
913.419 364.559
797.651 392.402
808.136 348.372
982.021 395.17
773.002 318.335
781.181 385.226
895.311 343.704
862.157 333.845
2983.74 654.306
2984.78 796.923
3249.31 922.678
3154.04 862.191
3073.67 879.876
3206.76 923.262
2892.64 788.544
3380.2 1001.57
2739.21 758.953
3642.4 1200.02
3267.17 921.065
3142.15 937.373
3288.88 948.495
3568.71 1013.94
3008.18 863.224
3012.66 841.435
3649.53 1095.33
2597.8 709.804
3804.41 1047.79
3385.61 923.973
3173.49 832.126
3347.45 1502.47
1525.92 305.228
1133.4 394.129
1163.71 425.547
800.737 290.566
713.009 290.274
841.315 289.257
687.352 293.323
750.168 262.514
705.397 337.013
708.227 297.795
768.53 299.68
758.633 347.33
950.941 391.867
569.606 260.092
943.901 381.809
528.764 221.929
781.304 342.35
633.022 246.608
865.323 359.384
768.791 297.863
748.898 288.713
971.65 425.16
3196.2 664.5
3015.39 716.225
3708.56 1042.75
3608.5 1025.57
3568.74 1070.45
3491.46 1036.91
3014.22 827.494
3510.83 1143.29
3262.16 930.049
3566.95 1075.81
3212.69 987.584
3355.62 1045.29
3564.17 1156.2
3638.54 1075.74
3562.79 1101.84
3697 1124.67
3348.04 1006.73
3200.47 877.273
4212.25 1248.17
3851.49 1189.95
2872.29 744.994
3383.54 1369.09
947.35 338.075
901.56 305.983
982.604 410.636
805.277 369.379
849.615 390.903
843.163 312.547
836.527 349.18
998.478 414.632
873.801 409.841
886.18 427.431
997.433 442.625
815.082 356.39
813.843 390.846
951.572 372.69
949.819 395.479
926.204 419.785
950.905 376.498
906.255 359.425
845.698 346.098
840.352 314.097
922.73 366.121
1115.36 331.719
3071.94 646.943
2919.96 815.914
2735.52 750.951
2953.3 900.952
3038.68 986.633
3105.18 1104.36
3026.27 915.968
3404.73 1120.42
3119.71 915.375
3544.31 1078.22
3375.39 1021.27
3733.94 1252.84
3065.92 878.744
4054.15 1296.75
2565.01 708.007
3367.26 1030.17
2861.31 901.138
3287.39 1031.93
3295.93 1038.72
3739.14 1016.86
3104.99 740.938
3067.77 2610.73
1645.97 732.176
1060.51 316.634
738.43 314.547
774.053 294.348
828.334 388.228
604.672 246.685
749.639 264.28
1011.21 376.126
1453.31 517.02
1244.99 413.523
704.688 351.497
856.762 405.026
770.954 306.242
772.472 449.59
874.635 302.074
812.41 402.729
559.492 221.461
815.77 341.742
778.304 332.876
907.446 390.434
898.814 318.75
782.994 667.641
4047.94 935.048
3544.41 816.831
4817.44 1213.69
4028.56 1104.97
3835.38 1142.91
3824.33 1074.7
3806.24 1211.06
2933.04 907.058
3189.52 1037
3696.73 1128.91
3590.66 1060.8
3547.24 1035.65
3974.17 1236.66
3167.82 912.374
3889.4 1185.09
3806.79 1058.08
3900.83 1236.74
3567.63 1052.28
3986.68 1158.69
3487.38 1082.09
3492.15 874.166
3666.89 2786.32
1098.27 315.679
1076.35 464.01
1084.8 440.733
1011.63 386.98
735.118 313.583
1063.44 404.582
814.857 355.718
906.94 342.646
935.119 355.205
884.588 394.952
809.339 331.821
828.663 328.954
870.519 359.394
959.92 368.031
931.298 353.377
902.717 343.092
1111.02 500.491
809.778 339.736
774.959 307.811
855.022 356.687
857.969 254.213
958.834 237.812
3043.61 607.156
3057.46 736.284
2918.31 855.586
2755.67 838.104
2693.45 753.231
2981.97 984.427
2789.05 866.693
2822.9 870.849
2994.98 867.707
3104.38 1023.37
2953.01 892.866
3384.86 1154.38
2921.73 866.897
3196.97 924.733
3373.34 957.662
3649.56 1086.88
2964.12 840.295
2486.07 713.875
2823.71 817.086
3013.86 806.218
3148.26 629.376
2921.81 552.43
917.699 304.563
714.276 218.7
867.469 318.367
574.277 236.449
559.088 239.225
1228.52 457.643
577.349 255.962
658.256 296.986
567.732 254.027
656.676 283.103
863.177 372.696
672.843 273.877
539.385 234.826
719.829 322.461
724.701 319.509
738.233 287.343
571.063 271.823
1083.55 438.126
548.265 243.756
555.85 224.362
688.558 264.223
739.496 600.389
2897.5 502.874
3158.44 692.847
3111.3 810.215
3010.3 759.332
3387.35 1012.66
2988.97 914.588
3144.63 894.8
2961.95 874.392
2623.36 758.915
3346.34 976.973
3634.69 1128.93
2784.94 785.854
2453.03 770.012
2724.71 828.395
2872.44 855.902
2842.73 797.478
3164.49 929.32
3140.78 906.402
3190.69 868.86
3595.55 1012.73
3023.14 724.336
3302 611.287
856.118 156.47
879.116 298.114
773.777 297.687
823.268 282.703
1005.31 350.765
922.391 317.311
780.303 311.113
931.898 367.954
760.718 288.799
647.787 271.99
624.033 272.115
892.399 324.687
840.227 300.93
795.296 314.28
890.619 357.798
824.977 327.407
765.202 291.664
936.669 297.793
962.412 351.379
924.725 403.447
755.929 212.026
868.634 204.031
4089.25 992.091
3686.13 1009.71
3924.96 1098.69
4287.05 1368.34
4178.31 1298.47
3913.13 1328.65
4070.36 1389.15
3497.7 1082.51
3492.88 1163.08
3743.84 1218.84
4182.13 1224.09
3503.59 1072.9
4094.65 1392.76
3965.46 1386.3
3871.71 1273.94
3508.82 1166.91
3891.25 1306.72
3853.76 1235.31
3632.03 1245.51
3922.12 1060.86
4094.53 946.869
4264.46 849.635
783.771 309.512
1147.12 386.759
1018.89 365.412
1143.69 385.125
851.932 345.645
876.897 417.288
774.875 340.075
1082.88 496.482
793.414 336.628
1071.44 472.17
843.877 341.343
869.474 387.347
1174.41 542.805
1391.64 524.583
853.64 359.877
992.419 459.865
844.04 288.646
1201.3 436.198
1129.52 428.334
935.184 439.548
969.12 371.445
1054.23 320.223
3207.9 734.159
3825.49 903.866
3672.23 947.805
3080.16 737.712
3858.65 1123.02
3114.28 820.823
3236.38 970.795
3288.83 1023.37
3343.56 1029.86
3238.39 1016.66
3366.36 1011.25
3274.68 996.993
3708.44 1206.67
3578.35 1114.36
3623.93 1076.84
4059.73 1172.81
3352.73 929.769
4016.74 1127.64
3794.38 1017.41
3535.24 955.064
3471.38 881.166
3480.21 832.316
581.871 365.793
677.331 275.031
713.3 305.678
644.634 213.185
733.665 315.188
617.842 242.434
703.177 304.439
743.964 310.029
826.142 350.329
549.266 255.619
618.797 272.819
660.021 252.885
766.374 296.597
669.741 301.508
725.837 313.466
742.49 321.758
1009.64 395.883
729.89 278.728
731.075 313.538
681.323 330.581
899.222 430.051
713.175 288.857
3099.13 759.664
3740.42 1154.68
3007.74 787.216
2810.79 865.839
3604.63 1153.21
3342.44 941.794
3653.62 1145.13
3692.75 1118.74
3803.07 1229.02
2917.03 982.576
3170.12 912.553
3527.72 1098.51
3166.6 911.989
3975.92 1186.13
2882.11 797.005
3390.53 1144.72
3061.45 852.287
3260.33 987.454
3326.69 981.226
3221.14 939.448
3334.21 914.72
3771.78 750.564
948.504 481.255
833.442 306.348
1018.15 382.456
986.548 383.425
907.363 448.153
913.553 376.796
852.328 343.73
875.773 432.506
1035.54 493.385
927.48 384.963
937.438 450.038
880.612 430.534
700.947 260.183
764.337 280.314
979.746 381.485
957.331 509.857
944.131 322.5
942.32 353.653
958.065 469.501
916.748 355.815
946.872 425.627
1105.05 468.629
4055.5 985.387
3649.79 1008.06
4178.63 1185.85
3647.6 959.27
4052.78 1011.27
3675.85 1026.54
3717.13 1086.12
3686.8 1135.54
3828.78 1137.82
3685.46 1110.38
3988.67 1187.04
3542.39 1020.3
3653.51 1024.94
3374.43 935.05
3486.7 1021.06
3980.18 1156.51
3788.67 1066.58
4037.55 1197.93
3849.25 1165.69
3390.81 877.162
4126.81 1130.86
3431.37 1020.93
1749.11 504.902
1715.19 535.182
2094.2 632.33
1938.31 626.956
1610.77 537.897
1961.27 591.231
1706.68 571.395
1833.59 529.014
2003.77 608.413
1761.25 560.169
1896.98 641.524
1842.29 636.854
1840.03 623.657
1869.93 593.113
1731.54 642.48
1606.91 542.293
1677.82 561.39
1616.71 510.208
1467.06 454.338
1600.56 455.315
1797.51 653.444
1395.7 442.904
2788.99 1027.66
3315.44 1039.81
3367.86 928.909
3093.77 913.906
3564.11 1167.26
3033.65 942.482
2885.36 904.966
3199.4 978.777
3439.22 1075.88
2850.66 821.583
3204.64 1029.95
3226.2 1040.73
3205.68 867.555
3195.11 884.398
3348.81 977.902
3579.36 1086.25
3009.89 871.687
3073.03 937.639
3455.45 1024.33
3319.56 998.082
3249.53 993.149
3279.08 1126.45
2655.6 906.149
2990.32 799.579
2967.24 881.827
3128.7 883.597
3101.08 970.191
3384.1 921.454
3131.25 829.76
3210.44 909.505
2997.19 896.705
3606.09 1062.22
3456.02 1069.33
2980.73 892.794
3174.99 852.736
3058.54 877.509
3184.65 957.006
4296.6 1217.37
2303.17 617.683
3969.38 1206.59
4003.44 1135.27
2817.87 776.912
3274.8 979.208
3878.4 1225.22
