3048.59 977.433
2873.65 811.343
2831.26 856.96
2439.61 706.746
2364.48 797.938
2839.31 817.258
2980.77 844.947
2794.6 815.204
2685.2 794.425
2726.14 833.89
2410.16 698.748
2398.14 776.873
2509.54 738.201
2146.93 632.896
2760.52 814.8
2135.84 587.077
2580.57 762.05
3157.51 901.077
2614.33 691.233
2479.81 776.108
2740.82 831.064
3425.21 1115.9
2762.7 970.187
3177.94 889.235
2877.94 822.305
2719.58 776.614
2746.88 733.898
2779.95 843.917
2451.65 694.844
2825.2 855.596
2762.93 818.044
2605.01 824.052
2438.52 710.637
2241.05 689.1
2763.38 825.353
2814.1 853.881
2220.05 653.485
2447.44 622.808
2262.88 627.582
2505.46 701.08
2263.6 594.601
2188.06 614.782
2540.8 710.066
2622.9 864.402
3447.29 997.78
3383.49 919.196
3373.09 1045.46
2892.29 782.952
4125.91 1344.94
3487.59 1021.94
3130.36 861.89
3415.18 1037.28
3965.19 1308.74
3014.3 847.732
3237.64 1108.23
2959.96 873.271
3469.17 1044.21
2772.9 795.371
3592.34 1085.57
2807.03 734.005
3567.05 1088.52
3086.33 894.69
2905.7 779.864
2834.55 800.075
2745.37 760.753
3267.98 992.396
1985.65 580.821
1495.62 477.155
1253.75 436.763
1176.08 446.697
1497.13 542.983
1412.33 473.964
1452.78 475.199
2087.57 655.679
1530.68 470.393
1480.66 480.777
1565.84 486.403
1212.92 460.184
1475.44 546.911
1258.32 439.663
1353.05 450.528
1403.52 466.344
1282.17 413.377
1330.36 458.746
1162.74 456.694
1510.83 509.923
1407.22 515.405
1407.2 462.659
3862.93 1021.35
2958.55 698.397
3284.35 926.495
2753.17 767.695
3224.72 989.251
2594.59 704.056
2961.76 910.991
2951.47 846.376
3075.39 939.299
3352.81 1050.27
3524.3 1172.81
2518.3 740.135
2871.3 941.807
2999.62 949.967
3040.46 921.743
3183.98 970.27
2989.28 810.047
2958.2 823.507
3554.92 1033.77
3706.65 1028.61
2762.89 679.111
3383.9 845.278
740.371 290.215
776.565 363.564
789.863 312.157
747.447 338.127
816.181 315.986
687.006 311.235
703.691 322.457
748.943 325.204
739.633 295.55
811.363 340.263
766.785 314.02
859.164 324.616
857.104 362.332
1129.99 478.359
921.634 354.826
793.83 345.118
803.647 332.534
991.272 401.752
761.409 294.208
804.404 342.11
880.74 329.957
817.731 375.775
2915.91 645.007
2914.83 710.595
3233.01 882.657
3228.54 904.297
3004.35 856.08
3196.74 996.93
2863.74 815.377
3316.92 950.11
2733.3 809.242
3618.42 1076.4
3241.84 933.751
3078.23 893.446
3226.5 887.235
3530.38 1051.78
3027.47 893.981
2963.54 827.945
3606.51 1054.67
2563.6 740.129
3829.81 1078.8
3435.8 1033.55
3151.7 754.857
3183.97 687.281
1480.77 458.105
1145.4 400.701
1132.52 412.466
793.338 274.308
687.907 284.538
827.127 303.873
688.545 286.076
746.585 285.38
692.562 279.779
675.049 284.056
763.771 288.955
745.401 324.22
930.859 396.609
570.159 235.663
945.329 345.443
531.385 244.627
779.935 320.104
619.456 247.391
850.757 328.577
773.19 322.364
791.487 295.756
860.324 289.057
3266.23 816.412
3026.63 787.272
3657.22 1048.03
3595.23 988.575
3525.88 1064.95
3398.01 1032.91
2941.29 828.812
3520.12 1101.23
3252.64 940.883
3517.61 1106.55
3162.7 944.694
3328.59 1005.39
3520.74 1161.91
3642.04 1092.69
3515.75 1051.79
3624.47 1096.9
3224.98 939.96
3214.98 866.251
4102.81 1220.4
3913.95 1172.48
2853.63 710.154
3101.52 708.378
907.345 281.912
895.224 286.512
936.88 420.962
776.855 359.149
879.698 384.599
838.4 321.871
832.821 358.106
969.774 399.68
839.856 430.556
841.854 364.552
971.868 470.505
812.951 314.357
797.336 435.623
940.233 375.047
954.641 375.738
884.188 431.072
942.365 423.18
889.948 404.932
848.712 433.004
834.285 331.291
1013.11 490.045
1170.24 358.973
3115.28 740.966
2862.76 754.588
2773.02 781.836
2900.55 886.584
3066.96 1059.45
3057.23 999.155
3024.99 835.377
3416.62 1163.54
3161.94 990.074
3533.01 1142.14
3314.39 1034.48
3631.29 1124.73
3033.74 893.543
3987.29 1325.02
2521.56 689.792
3332.26 997.033
2826.49 835.707
3229.88 996.817
3282.36 1009.33
3756.74 1045.72
3090.58 718.435
2997.21 660.713
1434.43 308.927
1069.74 312.404
745.106 263.216
786.208 326.89
804.259 327.893
616.375 250.874
765.23 276.319
1013.17 381.626
1416.66 465.4
1242.08 462.709
709.471 337.443
868.132 371.095
768.182 313.707
823.96 391.509
857.205 354.322
814.528 428.993
578.64 228.279
810.752 358.921
759.158 274.822
927.387 379.448
938.833 438.661
896.908 277.162
4158.32 853.947
3527.89 817.631
4814.72 1239.28
4000.32 1119.71
3876.45 1122.53
3826.99 1134.29
3796.8 1283.06
2875.35 825.501
3148.2 998.341
3679.87 1135.28
3572.97 1036.37
3512.5 1078.59
4001.33 1268.89
3178.24 901.981
3817.64 1157.01
3800.98 1095.27
3999.95 1275.84
3503.45 1000.74
3843.91 1081.32
3501.83 1138.12
3506.82 745.694
3454.39 783.118
1114.09 287.499
1030.89 351.319
1039.59 404.756
1010.78 405.495
728.498 301.188
1046.33 373.341
780.148 365.328
876.425 356.199
923.587 367.341
895.627 353.332
817.496 346.053
788.239 331.461
889.114 408.936
938.952 412.659
928.186 387.914
920.258 366.823
1109.27 503.226
802.126 325.854
762.382 318.195
847.003 394.454
886.433 290.951
950.993 285.733
2904.97 607.627
3003.09 716.317
2817.45 815.397
2755.8 821.856
2694.07 811.232
2954.96 913.504
2767.04 800.419
2784.87 837.944
2925.03 893.897
3082.07 980.7
2975.89 935.241
3326.89 1068.26
2910.15 874.232
3133.61 871.15
3267.4 902.061
3630.65 1063.17
2911.17 833.036
2488.05 703.014
2809.68 831.235
3011.62 822.887
3140.41 723.803
2932.1 568.908
896.881 246.395
701.995 223.681
864.271 300.64
575.516 230.682
570.686 233.49
1175.4 418.243
559.588 234.037
674.579 326.198
554.881 244.314
652.818 317.467
838.639 349.649
680.727 285.832
542.09 208.785
715.155 309.304
697.573 309.412
738.751 306.593
568.127 256.873
1041.89 387.384
534.112 217.582
548.365 236.056
678.623 246.29
819.317 237.73
2994.52 514.795
3150.12 721.618
3002.67 762.815
3009.53 834.928
3399.5 1038.98
2901.14 825.029
3089.79 876.624
2934.56 874.292
2591.45 736.989
3362.88 995.315
3678.97 1214.36
2741.59 774.045
2440.93 752.829
2651.37 771.835
2794.74 814.15
2783.4 814.322
3132.39 888.914
3118.3 823.496
3116.03 808.238
3499.05 886.41
2982.91 688.509
3358.83 563.34
846.61 197.009
860.507 271.328
769.841 313.601
804.434 290.101
1010.74 368.934
912.307 293.858
778.636 324.255
954.663 401.545
725.958 264.807
626.7 270.971
624.211 248.32
901.422 380.294
840.693 310.494
762.839 294.064
865.363 317.819
811.752 329.887
759.592 272.905
928.409 320.601
946.615 329.716
959.83 397.302
739.612 223.532
824.794 161.967
3915.92 846.311
3719.36 961.557
3872.15 1084.34
4190.82 1349.01
4073.54 1186.53
3817.02 1179.93
3969.54 1330.86
3562 1152.04
3442.02 1148.4
3773.13 1260.04
4127.16 1224.77
3509.67 1071.75
4046.96 1348.31
3915.03 1367.62
3747.74 1187.3
3593.86 1218.62
3856.12 1215.1
3850.3 1307.72
3583.62 1325.83
3870.85 1009.49
4061.19 981.199
4127.92 715.023
743.984 289.361
1214.59 439.136
1037.1 373.387
1163.49 423.918
853.858 328.055
848.298 364.196
766.422 346.693
1095.66 498.25
785.857 348.984
1108.16 553.778
823.604 352.223
856.728 347.619
1168.18 534.839
1365.57 521.834
846.779 299.239
1000.7 479.511
821.838 392.612
1210.79 468.817
1129.96 408.991
961.745 469.842
929.515 331.246
999.193 464.427
3213.05 708.382
3813.29 917.024
3707.79 1022.43
3076.02 812.49
3791.13 1119.03
3118.39 866.191
3275.77 975.207
3222.27 990.856
3255.54 932.763
3319.8 1039.87
3355.57 1003.64
3243.5 986.663
3613.05 1157.04
3553.67 1042.89
3545.18 1031.7
3998.45 1144.62
3361.67 959.435
3953.23 1105.94
3760.19 1065.09
3567.14 1023.12
3487.6 919.527
3486.74 786.211
729.667 321.405
656.115 241.234
695.013 345.104
630.804 238.92
728.874 330.337
617.19 243.491
691.604 293.396
704.034 262.744
783.627 337.059
572.983 291.271
632.033 294.957
638.451 263.091
762.737 316.584
673.604 323.269
708.361 279.855
721.682 316.924
963.252 345.467
715.109 277.102
738.444 320.125
684.871 246.897
795.71 357.065
715.719 284.043
3188.3 933.673
3772.75 1176.45
2986.22 802.764
2734.72 788.904
3577.63 1059.76
3303.33 945.731
3604.63 1125.06
3631.06 1045.17
3682.2 1192.8
2856.52 886.053
3183.74 1019.96
3452.28 1025.54
3152.11 908.144
3887.82 1180.7
2899.18 835.609
3383.18 1086.46
3041.62 899.032
3226.88 956.946
3297.83 973.889
3191.39 838.358
3261.15 884.911
3898.26 1035.76
872.356 383.416
807.111 283.062
1010.81 392.232
959.864 369.378
858.55 425.835
905.115 352.997
867.41 337.421
860.11 353.759
1023.5 558.661
923.264 373.069
903.429 478.677
904.152 403.208
691.519 260.964
762.43 275.331
952.577 411.685
942.319 469.281
936.89 335.291
935.836 412.867
965.398 477.608
937.708 351.603
952.193 331.102
1069.71 404.751
4002.96 922.79
3595.64 1020.46
4276.89 1295.32
3619.49 957.574
4071.66 1113.47
3698.76 1043.91
3707.7 1107.89
3644.02 1119.92
3719.64 1101.17
3695.54 1204.32
3963.02 1158.21
3544.14 1064.26
3618.95 1084.03
3364.64 994.807
3461.21 1027.26
3939.58 1105.39
3764.7 1016.17
3855.04 1174.16
3747.12 1056.87
3417.83 951.104
4160 1186.26
3495.67 996.321
1752.44 553.333
1715.98 572.458
2074.34 638.423
1904.66 583.558
1620.23 526.883
1948.83 571.266
1741.3 609.848
1824.92 563.129
2024.45 645.795
1763.03 603.844
1940.23 693.948
1847.49 650.835
1812.68 621.178
1819.64 556.992
1705.17 619.87
1660.29 600.646
1706.37 545.491
1575.72 466.463
1440.66 429.264
1552.79 443.952
1706.29 614.363
1425.93 482.626
2734.34 982.879
3193.98 927.655
3304.62 986.819
3079.82 912.106
3521.69 1070.93
3076.25 971.789
2928.33 904.531
3234.53 1014.19
3399.48 1031.75
2869.93 840.322
3294.1 1093
3106.82 960.587
3189.88 953.076
3112.33 887.051
3280.06 892.187
3509.74 1016.53
3018.57 932.431
3061.78 932.291
3450.15 1030
3233.73 872.435
3129.3 864.282
3265.3 1106.95
2731.27 961.671
2934.82 861.901
2922.33 820.116
3157.77 942.548
3159.9 1009.03
3358.89 943.283
3105.67 892.473
3212.4 913.025
3103.43 1056.99
3601.66 1073.3
3470.95 1149.96
2938.85 861.258
3184 942.815
2994.42 927.386
3225.48 990.845
4249.87 1268.44
2340.88 699.326
3919.9 1137.3
4036.33 1156.94
2766.39 771.647
3140.62 964.332
3907.16 1359.58
