2847.11 986.073
2808.99 788.719
2735.07 874.367
2426.26 689.126
2293.05 694.631
2800.99 884.465
2920.61 815.408
2694.45 797.651
2582.35 743.499
2684.19 827.337
2375.44 678.756
2354.85 718.454
2470.29 727.67
2103.26 655.163
2705.31 808.192
2114.89 619.552
2498.93 691.389
3093.56 888.385
2579.08 746.055
2416.96 711.845
2704.32 825.618
3257.47 1137.62
2626.06 847.812
3051.92 837.432
2794.19 835.733
2575.05 673.351
2636.95 691.359
2692.37 793.921
2344.81 648.841
2719.97 823.17
2730.79 822.389
2538.62 810.872
2393.69 682.064
2207.43 720.912
2685.26 750.015
2757.16 818.928
2191.27 636.974
2416.64 680.696
2201.14 582.026
2455.81 704.259
2211.59 613.461
2135.44 591.569
2463.02 658.544
2555.18 878.173
3407.18 1011.87
3327.14 906.481
3341.81 1073.25
2828.32 758.046
3969.37 1261.49
3412.81 1024.19
3063.49 838.47
3371.01 976.225
3796.19 1245.02
2946.03 807.26
3067.33 974.233
2925.95 832.794
3418.69 1030.41
2765.08 799.215
3570.37 1113.8
2741.53 702.354
3444.65 1037.56
3020.39 852.374
2895.85 793.385
2727.4 767.794
2675.68 744.227
3142.14 1054.78
1985.14 637.449
1473.63 498.284
1220.15 417.725
1145.55 413.023
1619.93 686.861
1379.88 453.581
1431.74 496.388
2070.18 642.772
1510.49 474.349
1448.04 476.668
1554.25 509.771
1172.52 453.18
1424.87 511.612
1235.8 433.746
1345.93 463.78
1361.75 450.675
1203.67 421.027
1270.57 428.478
1149.55 428.063
1442.75 468.073
1348.14 456.664
1374.42 441.269
3788.4 1121.26
2852.54 709.707
3147.14 861.591
2719.6 759.16
3060.8 888.555
2563.9 689.824
2922.73 883.246
2849.67 827.702
2934.37 921.013
3221.23 978.01
3368.94 1181.68
2434.66 706.164
2762.91 855.935
2952.48 947.706
2928.68 878.98
3107.98 943.751
2978.93 878.302
2900.7 795.643
3435.49 992.361
3591.67 995.949
2721.15 722.515
3313.85 856.577
717.211 292.479
797.246 335.626
772.023 308.246
724.216 327.657
805.632 339.82
681.519 300.677
688.804 297.386
694.037 293.293
706.162 288.575
800.24 350.628
753.11 320.149
841.812 346.456
843.823 361.388
1051.69 402.148
902.804 333.695
789.628 370.726
795.408 344.456
947.816 387.725
770.569 329.158
776.968 333.597
855.031 342.684
736.792 241.017
2901.04 709.897
2884.11 730.78
3115.12 891.883
3114.83 892.737
2936.47 802.171
3109.31 951.057
2808.53 799.235
3226.3 925.97
2636.07 757.626
3564 1134.54
3185.13 938.927
3022.29 911.035
3192.58 925.903
3437.07 1002.43
2918.82 825.673
2918.3 821.909
3513.33 1036.76
2488.72 685.911
3726.15 1058.12
3319.7 1009.9
3098.03 822.254
3323.47 891.186
1541.78 515.125
1087.32 390.168
1138.32 441.364
769.525 308.193
690.737 289.664
820.61 290.831
676.188 274.34
729.026 271.893
677.747 305.366
668.572 271.465
743.052 279.488
716.874 324.189
894.276 363.442
557.283 259.021
931.058 381.059
519.347 241.099
777.181 323.592
603.568 242.116
849.684 359.262
741.99 326.037
746.704 320.447
633.807 607.41
3257.09 824.142
2981.31 823.413
3606.46 1072.14
3568.78 1078.84
3395.37 982.812
3375.61 1031.84
2877.55 800.876
3372.25 1086.18
3179.81 924.414
3488.5 1060.15
3097.06 911.133
3248.66 985.901
3436.17 1106.49
3509.61 1070.85
3468.71 1098.17
3569.42 1091.48
3202.49 929.812
3115.63 866.785
4056.59 1220.2
3817.71 1150.31
2817.17 708.958
2931.81 695.782
929.093 394.642
877.884 323.632
908.14 415.502
763.991 340.133
819.202 425.257
818.758 320.652
809.129 343.833
945.058 354.942
838.338 412.668
826.569 373.555
947.778 436.223
776.792 320.545
787.848 397.885
938.181 369.374
928.259 368.645
873.633 393.854
901.556 356.26
874.795 379.659
811.137 382.037
809.451 304.716
911.238 361.999
1113.01 439.798
3069.49 795.434
2905.06 818.146
2695.29 803.583
2821.93 832.64
2958.15 947.081
2973.05 1035.85
2930.74 867.957
3292.56 1100.53
3085.65 962.02
3413.21 1059.18
3303.23 1029.67
3592.52 1152.46
2938 832.53
3899.7 1254.39
2475.96 686.219
3228.88 1021.3
2750.85 809.799
3154.59 941.622
3194.11 968.972
3709.27 1001.96
3095.5 764.929
2987.92 615.373
1448.79 463.985
1043.83 305.166
736.707 281.793
739.621 312.334
791.393 315.538
595.972 249.012
760.722 301.522
999.681 370.145
1401.8 481.132
1205.79 428.426
691.39 334.307
833.579 341.647
754.994 301.316
790.554 392.928
864.052 314.885
770.796 374.816
551.884 214.413
789.341 336.441
733.851 261.415
881.245 380.599
881.567 385.895
870.418 286.053
4165.62 895.46
3457.91 813.196
4615.95 1163.6
3913.7 1102.96
3753.49 1161.8
3733.13 1050.44
3646.73 1171.37
2847.3 848.024
3059.63 954.03
3561.27 1074.78
3480.16 1030.74
3381.53 980.765
3862.39 1168.41
3057.62 858.38
3740.12 1155.22
3675.42 1064.44
3746.18 1119.95
3474.71 1020
3806.3 1061.65
3470.23 1147.57
3443.11 878.972
3872.82 1384.88
1091.9 385.832
1017.06 349.251
1037.53 397.653
949.866 362.571
708.798 279.611
1013.06 380.746
780.083 366.635
874.627 320.838
904.009 351.519
878.545 349.591
789.751 323.484
797.939 336.154
860.586 340.731
920.41 373.259
897.613 368.422
883.939 322.215
1035.27 429.258
781.133 326.025
765.638 325.983
812.617 360.982
847.205 298.082
736.238 653.291
3026.29 704.755
2934.09 724.181
2806.55 837.224
2650.01 754.287
2571.64 726.147
2894.99 910.534
2714.11 828.543
2698.97 813.282
2889.02 868.436
2982.4 929.887
2877.85 843.574
3250.94 1139.3
2835.52 818.48
3128.17 886.319
3254.18 916.918
3514.96 1052.71
2859.81 860.5
2427.66 711.826
2757.4 825.533
2957.47 808.416
3074.36 704.824
2990.16 732.72
905.665 312.764
684.224 214.38
830.143 295.152
560.081 231.837
556.991 223.425
1154.67 396.518
550.448 254.385
628.757 280.748
544.686 249.117
651.527 305.824
823.544 313.126
659.766 269.783
523.461 218.638
699.035 299.34
692.573 290.372
718.143 297.07
557.465 285.01
1056.43 385.345
527.878 231.8
548.188 230.299
653.55 214.449
804.771 262.528
2860.73 603.616
3081.33 726.699
2989.5 790.005
2913.61 767.416
3296.79 1024.02
2845.13 823.837
3051.42 870.162
2832.82 833.271
2551.97 751.262
3264.93 963.637
3452.5 1039.58
2682.04 752.292
2366.67 707.841
2601.37 769.436
2746.92 856.451
2747.31 792.755
3022.31 869.121
2990.14 784.406
3042.21 773.483
3405.56 949.943
2947.26 723.288
3267.89 692.108
837.131 266.8
846.926 288.306
740.078 303.301
787.184 307.143
975.59 346.613
881.745 295.71
754.036 292.544
921.91 376.204
723.491 258.2
631.863 261.876
607.242 258.819
870.424 338.913
817.254 310.176
766.992 301.034
846.425 327.127
783.392 338.938
743.636 274.735
902.126 323.598
933.021 320.755
881.066 346.444
734.912 227.578
919.582 844.73
3988.21 973.352
3614.19 1056
3771.28 1095.25
4032.24 1276.11
3973.83 1169.62
3737.08 1266.61
3880.4 1268.56
3438.62 1122.14
3422.24 1121.33
3614.91 1219.62
3999.7 1229.56
3455.9 991.947
3907.56 1310.35
3755.27 1274.42
3704.77 1166.11
3391.03 1052.15
3825.93 1230.01
3776.72 1210.74
3561.22 1173.81
3887.84 1123.49
4020.24 993.641
4269.93 1070.98
758.143 214.541
1126.55 443.08
980.077 368.136
1141.63 404.51
843.906 328.845
814.732 333.602
715.951 304.479
1079.67 448.083
773.926 338.144
1054.63 455.406
798.507 331.129
844.95 349.095
1140.94 514.683
1361.54 545.42
849.663 351.639
976.53 430.286
811.176 350.135
1196.12 481.226
1100.66 398.178
897.897 416.061
903.348 335.709
1013.74 457.994
3185.26 760.452
3692.1 921.908
3578.86 973.573
3004.85 774.405
3676.46 1047.36
3068.59 836.876
3134.02 937.404
3140.15 947.152
3206.58 980.824
3213.89 963.85
3289.36 1002.28
3170.68 942.734
3514.5 1051.67
3444.54 1014.75
3503.22 1048.12
3943.26 1190.72
3268.61 942.827
3873.87 1053.88
3674.54 1054.84
3474.71 940.613
3404.23 876.83
3400.33 825.824
679.758 265.762
636.078 252.004
695.895 286.16
619.887 255.005
707.732 322.094
595.098 243.992
675.736 281.734
686.901 262.898
773.314 332.652
536.795 258.14
602.934 250.089
633.507 250.302
758.246 314.754
649.176 259.511
700.939 280.65
714.752 312.307
936.622 342.237
704.659 255.478
718.043 300.265
666.424 244.85
772.561 292.453
703.895 262.266
3118.69 966.052
3713.04 1126.78
2935.46 794.327
2697.29 789.012
3478.86 1076.15
3173.41 842.904
3523.1 1087.01
3583.54 1050.63
3614.99 1153.18
2795.84 883.062
3071.58 948.154
3371.33 983.717
3110.25 905.068
3817.47 1167.07
2802.16 803.224
3284.54 1029.42
2976.9 860.416
3141.24 934.036
3192.78 921.349
3119.37 878.69
3220.05 905.867
3692.32 979.231
847.906 927.995
786.539 280.587
1002.69 347.431
966.915 362.418
848.615 418.988
877.077 366.695
842.823 322.696
819.2 353.491
992.526 453.3
904.527 344.71
926.394 444.696
855.414 412.014
681.14 262.705
759.018 284.813
918.56 403.231
927.424 395.899
924.481 350.463
917.379 417.788
937.152 438.13
913.806 362.707
910.755 409.969
862.657 424.207
3911.99 1100.47
3480.16 931.187
4093.41 1213.09
3524.93 955.919
3943.59 1072.86
3630.17 1067.38
3615.5 1065.24
3557.18 1047.51
3608.27 1092.86
3616.68 1136.62
3913.38 1161.6
3490.75 1077.79
3549.06 1039.33
3284.99 972.58
3353.64 995.722
3820.42 1174.19
3713.1 1023.68
3871.77 1164.77
3675.23 1092.34
3344.48 893.672
4115.65 1198.19
3377.45 1041.35
1686.53 531.813
1692.62 552.668
2036.63 650.298
1820.04 539.536
1523.3 489.103
1876.6 548.956
1655.06 541.895
1755.28 559.715
1979.71 652.353
1744.21 625.176
1847.19 625.484
1772.95 593.563
1737.14 577.063
1837.47 643.391
1636.15 579.522
1568.49 545.034
1628.35 521.261
1552.37 488.826
1404.09 439.636
1572.88 462.928
1709.94 566.186
1333.23 421.723
2637 935.96
3190.85 973.251
3221.81 896.186
3049.15 922.441
3414.54 1023.74
3000.4 939.931
2840.16 844.35
3156.96 965.81
3311.2 1016.93
2777.26 858.862
3149.83 971.716
3352.87 1179.35
3134.08 942.473
3129.75 941.378
3232.12 951.987
3432.12 1034.64
2914.4 831.687
2996 891.724
3368.56 949.171
3195.49 919.973
3171.42 1008.37
3228.75 1097.43
2600.35 965.978
2891.34 805.074
2847.92 787.414
3068.37 855.303
3020.43 891.704
3320.08 950.906
3074.46 872.088
3140.78 874.019
2954.13 967.673
3519.59 1064.2
3331.11 1004.33
2915.54 896.695
3117.29 902.381
2945.94 874.698
3135.2 948.433
4167.79 1222.85
2275.02 631.82
3822.49 1117.32
3898.03 1095.87
2720.89 774.288
3122.12 931.478
3743.2 1258.14
