2951.04 1066.61
2804.42 791.194
2792.2 951.552
2448.6 642.286
2337.88 714.938
2837.59 912.139
2919.33 813.064
2735.26 849.11
2583.86 769.773
2702.67 856.45
2379.21 679.147
2361.13 740.395
2475.52 738.576
2132.87 680.505
2768.35 825.855
2135.15 648.93
2513.4 725.285
3299.7 1055.7
2577.46 741.592
2423.43 708.08
2743.97 843.5
3353.56 1198.19
2672.86 860.931
3071.14 875.349
2839.08 861.861
2592.45 666.359
2672.81 721.947
2676.22 787.458
2371.82 692.653
2786.79 890.783
2757.54 840.231
2538.84 850.838
2389.76 665.22
2235.97 736.649
2688.63 740.566
2728.38 783.181
2192.43 631.497
2425.37 712.395
2205.7 585.357
2442.76 687.136
2236.44 650.042
2183.29 635.238
2479.96 676.592
2575.71 879.039
3398.17 889.835
3359.79 917.422
3407.98 1081.25
2837.68 770.243
3995.65 1210.32
3449.11 1089.22
3089.44 840.977
3428.81 1051.15
3840.94 1238.1
2966.83 846.565
3040.72 969.499
2901.33 804.984
3434.87 1000.79
2789.53 819.801
3622.74 1111.25
2801.63 741.252
3493.59 1074.22
3041.07 830.841
2914.45 818.563
2702.86 695.06
2708.81 765.877
3197.13 1038.01
1968.49 641.686
1467.35 478.217
1212.4 395.837
1140.14 378.682
1533.76 562.767
1376.33 467.264
1452.96 503.328
2072.3 657.298
1526.33 509.328
1497.72 527.386
1544.99 497.564
1157.87 444.482
1414.38 470.457
1251.94 431.264
1362.15 480.351
1375.91 484.107
1205.13 408.729
1265.35 390.966
1176.37 450.342
1469.27 522.934
1337.47 473.936
1382.74 424.673
3780.98 967.803
2906.44 749.764
3206.06 850.824
2722.08 751.181
3083.13 871.123
2572.71 687.004
3007.96 944.675
2872.38 847.233
2936.15 946.891
3244.72 979.434
3360.18 1152.53
2443.63 697.357
2822.8 954.249
2999.93 990.309
2921.42 909.382
3207.19 1011.65
2978.8 863.802
2907.6 800.228
3456.56 947.483
3635.38 1011.72
2751.01 727.239
3377.05 873.476
743.794 322.348
832.4 389.514
789.683 335.585
749.55 283.755
827.51 331.705
680.595 273.211
703.087 286.228
707.648 336.585
699.521 282.71
791.193 355.887
766.066 338.448
849.038 323.029
844.335 367.977
1060.93 384.821
901.777 346.222
812.851 410.135
808.599 336.729
963.666 368.243
794.008 359.69
778.514 335.319
873.228 352.963
858.546 384.333
2839.3 602.726
2937.8 725.186
3191.36 905.763
3104.11 920.802
2956.29 768.72
3162.08 1005.55
2843.87 836.663
3280.62 925.273
2688.97 806.152
3578.22 1129.53
3189.81 890.311
3025.33 904.538
3204.19 938.954
3462.77 1031.69
2933.12 866.282
2931.43 833.628
3567.26 1099.79
2497.95 698.589
3798.17 1100.49
3374.31 1006.38
3120.98 829.786
3283.25 815.977
1468.34 343.648
1063.03 398.592
1143.3 426.78
766.19 318.188
699.981 262.532
828.829 290.485
677.624 273.9
738.517 287.293
678.553 296.61
674.379 251.382
748.948 266.267
732.09 343.232
887.454 381.534
545.617 285.989
964.128 409.037
511.552 237.866
777.444 318.062
607.488 235.347
855.385 380.992
759.081 311.954
775.003 330.434
779.544 303.225
3213.96 679.577
2949.5 737.172
3615.84 1052.54
3551.94 1047.64
3378.02 967.101
3407.74 1039.84
2928.74 821.892
3422.95 1073.61
3199.05 935.432
3520.36 1058.3
3106.15 951.841
3235.03 962.99
3440 1161.21
3599.6 1176.5
3515.81 1108.91
3590.78 1133.02
3255.6 925.848
3122.41 863.987
4138.99 1261.86
3869.06 1134.78
2140.05 1073.29
2842.63 550.134
891.12 327.99
876.59 329.804
909.744 361.34
785.507 360.301
802.455 568.155
827.19 337.321
814.478 356.711
956.455 376.721
846.059 445.26
813.927 350.935
953.938 466.322
778.972 317.313
771.339 463.202
940.854 371.861
941.138 397.681
883.679 384.058
919.699 363.902
875.101 358.215
855.904 476.16
841.631 335.229
936.656 376.422
1140.5 174.918
3024.93 670.912
2909.59 786.435
2744.36 836.232
2854.42 824.494
2959.11 955.851
3030.01 1116.61
3019.8 883.294
3327.28 1149.69
3112.97 964.956
3416.67 1109.68
3357.28 1087.42
3593.7 1189.67
2998.62 869.125
3927.18 1241.04
2458.2 655.21
3267.73 1089.01
2765.84 835.32
3219.46 954.318
3245.36 944.896
3746.03 1070.91
3109.01 731.258
2891.6 549.458
1408.04 212.302
1041.33 273.772
753.068 286.683
745.125 316.757
810.344 343.99
623.546 285.5
756.203 274.161
1003.83 364.788
1450.36 503.041
1219.48 433.073
682.654 349.53
842.348 348.298
759.9 294.178
790.883 360.955
862.197 306.634
772.165 424.84
556.113 223.015
810.151 345.238
731.857 248.954
880.987 385.912
928.276 430.838
874.039 272.352
3957.35 750.505
3460.09 736.188
4701.69 1145.45
3923.36 1064.76
3709.66 1105.2
3770.64 1115.3
3716.41 1241.95
2867.06 843.591
3094.21 921.845
3587.31 1098.19
3491.52 1029.24
3439.15 1045.09
3898.88 1194.69
3059.85 824.514
3813.09 1178.29
3699.99 1068.55
3744.36 1121.44
3481.32 997.825
3822.64 1063.4
3459.57 1081.23
3473.38 866.061
3308.22 688.505
1065.89 229.713
1024.03 352.399
1049.73 375.604
963.954 378.28
712.25 253.56
1013.72 372.293
789.156 337.784
908.551 377.985
897.745 355.863
875.592 330.664
796.765 311.681
793.707 318.8
936.787 495.178
907.232 383.607
896.846 371.095
876.887 308.262
1034.4 446.865
803.223 342.267
760.031 323.568
817.475 373.451
883.245 289.653
969.037 372.565
2970.83 712.759
2968.97 689.706
2832.7 870.033
2671.54 730.911
2572.79 734.302
2973.72 917.21
2771.97 909.518
2711.93 828.752
2892.59 831.626
3008.2 962.045
2935.42 874.239
3305.89 1170.97
2896.52 861.513
3176.2 884.733
3282.84 904.969
3564.26 1016.2
2846.31 885.913
2473.16 741.642
2761.95 830.123
2988.03 825.483
3062.23 674.753
2868.51 609.603
883.167 257.185
686.165 222.106
842.494 299.822
553.697 249.111
562.361 230.741
1156.36 405.982
549.59 257.672
633.309 260.016
552.547 263.871
646.619 308.769
819.956 321.813
659.672 275.334
532.292 226.455
690.417 303.707
702.798 313.483
719.531 282.605
553.556 306.89
1055.58 395.537
526.45 226.499
548.852 242.918
681.401 245.959
791.368 258.377
2893.31 558.812
3129.3 723.637
2983.35 761.343
2899.57 798.16
3310.24 1013.07
2865.02 826.365
3085 872.925
2879.56 845.189
2585.94 775.836
3313.89 999.319
3466.06 1047.23
2702.72 752.801
2369.66 731.619
2638.07 797.221
2760.42 886.489
2755.7 770.676
3065.02 887.344
2997.45 791.653
3076.03 786.35
3408.88 930.427
2979.95 730.954
3211.01 623.219
829.893 270.931
850.777 271.375
740.059 317.677
782.905 310.268
979.937 345.13
896.949 316.275
768.337 307.376
928.64 376.19
731.887 256.654
650.473 256.911
604.523 257.059
925.015 381.39
834.549 297.357
779.868 314.78
858.111 337.579
788.117 324.468
741.368 285.83
903.58 318.713
935.299 305.689
901.618 319.605
740.136 231.97
828.25 220.523
3972.47 715.742
3651.34 967.633
3795.83 1071.23
4091.57 1193.13
4044.34 1181.43
3759.6 1302.71
3911.89 1297.38
3536.7 1179.3
3455.81 1122.26
3563.24 1128.46
4024.9 1253.29
3480.95 1060.05
3996.94 1412.03
3823.66 1337.69
3723.91 1193.33
3426.93 1075.28
3925.44 1257.29
3822.33 1234.17
3666.69 1298.06
3838.98 1052.89
4018.57 979.608
4128.72 954.707
798.008 175.824
1124.67 447.046
977.682 370.462
1160.91 414.488
873.049 345.301
804.827 335.141
715.066 311.842
1071.91 439.898
773.92 355.078
1066.68 464.358
793.497 329.334
853.86 352.926
1126.81 499.994
1359.85 525.991
855.56 330.982
954.153 390.022
831.516 387.536
1210.09 497.361
1092.41 391.499
962.17 478.201
900.087 343.753
954.043 398.032
3075.85 607.592
3700.84 931.409
3610.76 926.874
3011.58 771.48
3705.32 1019.71
3124.95 870.716
3110.45 956.223
3179.33 947.732
3239.84 981.364
3269.37 991.915
3363.03 1013.64
3186.94 962.423
3578.17 1137.77
3458.51 1005.29
3572.2 1069.3
3954.79 1188.42
3305.34 974.172
3957.88 1109.36
3732.48 1066.93
3444.94 884.109
3435.76 879.791
2566.25 1886.91
603.906 715.087
647.792 238.19
693.389 280.417
618.64 252.291
717.792 337.542
598.507 256.649
681.703 269.437
699.787 272.361
771.223 315.203
540.243 288.973
601.777 254.812
638.478 285.072
759.102 305.31
650.232 230.948
702.742 284.543
713.643 314.858
946.28 365.718
702.648 265.976
722.881 340.75
678.307 216.495
780.795 341.646
687.607 268.066
3013.54 820.51
3741.41 1004.05
2922.2 770.102
2717.72 763.493
3456.77 1050.99
3222.8 825.702
3534.88 1113.26
3615.69 1048.58
3609.6 1149.04
2784.04 876.479
3151.71 999.734
3417.96 1039.42
3170.82 965.3
3850.51 1170.42
2863.64 832.586
3301.53 1063.2
2958.5 808.086
3225.61 1002.57
3245.34 933.49
3166.18 898.417
3223.33 871.699
3778.2 1045.66
852.758 392.168
783.307 256.559
1012.46 349.576
968.324 342.724
855.801 414.999
887.636 370.14
834.587 331.494
835.659 339.434
993.152 436.15
924.131 385.636
917.53 427.834
865.535 399.377
697.165 264.946
757.171 297.51
925.662 438.389
946.001 394.348
925.011 362.617
924.839 389.611
972.033 442.041
921.311 431.322
942.169 441.011
1109.56 526.995
3929.88 1012.13
3473.32 906.884
4097.62 1196.79
3567.27 984.848
3991.96 1106.37
3670 1105.54
3699.16 1153.55
3621.5 1062.55
3633.35 1113.92
3650.33 1138.95
3963.12 1158.62
3499.02 1090.69
3607.2 1115.17
3307.47 975.616
3390.71 956.874
3824.66 1172
3718.43 1038.97
3942.26 1238.49
3629.11 1045.64
3386.65 905.28
4130.86 1161.61
3392.96 949.539
1663.89 425.235
1691.28 533.247
2078.2 644.163
1845.97 528.595
1534.13 528.623
1885.08 563.779
1722.56 610.221
1768.88 567.537
2041.35 696.256
1732.39 630.551
1868.98 642.817
1827.91 635.672
1773.72 625.93
1861.11 630.588
1659.91 555.018
1567.36 563.355
1682 550.3
1553.78 493.312
1400.51 413.941
1598.36 466.23
1738.73 624.447
1328.79 400.822
2665.21 959.972
3197.73 926.595
3233.59 901.032
3094.02 952.848
3441.02 1019.66
3047.8 1019.84
2816.17 842.359
3173.69 946.305
3336.63 1031.35
2792.36 885.773
3184.01 1049.19
3073.65 960.783
3135.84 928.036
3179.1 930.752
3294.94 972.71
3427.39 1022.05
2923.16 854.882
3050.03 994.997
3363.66 938.633
3222.35 969.186
3152.58 916.157
3349.62 1150.43
2572.52 916.024
2929.88 799.94
2905.21 835.252
3083.36 868.024
3068.72 950.326
3348.87 951.083
3100.33 892.845
3195.61 934.142
2984.84 957.04
3499.87 1012.65
3351.92 1022.44
2927 902.313
3152.3 940.69
2925.6 826.683
3184.24 996.181
4205.84 1234.31
2287.84 638.75
3888.36 1153.73
3869.39 1050.81
2686.49 738.669
3117.99 952.473
3785.12 1295.06
