2876 1008.72
2813.91 795.294
2747.47 877.989
2428.9 669.502
2301.22 673.494
2783.81 875.225
2916.12 824.986
2701.07 808.883
2576.36 771.361
2700.05 841.556
2375.41 673.997
2357.94 729.803
2483.48 729.636
2113.38 661.913
2721.53 807.616
2117.25 634.714
2497.21 700.067
3101.46 899.116
2577.45 736.82
2434.87 728.988
2715.63 841.912
3258.41 1140.13
2651.06 849.633
3042.85 823.562
2808.44 837.744
2581.09 667.151
2666.89 711.066
2690.63 785.231
2342.51 656.191
2723.64 832.767
2719.82 817.766
2537.89 832.429
2405.55 680.597
2214.82 715.952
2684.07 736.713
2743.75 807.9
2202.19 645.369
2421.01 682.761
2203.18 590.942
2436.49 695.869
2227.99 633.101
2152.91 613.594
2466.29 665.006
2562.32 882.113
2376.77 100.587
3337.52 909.85
3326.17 1071.45
2828.36 756.93
4006 1274.25
3409.57 1021.78
3084.12 864.532
3383.23 996.293
3819.13 1261.65
2947.8 827.538
3060.45 977.801
2926.46 819.858
3428.11 1021.4
2767.25 793.409
3556.68 1108.35
2763.37 715.5
3457.76 1043.21
3036.41 865.54
2923.38 814.982
2724.09 760.101
2668.58 758.176
3204.61 1120.49
1998.08 645.925
1474.81 485.661
1215.92 417.781
1135.58 392.967
1503.55 558.719
1376.88 451.743
1427.57 499.979
2074.67 635.795
1511.9 480.809
1444.82 473.467
1545.53 507.049
1167.48 441.255
1416.69 489.247
1240.08 432.845
1342.5 465.455
1369.95 458.501
1200.6 413.265
1269.63 413.645
1157.16 447.042
1456.74 477.747
1349.48 455.594
1370 466.966
3809.95 1084.74
2871.47 748.094
3173.2 849.908
2734.66 762.995
3066.56 871.712
2571.45 696.077
2958.12 899.016
2837.42 826.955
2930.32 910.971
3236.42 998.894
3361.48 1179.5
2444.56 706.754
2763.34 869.008
2967.23 975.872
2922.81 896.343
3131.41 971.47
2986.12 900.68
2905.13 794.464
3434.32 992.337
3629.81 1015.51
2692.13 710.01
3372.17 906.033
728.853 298.343
801.12 345.694
777.09 321.427
737.623 328.645
810.207 345.406
682.19 312.187
695.833 301.655
692.992 301.568
708.992 294.295
804.217 353.689
758.161 327.7
841.399 323.478
848.991 377.031
1066.93 401.208
909.142 338.656
799.898 382.148
796.773 353.757
948.476 378.805
776.27 333.776
776.465 333.4
858.339 349.008
824.424 370.789
2929.33 724.505
2893.94 729.742
3131.59 893.495
3111.94 892.878
2950.37 792.929
3127.93 972.835
2806.73 805.118
3233.08 917.678
2643.21 768.373
3592.42 1165.28
3182.36 925.763
3016.73 919.037
3195.33 919.802
3436.48 987.331
2919.22 819.102
2918.73 815.535
3536.79 1055.41
2481.89 665.812
3741.71 1050.45
3346.95 1054.42
3112.38 838.036
3304.25 882.643
1468.99 403.499
1094.99 396.409
1150.39 459.457
770.643 314.76
689.992 282.593
823.107 291.073
674.593 279.369
727.607 275.738
673.651 301.243
669.175 261.833
745.455 268.478
714.834 335.961
896.639 364.044
556.188 276.664
933.503 374.329
521.872 241.423
777.337 305.664
603.256 234.348
856.126 358.724
742.19 317.147
750.999 317.759
808.722 459.87
3227.07 739.362
3003.62 812.781
3644.15 1085.35
3600.06 1092.39
3399.86 976.108
3386.76 1036.01
2891.12 815.017
3370.06 1070.75
3172.11 901.327
3504.1 1087.21
3130.47 953.456
3262.23 996.682
3427.47 1122.9
3521.08 1089.28
3479.08 1104.91
3556.34 1074.96
3205.62 936.463
3121.11 870.48
4125.45 1280.8
3812.5 1119.61
2840.51 761.962
2907.11 638.417
925.474 395.157
887.958 357.331
898.94 402.631
769.219 351.528
807.871 466.052
825.885 333.336
818.447 334.468
946.039 358.222
844.099 429.005
823.361 366.707
955.974 455.648
776.974 314.198
781.363 406.785
949.297 372.017
925.509 380.1
877.067 384.123
906.603 336.18
870.678 377.071
814.113 384.469
813.99 319.653
917.858 362.237
1106.66 389.205
3050.85 746.012
2927.59 826.341
2707.49 815.936
2829.89 827.011
2952.8 933.599
2996.32 1057.79
2938.98 864.042
3292.68 1113.97
3077.49 934.695
3388.17 1033.32
3299.34 1038.4
3567.24 1138.97
2948.21 838.988
3911.72 1254.74
2461.9 676.333
3228.24 1031.97
2744.81 809.627
3176.55 941.894
3236.54 987.091
3720.52 1022.49
3120.86 759.212
2969.07 538.01
1465.78 431.592
1069.29 341.646
739.396 283.671
735.854 303.262
793.338 323.585
597.933 253.724
760.016 293.366
994.239 362.707
1412.47 484.912
1207.68 428.352
688.746 345.87
836.53 340.37
751.761 305.859
794.835 386.429
861.977 316.951
767.781 360.2
554.931 215.497
792.161 353.12
737.521 271.563
884.726 380.201
891.224 394.755
888.032 281.713
4391.73 1151.91
3464.65 770.27
4640.65 1179.88
3923.06 1099.45
3783.19 1189.58
3758.36 1079.94
3669.41 1188.47
2854.81 828.797
3064.25 945.636
3563.69 1089.22
3485.88 1021.82
3404.06 1008.19
3856.17 1153.38
3098.8 890.074
3787.79 1180.94
3674.74 1061.71
3744.05 1124.13
3494.38 1056.45
3855.69 1100.57
3585.36 1252.38
3441.68 854.758
3384.43 858.25
1075.46 366.502
1013.76 341.209
1035.94 404.968
960.629 362.128
709.329 265.816
1028.11 401.833
779.078 360.227
880.601 334.902
904.581 382.511
873.275 346.582
793.133 331.09
800.533 336.555
861.515 349.127
921.014 375.935
896.107 360.451
880.698 319.183
1041.41 424.299
795.204 339.646
772.188 341.675
820.147 377.883
852.985 288.383
1001.79 367.438
3043.43 744.089
2953.67 694.38
2856.74 871.048
2649.39 745.978
2577.05 726.221
2904.48 898.704
2720.94 848.548
2710.36 831.258
2901.22 884.649
2980.77 928.961
2889.46 857.713
3245.18 1137.41
2865.13 849.987
3145.26 895.517
3268.1 927.425
3525.65 1051.71
2858.19 868.238
2439.24 726.006
2765.12 828.815
2947.41 805.551
3060.28 696.641
3012.06 775.326
888.644 292.622
694.02 222.375
841.963 312.493
562.972 236.502
554.584 215.121
1159.87 407
550.13 258.91
630.142 282.565
545.502 240.122
659.52 309.159
817.073 309.316
659.439 271.95
522.301 220.248
699.535 286.302
697.612 290.501
716.018 287.558
548.3 294.745
1054.85 395.2
528.207 222.487
547.99 236.764
653.191 216.101
806.402 315.286
2881.58 575.281
3104.21 730.648
2956.52 764.154
2914.77 793.255
3287.76 1002.49
2855.24 837.579
3052.81 868.312
2850.21 839.366
2553.57 744.953
3292.49 992.212
3493.41 1081.48
2684.6 758.91
2384.49 727.156
2602.63 774.795
2748.7 871.164
2760.17 790.495
3032.11 863.251
3000.55 803.46
3050 767.836
3405.13 931.624
2962.24 725.533
3276.23 631.287
845.361 305.246
851.467 300.765
732.797 308.529
790.463 317.232
974.388 343.346
888.477 306.973
758.782 287.716
920.889 373.388
724.368 256.944
635.162 262.052
608.172 256.442
868.645 323.832
825.369 306.682
771.259 297.062
844.904 329.971
790.604 340.163
745.235 276.518
896.998 314.025
937.382 312.678
879.966 345.99
732.81 217.642
841.175 249.364
3980.94 939.405
3640.64 1077.72
3785.57 1104.33
4029.11 1233.17
3996.99 1163.32
3760.23 1291.01
3911.24 1301.91
3473.72 1145.5
3415.26 1115.1
3620.99 1174.97
4009.65 1229.75
3472.9 1007.8
3919.35 1314.59
3794.73 1297.92
3679.17 1150.11
3399.36 1042.21
3874.57 1253.25
3778.24 1220.68
3562.89 1189.98
3924.52 1123.16
4035.87 994.718
4121.51 871.882
759.51 216.986
1137.77 427.657
984.472 381.975
1147.04 422.598
848.989 331.763
807.786 316.904
715.143 301.774
1078.56 452.041
768.542 341.659
1054.99 444.211
787.172 326.354
846.081 359.973
1129.58 516.072
1363.27 546.642
850.136 353.166
966.701 418.805
809.424 356.364
1206.75 492.044
1098.84 390.26
899.217 430.232
908.362 334.716
993.166 422.576
3151.95 685.896
3723.92 962.808
3589.06 961.253
3037.24 794.08
3675.22 1032.82
3084.27 844.466
3130.66 960.851
3182.3 977.072
3225.6 1005.05
3230.01 965.738
3302.69 1000.81
3172.71 941.579
3544.66 1091.35
3442.39 996.907
3508.56 1043.73
3942.82 1198.53
3275.45 947.515
3880.47 1046.13
3664.18 1043.64
3499.2 974.332
3425.75 887.218
3462.08 824.693
685.926 242.632
635.932 247.511
689.896 291.458
624.264 257.048
718.663 322.791
593.904 244.629
671.807 291.194
693.793 271.763
776.751 330.89
534.861 254.481
605.938 252.704
631.712 252.138
761.635 309.719
648.467 245.748
698.183 274.839
707.878 304.568
935.834 346.315
704.465 264.99
714.185 296.506
666.513 238.557
782.934 307.409
703.374 265.708
3084.97 922.943
3756.11 1121.89
2930.72 803.867
2702.94 780.069
3464.07 1040.15
3163.43 843.346
3522.96 1094.57
3584.4 1037.74
3616.76 1154.48
2795.07 871.601
3089.55 963.202
3397.13 1021.57
3132.76 926.599
3834.84 1173.6
2824.28 820.882
3284.37 1047.1
2964.69 840.037
3174.49 942.742
3214.76 957.672
3136.53 880.869
3242.37 935.805
3813.74 1009.53
860.375 328.191
787.928 265.697
1001.08 353.466
964.271 364.748
854.405 420.577
880.901 367.451
836.934 326.67
821.742 360.462
997.247 470.756
907.816 352.142
919.789 415.304
867.186 424.168
682.016 256.279
758.411 281.79
926.008 422.977
930.726 387.775
931.26 353.252
928.101 401.616
933.084 442.498
917.655 398.751
911.763 398.961
1089.74 515.445
3924.28 1094.86
3480.19 920.99
4094.34 1200.95
3544.86 955.359
3965.16 1074.74
3641.15 1077.33
3628.02 1076.61
3578.14 1060.36
3606.96 1094.47
3637.49 1147.49
3922.38 1162.84
3517.55 1103.92
3581.55 1067.71
3301.75 987.338
3372.24 993.534
3821.46 1176.24
3719.25 1032.67
3876.76 1165.76
3650.73 1091.34
3350.42 897.52
4130.63 1183.99
3381.74 1039.33
1691 499.617
1700.98 545.016
2043.96 648.425
1824.72 542.98
1528.24 508.014
1865.12 544.535
1662.91 542.904
1756.58 558.529
1993.17 649.671
1739.86 627.85
1849.07 637.803
1797.24 617.553
1731 564.398
1850.3 651.613
1637.99 554.793
1570.1 558.379
1622.13 527.378
1559.6 506.294
1404.99 433.837
1586.27 478.86
1725.61 558.771
1338.66 422.929
2665.19 962.797
3214.72 1004.17
3241.06 921.81
3064.62 955.379
3426.22 1037.77
3018.16 946.787
2845.1 856.48
3150.67 950.309
3321.76 1022.89
2802.01 896.253
3175.11 1017.47
3055.16 959.276
3143.98 939.305
3123.99 919.318
3222.1 947.536
3439.61 1031.91
2914.98 846.46
3000.42 908.509
3370.57 944.894
3202.63 938.347
3157.33 984.847
3247.83 1085.61
2575.9 921.917
2910.32 802.103
2859.39 795.643
3069.19 861.659
3039 916.872
3351.81 964.569
3094.47 910.055
3133.56 855.515
2979.9 974.475
3492.05 1041.94
3343.88 992.716
2909.33 897.168
3105.88 890.632
2933.35 850.885
3138.93 944.279
4220.13 1233.62
2279.57 628.924
3857.24 1153.03
3896.03 1109.79
2698.84 757.932
3119.92 917.116
3757.1 1283.44
