2864.37 889.007
2781.81 668.139
2728.11 814.723
2422.45 656.531
2257.3 722.035
2767.66 801.765
2887.63 833.445
2722.31 817.652
2603.44 713.818
2674.72 862.958
2353.71 628.572
2276.14 635.541
2432.63 727.245
2063.44 618.356
2727.48 814.787
2049.85 558.654
2531.78 714.06
3154.85 835.761
2556.26 615.54
2445.01 713.894
2627.76 737.7
3203.67 1149.94
2719.48 761.61
3036.3 791.139
2757.01 760.43
2627.85 642.979
2626.2 703.551
2676.37 743.766
2355.58 642.41
2706.64 797.761
2656.85 768.325
2550.32 785.445
2427.71 606.802
2222.39 752.653
2686.74 683.951
2769.05 774.381
2209.19 595.361
2517.74 688.425
2240.33 596.055
2464.89 640.532
2193.73 538.355
2126.98 594.967
2489.38 612.384
2459.55 774.499
3307.62 807.403
3240.05 617.096
3161.13 958.635
2889.94 742.7
3878.42 1252.85
3344.37 880.318
3032.12 780.448
3378.9 979.408
3750.33 1131.43
2925.5 771.911
3155.44 923.28
2910.42 876.833
3429.59 1007.47
2748.88 695.365
3400.44 1001.76
2786.2 720.946
3385.45 958.418
3007.33 725.479
2827.91 639.006
2678.24 686.045
2605.4 624.718
2983.81 958.662
1951.95 489.624
1485.67 445.277
1215.92 343.62
1110.16 289.679
1463.01 551.795
1385.85 450.273
1414.55 466.57
2099.92 664.758
1495.15 450.237
1403.86 448.065
1547.65 427.079
1173.05 367.869
1454.85 579.256
1259.57 416.141
1376.19 468.697
1402.94 463.622
1225.41 407.721
1243.92 354.718
1170.97 430.477
1426.17 439.222
1357.29 428.98
1324.93 388.259
3768.6 694.612
2705.84 655.715
3229.63 853.314
2740.7 713.373
3141.71 840.924
2513.87 613.564
2889.78 873.287
2860.07 760.495
2992.02 832.093
3209.91 872.993
3395.24 1047.49
2462.24 714.706
2767.85 838.012
2871.5 796.188
2887.99 901.322
3099.79 903.321
3056.17 910.447
2847.16 774.619
3382.31 897.497
3526.02 933.693
2645.61 598.734
3122.37 585.623
734.355 0.0094024
764.29 347.745
796.712 296.83
810.848 441.999
816.508 336.947
685.557 315.602
677.723 295.233
724.565 314.339
760.748 353.482
862.171 475.478
772.812 299.712
838.836 292.653
844.551 356.618
1058.87 393.819
931.381 407.634
828.166 381.844
801.856 332.538
949.176 423.177
799.699 371.552
777.624 308.566
859.465 324.591
795.588 162.927
2921.52 573.855
2819.08 618.463
3104.79 761.959
3049.19 749.572
2894.58 799.965
3073.89 891.767
2862.74 770.64
3275.26 869.968
2633.1 722.635
3519.52 952.079
3194.21 871.546
3030.71 931.654
3218.49 822.955
3456.56 986.626
2951.34 768.363
2938.3 830.184
3514.63 1024.78
2534.01 660.999
3714.24 988.999
3273.5 924.879
3093.63 781.514
3146.06 835.453
1483.38 371.359
1087.14 357.577
1085.19 361.991
779.971 341.427
688.815 293.337
844.356 294.913
687.154 300.147
726.579 275.388
692.81 283.782
691.089 309.141
751.418 318.925
733.805 283.975
926.769 372.209
583.016 244.297
940.148 267.318
517.975 215.553
798.312 310.331
597.724 210.563
879.936 346.189
774.388 330.761
729.967 228.028
830.579 184.152
3054.91 504.236
2881.17 612.008
3584.84 900.471
3519.08 888.176
3378.65 975.631
3368.83 944.448
2873.44 741.547
3461.76 1007.26
3107.1 806.417
3415.08 977.415
3116.28 874.382
3188.59 959.129
3407.54 975.933
3486.27 1037.14
3430.97 898.151
3488.8 979.345
3233.21 933.686
3093.12 760.601
4015.02 1090.84
3766.64 914.666
2811.73 728.125
2903.38 643.41
944.254 265.687
861.058 257.08
925.252 395.001
748.021 322.328
776.201 335.694
848.9 319.079
808.256 348.57
964.227 403.491
818.898 413.542
814.412 347.181
960.108 348.212
822.177 368.843
791.009 395.804
940.47 363.011
928.803 381.603
862.85 403.173
929.045 323.392
849.259 368.402
814.232 411.829
816.672 286.517
876.046 273.022
1234.98 119.944
3076.59 547.213
2774.39 648.64
2703.03 757.575
2882.37 849.902
2923.3 923.468
2991.74 927.654
2846 779.181
3245.3 1032.3
3120.62 948.883
3449.52 1008.23
3291.65 983.071
3642.78 1105.04
2885.38 829.679
3911.09 1271.57
2483.4 651.87
3292.4 1020.33
2797.94 812.268
3095.14 909.584
3143.07 977.883
3563.43 844.002
3005.9 660.592
2920.52 844.461
1503.28 202.579
999.46 245.975
705.032 246.437
737.48 313.792
814.009 327.473
633.93 284.072
766.205 313.758
991.479 383.718
1368.3 415.821
1224 402.101
738.121 314.668
844.474 364.646
732.79 315.626
788.528 402.332
871.463 281.558
778.757 352.383
564.986 228.7
777.141 322.023
743.502 317.536
841.801 359.799
806.218 274.735
843.784 131.539
4212.27 599.277
3304.3 515.632
4566.91 1038.11
3850.55 975.271
3709.57 1072.32
3697.62 926.502
3682.07 1175.05
2849.65 831.23
3068 987.829
3596.09 993.252
3501.42 974.664
3470.26 902.923
3797.04 1058.62
3068.61 806.715
3751.32 1082.38
3734.96 968.401
3687.34 954.122
3407.06 958.67
3714.29 969.473
3333.11 941.456
3035.86 2057.8
3350.53 781.111
1104.08 231.241
1019.13 273.284
1031.03 367.498
965.732 374.296
737.907 311.305
1049.56 414.222
776.431 320.368
896.727 325.898
968.874 378.224
877.945 330.407
796.715 264.209
796.9 324.265
863.513 375.667
949.433 380.728
939.779 425.695
882.651 330.572
1055.82 458.783
789.884 239.984
757.767 325.57
873.666 397.577
832.435 275.493
963.701 138.318
2815.16 553.803
2896.33 576.653
2819.03 724.43
2600.19 657.821
2533.1 661.242
2976.82 912.129
2754.88 734.099
2718.45 819.094
2974.9 857.554
3036.14 935.153
2944.09 856.771
3439.47 1297.82
2885.05 816.579
3125.09 895.387
3184.9 784.226
3515.33 976.235
2869.67 763.219
2438.74 737.533
2788.94 732.319
2991.63 800.177
3134.62 654.135
2871.87 487.093
942.513 196.24
691.316 233.514
891.624 276.928
579.561 217.191
561.517 208.368
1126.57 404.637
577.167 232.567
622.216 332.606
541.392 228.131
648.086 275.561
858.404 354.645
695.078 277.809
543.337 242.987
707.419 290.013
710.047 272.025
708.085 280.639
542.322 260.756
1041.95 367.177
519.532 193.371
584.448 256.336
668.099 215.142
840.56 159.558
2839.53 446.535
3000.32 580.345
2977.9 678.98
2868.51 661.355
3282.53 972.069
2858.62 851.871
3011.2 786.095
2876.37 768.88
2566.32 675.896
3238.34 781.933
3518.15 1056.43
2656.35 740.833
2341.73 695.932
2626.31 664.14
2751.08 702.631
2753.93 758.935
3016.63 833.368
2984.84 777.568
3084.4 738.809
3358.91 855.301
2947.77 638.484
3141.46 639.827
801.595 138.348
816.329 254.19
759.919 245.712
791.884 231.858
965.535 352.048
899.154 329.699
763.309 333.415
985.222 449.059
729.135 264.366
637.861 306.563
630.68 234.996
896.363 419.712
817.974 316.803
762.246 277.453
863.246 315.278
806.91 343.255
757.312 304.184
928.936 302.086
921.026 308.791
905.931 418.35
739.591 205.841
808.328 191.188
3843.19 849.919
3575.42 825.505
3578.58 837.381
3862.35 1161.89
3995.27 1177.62
3721.26 1158.17
3902.4 1126.5
3435.89 1172.84
3390.4 1124.12
3516.89 1198.13
4088.34 1239.37
3428.54 945.018
4000.26 1242.33
3772.69 1200.85
3638.14 1119.81
3427.19 1082.7
3739.15 1066.13
3736.31 1152.4
3506.72 1147.23
3751.72 867.45
4026.93 856.465
3992.22 1274.98
701.965 204.844
1120.71 323.29
996.886 341.913
1168.07 476.411
852.592 298.93
847.586 374.581
733.54 281.204
1064.41 480.888
809.474 403.696
1051.46 419.851
803.994 373.369
832.136 361.575
1138.39 518.122
1375.8 505.115
875.316 395.444
993.564 409.849
855.254 399.277
1222.14 416.933
1083.02 433.37
887.668 402.418
906.046 294.053
1059.16 285.9
2996.19 451.65
3540.25 724.773
3588.61 866.994
3007.31 715.149
3635.06 934.421
2993.8 704.584
3077.81 808.05
3200.97 937.49
3132.21 885.758
3171.2 968.763
3323.61 951.39
3182.7 863.539
3554.81 1081.29
3478.17 1016.62
3418.83 882.514
3977.7 1090.3
3276.79 862.72
3780.45 990.756
3650.45 1019.22
3416.41 804.218
3301.1 733.697
3325.41 588.899
707.947 82.8982
633.631 204.37
696.361 320.863
625.83 234.324
710.08 294.152
597.431 222.925
699.837 307.096
716.48 342.235
805.965 373.014
528.554 224.78
616.962 253.005
650.264 297.185
782.733 339.775
623.467 231.949
728.066 275.77
754.3 340.153
953.995 343.071
725.463 302.005
703.509 336.393
694.164 321.076
773.3 234.355
712.273 225.72
3191.96 510.294
3574.21 866.598
2916.45 751.932
2704.44 772.163
3418.31 974.81
3182.97 832.588
3521.96 1077.5
3538.77 928.683
3615.96 1092.15
2787.61 793.979
3134.32 821.135
3359.44 897.421
3096.54 842.18
3886.79 1098.7
2776.62 739.332
3323.44 986.673
2980.53 822.122
3257.89 824.646
3171.96 821.424
3096.25 831.501
3165.91 718.549
3735.49 651.737
925.046 175.066
814.269 280.379
1032.71 404.049
961.677 288.433
817.719 405.656
905.379 328.949
825.918 325.185
866.43 489.573
1057.38 531.035
932.662 356.359
990.651 395.233
832.933 430.673
680.881 290.421
770.142 295.218
903.987 364.028
935.111 456.328
927.413 306.492
902.108 378.904
954.613 506.01
900.211 421.138
884.943 246.222
990.968 395.761
3732.55 741.673
3466.72 812.943
4004.22 1106.23
3539.76 850.656
4006.67 953.251
3523.31 846.957
3554.18 1035.52
3672.69 1058.07
3583.56 929.635
3693.4 1022.55
3889.82 1039.47
3457.84 919.442
3520.27 994.27
3393.26 1027.86
3299.04 933.531
3941.21 966.475
3685.88 990.857
3883.23 1055.45
3532.54 875.358
3281.26 810.195
4032.65 1037.06
3371.56 778.127
1661.24 378.231
1676.98 498.916
1988.02 523.707
1808.97 529.945
1586.57 539.37
1927.32 608.888
1659.6 556.253
1772.32 465.139
1916.74 544.207
1706.16 461.085
1863.35 641.995
1817.11 590.554
1769.61 582.445
1857.54 659.464
1632.28 520.464
1610.25 481.587
1704.12 553.271
1519.73 465.452
1391.17 362.102
1575 456.646
1705.72 470.935
1353.98 421.198
2502.83 891.097
3166.71 937.946
3247.42 906.252
2961.27 620.629
3411.83 1013.13
3010.89 805.439
2858.1 772.506
3147.89 924.444
3354.29 1063.07
2784.29 826.698
3211.1 936.599
3042.41 813.085
3130.59 922.193
3195.74 938.243
3222.96 848.522
3407.55 948.307
2887.09 783.647
3020.42 827.994
3385.91 872.295
3188.48 865.356
3087.5 762.924
3084.65 870.37
2668.97 980.912
2916.33 701.654
2863.67 790.638
3026.63 842.32
2955.91 785.765
3243.29 811.443
3093.03 890.411
3170.06 846.955
2900.06 866.266
3483.26 931.123
3330.33 928.742
2909.88 837.171
3139.78 874.009
2946.99 912.894
3183.07 875.651
4044.26 1017.83
2274.36 637.531
3795.41 1009.51
3838.68 1062.13
2678.79 622.235
3057.66 821.338
3768.21 1289.09
