2962.64 1049.39
2772.55 748.97
2750.22 814.162
2455.45 728.308
2313.74 713.164
2783.74 855.932
2891.46 792.944
2657.81 771.445
2544.88 710.677
2653.8 795.539
2400.08 717.948
2340.96 740.544
2513.09 766.303
2120.75 660.179
2784.97 839.265
2110.55 616.317
2501.09 729.415
3092.96 849.497
2561.46 684.47
2418.93 691.755
2686.43 773.179
3157.09 1006.49
2651.83 872.754
3109.24 870.725
2794.26 831.31
2594.66 711.193
2666.13 685.465
2655.8 776.692
2365.5 696.614
2692.81 783.38
2722.9 752.033
2536.69 788.809
2502.04 761.548
2198.55 706.477
2667.07 705.448
2802.17 854.06
2222.38 649.324
2439.3 695.494
2211.32 599.866
2443.82 725.898
2262.45 600.974
2142.87 607.665
2472.59 628.097
2504.02 812.77
3302.02 902.825
3355.03 886.56
3312.41 1028.02
2916.6 788.899
4029.37 1218.61
3447.49 1026.11
3066.47 884.604
3405.25 1000.2
3920.11 1289.02
2943.95 848.341
3113.87 1024.46
2931.12 882.318
3453.21 1045.68
2749.79 822.822
3559.77 1061.06
2732.41 682.905
3397.19 982.767
3032.22 839.33
2930.95 779.281
2782.25 734.206
2747.49 816.97
3031.87 1000.35
1945.09 565.861
1504.71 506.517
1224.78 415.95
1132.76 396.662
1530.34 599.683
1389.03 451.048
1463.05 501.715
2064.31 645.867
1562.54 506.889
1411.74 459.009
1592.37 532.983
1172.5 439.637
1446.63 493.964
1232.52 484.515
1368.38 509.205
1378.98 491.861
1278.57 444.994
1293.57 455.291
1162.47 383.473
1457.69 492.195
1331.53 430.183
1373.39 484.015
3773.63 831.332
2846.06 715.075
3250.58 989.669
2711.31 785.577
3123.48 955.971
2549.74 702.23
2894.75 925.513
2894.28 837.077
2939.27 864.865
3255.52 1061.18
3462.76 1160.88
2447.87 707.317
2748.81 878.871
2982.37 945.899
3020.77 961.568
3136.6 894.322
2998.03 905.669
2836.62 762.874
3483.46 1034.19
3570.18 964.659
2739.19 663.877
3361.44 741.047
731.46 274.66
786.309 341.168
770.601 307.824
729.429 310.955
792.935 285.873
720.591 334.22
705.847 318.299
697.629 300.329
706.073 258.923
803.04 380.127
749.288 330.297
815.015 365.977
869.337 378.139
1091.26 441.723
933.418 403.659
784.374 309.578
796.293 315.078
945.113 350.826
778.177 347.032
785.162 384.899
862.402 330.864
834.602 241.703
2885.5 611.213
2895.12 731.53
3150.81 897.787
3113.99 890.158
2936.72 817.544
3092.41 967.956
2826.42 776.244
3248.4 956.892
2634.38 724.07
3584.08 1198.7
3188.18 927.931
3084.11 972.368
3179.01 936.425
3500.94 994.139
2920.26 789.325
2943.39 844.807
3520.88 1050.73
2481.12 661.256
3724.37 1016.51
3332.01 863.304
3171.99 837.472
3213.04 652.033
1512.23 420.115
1138.79 416.847
1189.89 435.987
779.137 295.372
686.723 287.543
826.681 297.513
691.689 290.04
730.474 278.302
685.286 313.635
669.653 280.87
756.185 297.966
725.999 344.944
902.086 394.004
561.835 254.708
941.185 382.969
509.755 239.332
762.57 296.426
610.736 201.735
850.665 325.013
750.296 331.65
750.093 315.445
832.42 316.049
3205.61 778.372
2997.7 810.5
3634.83 1060.48
3594.24 994.341
3377.04 980.333
3395.2 1027.31
2898.48 827.603
3396.19 1122.55
3188.34 962.761
3455.07 1064.21
3145.05 948.803
3210.13 902.443
3355.04 1090.2
3497.17 1079.87
3493.87 1083.63
3543.03 1108.44
3183.87 924.119
3185.33 898.876
4089.99 1179.11
3833.38 1101.37
2831.96 723.316
3007.69 667.789
957.383 331.077
885.229 342.096
895.222 397.502
751.474 261.367
879.758 366.885
829.848 325.176
837.072 388.15
909.966 407.761
845.132 435.173
819.547 348.2
938.319 477.332
766.101 311.768
783.491 449.424
933.738 393.217
931.68 374.913
872.464 404.835
923.301 352.405
883.757 312.674
808.401 398.353
799.963 292.167
939.188 422.916
1134.71 404.02
2847.9 552.634
2825.24 742.3
2643.61 782.598
2838.51 838.782
2923.12 877.601
3005.55 1101.08
2950.67 916.289
3322.19 1140.04
3134.68 1016.3
3429.25 1022.3
3308.73 1045.85
3653.85 1139.98
2926.79 813.771
3944.58 1221.41
2496.63 735.238
3280.52 1065.76
2812.99 893.332
3140.85 938.954
3213.51 1011.64
3616.77 948.334
2756.12 1954.22
2879.89 574.251
1378.92 234.51
1079.13 326.373
729.26 303.7
776.641 313.94
778.002 351.639
603.434 239.806
758.896 276.779
1018.92 377.71
1394.27 425.042
1219.15 407.368
728.144 335.467
835.925 375.499
747.928 316.424
762.221 405.191
869.727 346.676
774.196 328.225
557.728 215.093
792.967 372.521
741.478 301.566
855.189 327.011
961.039 422.194
890.956 364.426
4003.04 861.858
3371.95 754.119
4608.08 1238.71
3870.94 1025.26
3743.6 1127.29
3726.15 1071.09
3702.62 1263.72
2849.79 868.449
3074.38 968.834
3540.02 1014.14
3501.05 1055.41
3409.14 1016.28
3930.44 1145.64
3098.13 859.967
3731.71 1152.13
3738.75 1014.99
3853.6 1201.2
3433 969.636
3808.53 1159.6
3421.4 1058.81
3449.36 830.772
3418.53 796.402
1084.32 339.586
1001.6 357.371
1029.13 340.882
1001.01 323.824
705.562 303.102
1029.07 368.1
787.663 366.957
869.486 333.792
916.039 394.098
875.277 357.485
766.567 311.461
807.234 329.796
845.515 402.914
939.841 354.281
903.375 360.83
878.397 333.75
1035.06 441.821
767.669 340.419
741.507 332.047
848.958 381.705
841.284 316.136
931.825 239.216
2924.26 438.436
2907.5 676.175
2802.97 782.752
2689.91 793.291
2629.78 763.37
2950.4 935.226
2719.33 840.455
2738.59 853.164
2844.21 804.296
3044.18 981.779
2913.78 852.274
3347.29 1178.5
2870.78 870.207
3120.31 903.198
3254.96 961.469
3586.1 1083.28
2888.66 863.806
2448.36 716.776
2740.87 800.653
2937.72 756.537
3105.86 759.865
2818.22 574.26
889.277 288.58
684.998 210.403
846.077 294.642
552.077 204.274
556.569 230.429
1169.8 405.882
571.532 269.272
616.075 273.435
535.319 255.089
678.278 320.72
814.177 261.379
692.429 307.4
524.573 218.06
662.785 320.186
681.986 296.961
759.153 365.49
548.665 290.657
1027.61 376.571
522.536 209.41
557.219 227.829
652.425 203.369
787.808 244.081
2798.9 469.131
3077.54 651.113
2952.01 768.053
2901.36 763.78
3239.39 962.216
2859.06 799.336
3072.07 888.241
2940.57 878.342
2577.83 785.786
3257.86 969.459
3448.79 1046.79
2683.31 832.186
2370.04 706.054
2629.3 818.098
2774.01 840.492
2773.71 796.006
3090.88 906.86
3008.43 796.73
3040.14 796.136
3457.42 959.77
2861.5 640.12
3157.67 506.636
848.899 232.18
827.831 274.403
803.174 358.608
821.073 309.085
979.77 361.718
905.711 312.674
772.347 288.954
918.328 328.05
712.208 260.759
645.375 253.85
600.149 229.36
901.993 368.68
822.652 336.751
754.994 311.074
856.491 339.04
765.504 331.471
733.109 259.522
928.859 333.121
931.556 369.272
890.563 317.259
738.171 219.227
829.066 178.899
3791.21 746.418
3574.69 940.55
3739.47 1066.02
4067.25 1309.93
4028.31 1273.17
3763.42 1187.85
3809.6 1271.29
3360.37 1068.59
3450.86 1188.67
3653.85 1164.75
4008.42 1279.7
3405.61 1064.65
3991.69 1283.75
3761.4 1275.08
3720.14 1158.81
3446.26 1075.59
3902.82 1235.59
3809.33 1280.39
3545.13 1193.05
3919.59 1149.3
3948.09 901.372
4064.36 796.1
735.64 266.321
1138.75 397.649
1048.46 465.005
1142.59 393.683
845.386 324.625
819.009 352.62
720.82 308.22
1045.93 478.337
750.584 356.465
1043.42 514.466
809.76 338.645
834.131 372.639
1215.38 565.489
1370.39 512.571
850.683 311.007
967.287 406.988
796.289 349.395
1232.34 535.501
1091.52 411.189
898.288 369.607
945.98 387.508
926.347 278.224
2970.83 654.81
3674.38 869.011
3563.49 955.925
2977.46 768.672
3682.54 1039.86
3061.09 812.369
3179.16 959.859
3123.81 988.972
3183.4 836.868
3194.51 1012.83
3249.3 1003.57
3219.4 988.628
3604.98 1119.59
3459.93 1046
3517.3 1058.25
3969.21 1220.62
3274.3 960.163
3840.52 1054.62
3728.62 1042.17
3548.24 970.756
3336.19 922.764
3404.91 685.534
649.876 275.775
628.858 259.067
713.486 290.802
620.92 237.808
690.791 304.446
593.305 229.645
694.322 288.95
683.073 266.686
790.089 326.481
558.162 265.621
605.002 270.86
639.767 259.621
756.8 350.506
647.18 307.239
705.287 283.149
739.751 345.804
954.079 400.829
697.702 268.6
722.297 343.4
679.478 298.442
801.282 406.887
560.244 278.8
2969.67 988.528
3656.29 1011.56
2917.56 729.375
2692.26 821.938
3535.34 1037.47
3217.98 899.144
3491.85 1040.58
3564.63 1030.29
3575.17 1115.36
2889.12 947.852
3141.71 980.686
3448.02 1087.82
3167.38 906.377
3862.85 1148.64
2807.73 775.28
3352.63 1091.09
3022.79 889.497
3118.54 900.805
3207.29 872.608
3081.27 847.845
3296.41 957.974
3801.57 916.74
876.709 387.777
794.631 271.032
994.298 371.589
956.832 379.634
906.988 418.674
853.693 351.821
835.69 314.102
822.252 348.285
1013.32 520.686
884.391 366.034
960.779 457.374
836.096 422.435
698.104 275.541
773.371 311.967
900.8 437.725
933.294 366.43
957.204 390.22
926.071 404.903
920.818 389.924
917.168 436.761
961.096 429.675
1024.42 419.733
3818.52 981.972
3460.89 875.272
4028.63 1085
3460.79 949.803
3979.89 1034.9
3573.76 1004.68
3608.97 1066.06
3588.76 1061.38
3644.64 1056.59
3637.27 1185.07
3837.48 1112.93
3475.14 1072.3
3542.47 1081.94
3358.64 1006.41
3371.84 972.156
3829.78 1054.27
3739.9 1093.45
3937.15 1241.16
3674.52 1004.92
3354.21 872.057
4096.31 1189.07
3411.25 1003.57
1645.47 489.019
1694.25 568.016
2029.79 618.53
1878.1 562.264
1586.5 479.47
1897.36 626.951
1655.15 530.327
1751.7 556.858
1999.95 656.701
1772.29 639.656
1933.39 680.136
1818.77 628.693
1769.71 646.992
1823.87 578.868
1677.2 581.088
1609.64 556.28
1694.59 563.72
1574.55 524.238
1403.5 400.121
1576.98 425.312
1725.91 550.824
1361.68 436.044
2535.87 910.871
3145.53 899.948
3247.12 847.52
2994.8 837.17
3497.54 1088.15
3035.83 972.475
2837.51 923.005
3160.44 942.657
3301.59 971.581
2799.26 805.2
3195.58 1123.62
3066 907.768
3098.26 913.105
3098.01 939.008
3197.9 937.925
3365.79 971.399
2974.57 924.853
3068.77 863.646
3349.82 872.112
3143.89 839.093
3127.29 960.554
3190.67 1002.06
2537.79 935.212
2807.9 736.345
2868.18 844.912
3088.59 872.87
3080.85 924.536
3281.73 917.061
3067.68 874.578
3121.37 845.651
2912.07 831.532
3506.23 1021.51
3345.96 1099.31
2951.07 887.634
3097.86 956.401
2935.17 824.469
3154.53 982.287
4110.36 1150.16
2277.51 691.408
4000.59 1240.97
3921.59 1100.91
2683.51 760.482
3155.66 889.796
3770.34 1185.26
