1823.14 145.133
2648.43 746.532
2694.13 901.194
2321 685.673
2177.07 649.673
2723.73 873.256
2776.72 765.956
2611.85 776.802
2542.29 732.54
2612.35 812.649
2283.84 662.293
2238.55 707.154
2377.9 728.527
2005.61 641.143
2587.32 810.227
2055.51 641.954
2391.81 673.611
2963.46 850.087
2486.21 717.58
2296.01 690.945
2581.1 793.928
3177.31 1144.31
2574.87 882.381
2997.08 820.487
2668.91 744.398
2527.17 700.362
2509.26 664.125
2575.86 758.036
2259.7 638.311
2651.46 834.908
2661.7 791.043
2459 778.448
2290.84 618.183
2079.44 704.591
2571.36 719.358
2732.43 869.313
2062.83 625.927
2290.88 623.478
2100.38 581.579
2335.75 701.987
2171.71 617.697
2065.42 576.317
2411.26 622.54
2407.69 806.384
3194.42 928.171
3207.76 869.126
3179.76 993.317
2712.69 728.747
3816.2 1185.09
3249.96 947.881
2917.79 837.675
3278.32 1013.31
3648.42 1272.13
2847.11 807.329
3060.41 1029.78
2858.45 886.315
3297.54 940.998
2674.06 760.954
3439.32 1056.28
2716.59 756.315
3359.9 1054.73
2939.47 814.478
2782.26 691.264
2672.75 753.568
2592.59 683.583
3062.51 969.915
1895.32 639.403
1443.7 498.436
1247.33 482.758
1076.53 404.052
1460.6 539.051
1323.94 440.162
1388.37 477.563
2019.89 618.459
1485.04 496.668
1343.45 466.511
1541.44 518.788
1167.82 463.865
1392.42 539.979
1195 425.425
1374.78 516.259
1355.82 502.097
1169.32 396.196
1208.12 400.483
1119.49 417.339
1426.71 505.991
1298.41 400.646
1378.49 547.241
3591.23 870.599
2819.27 752.337
3053.47 873.602
2644.09 720.869
2999.67 887.453
2435.69 669.378
2863.34 908.865
2729.5 768.242
2920.27 917.438
3357.86 1205.82
3301.01 1156.24
2369.51 735.166
2708.41 980.235
2843.62 893.82
2815.97 891.895
3002.65 914.978
2884.65 827.124
2805.56 813.742
3271.56 990.783
3487.42 926.453
2949.39 890.412
3502.29 1133.16
736.947 303.115
772.063 338.839
761.803 299.664
700.361 358.901
777.12 317.524
645.867 262.047
661.197 251.233
664.439 284.358
686.146 285.814
792.244 375.754
709.003 326.439
769.003 327.534
804.62 348.162
1022.17 421.13
871.947 323.259
762.041 342.715
764.026 284.925
894.479 380.138
747.597 309.42
746.022 304.254
825.976 305.984
799.137 383.721
2764.21 484.588
2786.64 724.048
3052.09 890.631
2980.79 794.053
2868.17 807.303
3200.71 1076.29
2674.22 760.431
3102.38 890.466
2553.36 725.432
3392.5 1081.78
3028.18 914.274
2921.36 948.343
3113.76 952.636
3392.48 1038.65
2807 760.629
2840.12 786.59
3407.88 1072.11
2350.83 610.894
3662 1066.89
3209.44 930.848
2960.93 740.917
3103.28 425.249
1388.43 212.511
1057.68 426.063
1092.48 408.001
714.622 286.592
654.427 242.495
781.554 275.304
648.382 267.064
695.596 292.251
648.776 288.927
644.01 238.194
705.81 263.771
686.825 320.113
854.998 363.761
545.621 233.191
881.05 364.887
503.105 226.487
728.847 289.202
571.397 225.839
805.321 325.257
705.39 305.977
717.304 284.47
815.456 322.309
3024.91 614.657
2761.98 747.595
3501.56 972.23
3425.85 1043.48
3268.7 898.99
3377.28 1103.81
2781.7 788.94
3358.83 1107.85
3109.16 911.249
3367.15 1027.09
3025.42 940.474
3176.08 968.99
3309.07 1022.26
3412.95 1036.81
3373.89 1037.43
3458.48 1037.81
3134.46 1005.94
3053.89 866.841
4022.16 1235.1
3722.45 1057.48
1962.67 1818.79
2787.23 546.21
897.893 291.134
824.298 358.031
870.071 379.965
693.422 316.952
796 380.955
796.618 313.557
776.408 360.053
886.328 348.733
785.68 482.8
858.643 409.949
904.946 415.723
747.362 355.89
766.067 418.565
899.745 338.985
906.601 401.236
848.158 387.18
883.026 348.507
847.489 327.566
782.54 279.611
782.217 275.159
910.86 400.414
1008.55 405.967
2822.34 622.356
2680.04 762.205
2686.99 796.237
2708.89 744.827
2819.34 898.822
2781.94 963.479
2797.99 847.378
3150.82 1100.66
2947.69 944.769
3375.27 1088.96
3175.37 942.103
3487.84 1155.33
2860.21 870.742
3851.58 1235.27
2407.75 658.849
3102.42 1046.11
2729.83 842.386
3115.03 979.88
3084.69 884.286
3652.09 995.909
2900.64 657.793
2874.37 602.324
1356.76 255.56
1020.12 291.426
702.334 246.361
733.082 309.348
773.39 333.778
578.974 245.581
723.936 262.531
968.616 364.762
1371.07 462.894
1208.3 428.003
701.363 350.987
825.088 355.944
746.076 309.782
758.169 385.5
858.812 318.467
734.843 312.345
525.717 211.209
734.72 351.233
724.796 289.673
841.316 342.667
822.115 383.264
824.119 187.122
3834 689.42
3310.37 756.361
4449.91 1209.63
3814.15 1065.66
3656.33 1152.75
3648.05 1062.27
3500.83 1125.4
2740.05 831.904
2965.47 890.443
3465.25 1068.49
3389.28 1035.73
3354.58 1010.53
3780.95 1187.33
2958.68 881.944
3715.66 1187.55
3570.69 1037.47
3698.75 1132.75
3352.13 972.261
3772.85 1096.7
3337 1163.89
3372.58 866.065
3244.51 753.02
1010.22 410.076
965.51 363.681
970.705 357.482
907.342 356.086
689.423 279.144
983.536 376.569
729.44 340.021
817.014 318.359
850.349 357.125
853.302 367.234
761.868 333.316
748.006 274.834
799.165 374.981
861.785 362.61
865.835 391.15
849.626 299.447
1015.33 418.736
731.861 269.026
736.257 330.204
803.393 366.258
794.078 311.77
898.821 339.901
2745.02 569.496
2783.2 629.37
2669.08 773.281
2547.68 721.882
2489.69 765.962
2797.64 889.345
2571.95 751.081
2595.27 816.308
2738.58 810.497
2883.94 891.16
2832.99 927.414
3151.33 1068.04
2804.99 835.139
2975.1 885.394
3117.33 899.495
3447.24 1020.63
2785.67 798.869
2338.89 668.655
2684.01 823.196
2861.14 746.344
3008.38 657.965
2741.04 436.007
890.111 235.85
660.43 221.243
812.806 280.916
544.805 223.429
545.6 222.719
1137.32 395.002
533.577 240.569
618.878 267.659
525.76 293.832
647.996 326.459
819.762 359.358
660.858 258.812
501.164 224.431
645.103 285.282
650.974 258.21
707.926 294.597
532.451 234.483
1041.55 384.745
501.44 214.344
551.657 257.923
623.337 223.974
790.169 289.062
2735.2 379.27
3010.53 706.13
2913.27 862.194
2847.14 819.512
3181.18 998.405
2807.31 884.994
2955.15 827.279
2764.34 780.393
2459.24 727.451
3140.55 937.571
3362.03 1032.47
2603.1 742.637
2316.93 736.307
2538.19 782.033
2639.73 771.991
2703.67 770.702
2953.79 905.63
2904.11 784.804
2978.4 809.468
3263.19 914.73
2873.09 669.276
3040.44 540.593
617.593 609.204
796.609 245.673
692.743 266.164
778.814 339.573
940.106 345.653
839.076 305.364
711.494 287.528
911.952 368.219
702.762 249.974
609.461 243.246
577.844 249.604
810.523 382.51
757.867 291.433
709.558 276.585
796.842 290.514
755.599 353.744
707.879 251.447
872.847 303.043
889.753 310.985
889.002 380.986
707.98 209.29
824.977 233.725
3669.77 669.96
3400.35 852.886
3534.69 1054.68
3846.32 1234.67
3790.68 1165.01
3575.51 1189.33
3743.74 1272.81
3282.5 1117.08
3272.46 1111.72
3460.03 1210
3867.26 1215.12
3360.3 1017.79
3748.28 1134.99
3671.35 1232.33
3552.81 1138.94
3364.76 1116.38
3785.92 1285.81
3632.93 1166.46
3467.15 1247.52
3782.38 1039.29
3938.57 952.491
4164.5 859.856
714.907 237.759
1108.53 431.984
927.201 341.458
1107.98 409.012
813.943 321.864
810.147 365.134
675.48 290.184
1102.46 582.363
758.37 327.02
1043.17 404.107
780.601 319.988
795.935 348.332
1115.54 464.99
1372.69 554.196
802.738 310.504
927.555 415.362
811.195 352.657
1225.1 522.51
1076.12 389.623
899.711 467.72
887.447 303.971
941.092 220.663
3000.62 674.298
3571.5 920.8
3483.11 946.65
2870.48 742.829
3614.82 1135.79
2953.33 810.76
3086.52 970.47
3047.38 918.542
3143.85 941.638
3089.52 950.593
3219.12 1017.66
3075.81 894.316
3361.4 1008.64
3347.09 1037.31
3418.4 1054.15
3799.27 1136.58
3123.15 891.088
3711.3 1032.72
3540.66 965.391
3445.07 1035.41
3301.94 859.014
3247.44 686.107
654.277 243.775
639.807 292.546
674.689 325.514
589.197 212.597
672.43 320.799
583.137 243.413
653.072 278.954
656.532 269.438
746.895 331.461
514.487 251.94
583.658 237.694
612.497 245.379
710.973 308.303
611.71 244.228
670.854 266.382
667.855 286.886
905.14 317.055
677.996 292.296
683.153 289.216
644.867 284.91
733.505 321.044
654.422 230.668
2819.04 742.543
3552.7 1056.36
2756.47 702.252
2560.91 785.513
3286.77 1046.97
3073.24 810.517
3406.31 1075.85
3430.01 1038.54
3484.49 1090.01
2697.35 839.767
3028 959.227
3273.94 991.1
3042.47 900.565
3698.64 1157.26
2718.94 765.006
3143.97 996.55
2841.6 818.694
3045.92 903.827
3173.56 943.51
3022.92 846.868
3145.5 854.68
3366.9 2503.29
845.916 358.481
767.234 298.512
990.842 380.44
922.432 379.489
812.402 425.37
823.292 353.665
852.288 468.279
786.983 357.676
990.589 450.212
868.924 310.511
914.539 463.203
795.803 380.944
657.591 240.437
719.295 270.768
848.522 493.405
888.236 384.008
904.629 355.666
860.55 382.418
891.928 392.916
882.46 314.665
904.369 464.362
1050.51 424.334
3707.5 940.127
3419.33 955.173
3960.75 1176.76
3354.71 889.97
3826.68 1046.47
3505.02 989.793
3498.97 1038.25
3464.16 1033.34
3517.25 1129.22
3406.77 1117.66
3715.37 1110.79
3377.88 986.022
3391.38 998.535
3154.25 878.589
3218.34 935.451
3700.65 1149.13
3647.58 1045.25
3686.59 1158.41
3576.12 1086.3
3214.79 882.574
3943.02 1142.58
3296.32 1037.72
1603.22 461.648
1658.06 529.184
1908.54 564.272
1772.91 540.155
1464.17 478.626
1826.59 555.781
1573.21 512.415
1663.27 521.899
1894.85 609.334
1657.18 594.589
1740.78 569.317
1685.71 561.717
1650.44 554.387
1743.23 590.973
1588.79 539.777
1518.56 529.534
1588.42 535.005
1483.01 504.723
1371.18 434.434
1465.19 426.977
1612.81 581.555
1296.23 414.849
2451.56 783.165
3028.97 869.606
3104.02 898.619
2944.36 929.139
3240.42 964.534
2963.36 1000.53
2788.89 867.394
3065.86 971.13
3159.75 1060.36
2677.71 790.468
3056.7 973.395
2961.1 950.343
3037.24 906.018
3032.39 1000.03
3104.58 926.655
3276.92 963.844
2885.74 877.434
2927.63 872.358
3441.68 1082.03
3171.3 923.824
3039.79 865.141
3196.22 1102.84
2414.83 809.603
2775.47 752.47
2719.36 750.758
2850.21 787.408
2949.74 917.103
3153.71 863.313
2959.49 844.09
3024.14 890.129
2788.22 952.391
3399.91 1051.1
3299.88 1032.69
2833.4 899.777
3011.63 889.626
2822.18 853.405
3017.61 895.368
3980.71 1132.54
2206.26 683.349
3762.04 1174.08
3746.18 973.234
2653.4 757.285
2982.68 893.355
3834.92 1311.47
