2763.37 981.403
2637.75 733.741
2620 817.862
2313.72 651.909
2141.83 636.409
2675.64 809.185
2767.11 778.041
2574.98 763.551
2487.34 740.767
2574.02 815.75
2255.55 659.849
2243.06 699.526
2368.16 741.416
2000.92 646.973
2580.05 789.854
2021.94 607.508
2385.34 680.501
2936.98 854.917
2470.31 711.974
2295.77 689.175
2529.52 737.557
3095.46 1080.69
2534.75 877.692
2941.18 785.555
2680.99 798.831
2478.05 654.063
2515.05 659.654
2577.79 744.037
2231.85 627.308
2572.06 779.552
2616.91 781.286
2394.27 759.449
2277.18 638.875
2087.96 707.776
2567.63 706.344
2654.88 797.397
2063.89 597.905
2275.82 617.179
2084.79 568.559
2330.82 681.473
2115.45 567.535
2035.77 550.361
2384.09 618.162
2397.51 820.322
3176.71 938.298
3170.06 851.475
3159.18 1021.8
2722.89 754.457
3770.3 1177.48
3276.04 1005.24
2953.02 844.588
3200.56 936.151
3625.46 1224.94
2815.61 772.278
3021.31 1051.67
2814.72 852.683
3280.07 971.359
2632.02 757.979
3409.5 1041.9
2661.1 716.977
3324.01 1010.08
2896.29 798.829
2780.23 728.005
2661.36 742.261
2586.51 688.672
2933.77 932.505
1939.53 641.033
1416.75 467.369
1197.88 422.68
1061.55 378.47
1441.98 557.533
1299.12 430.095
1399.07 478.701
2009.51 630.33
1475.03 475.852
1350.21 462.322
1510.42 489.087
1110.26 423.691
1371.25 519.171
1183.49 415.128
1321.8 470.122
1313.61 473.445
1158.41 400.547
1207.14 409.4
1090.71 392.182
1389.12 463.564
1284.29 422.831
1361.37 507.065
3626.99 954.834
2747.11 718.088
3055.24 898.294
2626.46 726.308
2960.55 862.505
2438.12 679.209
2788.72 849.37
2709.78 762.822
2860.91 872.695
3093.67 963.791
3253.45 1101.26
2357.3 689.686
2653.64 890.143
2832.68 903.469
2808.99 883.559
2986.6 898.593
2872.95 828.207
2784.68 767.033
3285.19 955.499
3431.77 907.031
2576.69 642.806
3251.03 853.752
712.835 285.658
748.958 312.426
749.705 298.953
695.013 344.146
764.062 310.768
649.415 309.247
647.986 275.876
666.417 281.197
676.118 288.407
765.173 351.389
711.338 311.674
787.393 323.258
807.875 353.77
1001.33 401.3
874.851 333.844
746.91 328.263
760.529 329.852
904.735 382.167
737.613 311.673
736.816 312.234
810.477 303.842
764.866 313.613
2801.2 660.483
2760.19 726.999
3003.58 861.746
2940.43 813.697
2834.71 801.264
2951.02 880.174
2678.75 744.009
3090.84 883.744
2513.89 727.552
3376.35 1095.5
3021.31 885.999
2903.85 918.171
3026.52 865.042
3314.41 957.823
2785.49 770.393
2812.31 807.512
3367.81 1014.74
2382.27 666.38
3587.27 1046.06
3172.88 950.495
2940.86 746.176
3118.35 778.124
1456.53 455.186
1069.21 401.055
1084.24 383.264
724.547 268.248
659.492 277.461
791.425 286.403
649.71 278.328
686.445 261.961
649.035 305.326
647.673 251.716
705.927 271.277
687.559 310.11
859.385 356.158
547.636 240.135
872.956 338.152
499.282 218.95
732.298 302.496
579.367 220.077
801.451 321.126
707.96 294.778
710.023 286.669
795.993 326.324
3091.88 741.728
2806.85 778.367
3476.49 1025.07
3410.22 1021.99
3252.85 946.818
3274.53 1009.92
2761.08 774.555
3297.27 1074.12
3039.63 896.273
3346.2 1038.54
2992.7 884.976
3126.05 948.919
3266.16 1064.32
3364.67 1043.98
3334.59 1023.95
3420.09 1048.31
3074.36 910.24
3023.1 849.657
3929.97 1174.48
3662.94 1104.24
2749.15 732.573
2906.67 764.673
882.204 386.185
824.794 309.194
858.482 378.694
710.496 325.336
780.374 361.839
781.949 306.388
765.483 340.589
892.019 371.531
788.603 398.262
802.411 351.693
906.024 421.224
731.019 301.495
750.6 413.98
889.698 357.106
890.449 371.745
838.655 363.138
873.607 351.071
838.201 359.245
776.332 329.768
782.14 294.621
875.372 359.64
1041.49 380.577
2873.97 816.593
2679 748.409
2678.37 775.289
2717.71 806.538
2791.21 887.29
2792.21 933.725
2742.58 827.789
3086.93 1037.62
2959.02 903.312
3302.12 1051.98
3126.14 954.069
3474.17 1141.12
2813.47 833.882
3763.57 1209.73
2392 686.561
3064.87 976.697
2652.69 787.454
3034.05 925.305
3041.09 892.202
3540.85 932.206
2939.79 707.967
2894.99 675.44
1362.68 400.792
1018.3 298.689
703.539 260.602
714.677 329.16
767.996 313.736
580.581 232.176
730.266 271.194
957.967 348.148
1366.76 447.302
1193.58 433.584
679.873 327.591
808.746 342.477
749.511 304.985
761.182 388.11
850.405 313.076
731.716 364.676
526.828 207.788
733.732 320.11
704.198 275.57
830.326 322.554
814.073 361.049
825.589 227.683
3963.89 888.317
3358.15 839.87
4433.35 1180.95
3785.25 1054.7
3593.96 1093.91
3585.78 1036.76
3494.03 1135.25
2707.98 819.054
2934.87 919.645
3418.01 1046.45
3329.89 1004.95
3253.97 951.461
3717.17 1152.68
2946.14 863.54
3619.09 1108.38
3545.88 1002.06
3605.78 1095.52
3283.01 944.137
3643.47 1061.36
3279.81 1083.1
3332.15 876.922
3323.69 897.265
1077.28 458.433
965.06 341.12
968.2 361.336
915.357 352.627
685.167 279.944
970.104 354.579
733.562 345.069
817.031 319.931
860.486 357.374
840.039 347.472
754.323 311.493
754.95 311.298
800.702 359.436
878.09 380.924
855.843 369.136
840.772 301.493
1007.23 423.344
735.209 278.338
713.82 316.51
783.892 336.311
800.017 284.608
932.842 326.398
2768.8 661.432
2800.37 676.636
2698.6 844.592
2528.49 716.624
2453.87 716.906
2758.98 884.991
2562.34 764.429
2565.25 777.262
2727.15 816.103
2853.73 887.819
2800.89 893.492
3139.24 1089.92
2761.46 831.575
2979.58 904.3
3112.52 897.448
3391.69 1010.64
2741.46 796.858
2343.64 688.658
2627.32 784.654
2822.4 751.527
3004.38 721.187
2801.04 634.335
893.732 299.287
663.412 208.635
805.827 293.646
543.656 245.813
541.797 211.885
1121.18 398.456
536.232 235.84
613.327 278.703
508.239 246.886
636.336 293.092
806.489 325.866
651.761 264.093
501.606 220.044
645.678 304.678
649.636 270.477
691.92 290.053
530.216 250.889
1036.11 396.523
496.289 210.742
536.281 221.348
626.283 219.39
773.93 276.644
2791.76 604.65
2962.74 705.223
2868.04 775.102
2815.17 768.707
3098.73 948.398
2757.71 843.46
2935.72 827.682
2754.5 802.756
2431.44 699.781
3112.15 948.636
3317.31 1023.5
2588.61 751.336
2263.25 676.061
2510.4 766.556
2611.2 762.221
2641.52 759.046
2916.15 886.05
2883.7 771.31
2945.08 786.217
3234.66 946.183
2877.74 720.092
3085.92 637.186
799.416 252.023
796.251 264.374
685.825 273.383
747.115 290.689
928.916 342.037
844.399 286.233
716.954 288.301
912.208 363.567
693.108 242.535
598.026 241.176
583.512 247.402
813.882 330.937
776.001 292.392
714.267 269.51
797.285 307.891
736.849 322.602
707.061 250.543
861.552 297.377
882.935 313.257
860.674 373.447
712.02 236.841
827.484 289.426
3770.47 912.652
3423.45 980.705
3579.65 1054.97
3853.78 1211
3781.1 1181.18
3536.7 1156.52
3669.81 1209.27
3261.97 1071.58
3264.87 1101.36
3432.39 1151.54
3858.16 1221.55
3326.44 1017.31
3710.04 1272.2
3599.89 1205.79
3528.95 1138.97
3256.34 1014.46
3661.33 1240.09
3582.27 1107.33
3439.46 1189.3
3728.83 1053.99
3889.86 977.9
4141.11 1108.92
717.684 286.809
1097.72 409.946
925.386 333.487
1122.03 419.251
812.274 318.385
792.157 357.274
673.531 295.694
1045.58 504.569
745.484 330.323
1020.67 422.5
769.233 323.292
799.25 348.415
1102.89 450.836
1335.5 504.027
816.056 342.064
933.148 416.496
781.584 344.294
1178.25 474.288
1079.29 377.321
851.8 399.88
865.909 322.496
929.646 346.564
3026.62 759.16
3602.83 959.134
3424.42 932.546
2877.32 746.873
3536.48 1081.39
2921.46 790.886
3037.41 936.2
3030.71 951.004
3101.45 938.737
3046.96 946.201
3161.22 1000.87
3055.7 913.871
3361.56 1027.18
3301.21 960.755
3354.24 992.99
3774.35 1143.16
3129.75 910.507
3696.38 1040.72
3536.98 996.799
3364.24 936.099
3283.42 856.349
3210.97 736.725
654.672 248.014
611.369 268.763
666.546 291.85
585.615 224.042
677.623 303.785
579.009 229.238
655.047 273.645
658.338 289.333
729.955 316.19
511.588 244.303
566.519 244.766
603.75 234.891
718.623 302.27
613.359 257.967
669.588 264.376
672.639 290.435
893.497 324.738
670.75 274.964
679.211 271.971
660.497 280.724
731.816 308.707
651.784 249.603
2945.36 904.753
3555.03 1125.76
2763.52 723.546
2544.2 768.968
3272.39 983.315
3041.27 815.649
3409.78 1094.23
3404.89 1014.9
3438.72 1091.05
2694.51 834.002
2957.98 923.145
3258.98 1005.15
3028.24 899.205
3615.18 1108.35
2675.88 755.987
3141.93 999.841
2849.44 825.849
3017.1 904.51
3097.47 885.94
3024.87 832.156
3128.83 892.392
3660.11 1043.28
826.945 384.161
767.586 285.548
974.985 362.138
934.806 374.905
809.995 396.276
826.942 336
793.719 328.839
765.119 358.693
976.764 423.896
862.06 323.355
906.839 455.338
800.828 403.089
656.17 247.005
712.292 274.895
862.38 430.178
893.323 393.188
896.321 353.46
874.081 376.211
894.672 394.79
871.291 333.487
880.542 411.567
1010.82 431.932
3714.02 1001.71
3384.26 924.114
3866.74 1138.41
3318.09 867.908
3767.92 1011.4
3459.92 1006.59
3422.94 991.879
3457.2 1030.07
3432.68 1025.82
3425.18 1087.97
3695.86 1088.21
3337.14 1007.7
3390.94 1025.01
3132.61 933.939
3212.98 943.155
3651.48 1102.03
3551.1 1018.69
3665.59 1134.47
3516.09 1053.49
3207.23 868.275
3937.89 1162.2
3208.25 1042.13
1594.33 477.78
1626.79 515.431
1912.88 602.86
1736.33 530.836
1463.51 481.52
1813.54 560.475
1553.22 502.553
1656.09 504.171
1867.54 604.076
1653.92 571.323
1747.3 600.12
1690.76 575.174
1660.44 575.07
1752.83 587.357
1580.31 558.586
1494.47 508.341
1575.68 511.707
1474.54 483.92
1338.79 414.847
1480.88 435.791
1608.94 570.71
1280.68 426.946
2495.43 854.655
3027.5 893.627
3102.99 893.671
2909.74 896.254
3247.95 971.975
2872.3 870.911
2758.78 861.182
3024.52 904.393
3122.47 1001.3
2659.37 804.367
3026.95 994.944
2917.43 919.961
2972.15 874.894
2975.25 929.965
3092.28 895.5
3283.36 970.435
2823.36 820.485
2880.64 858.171
3279.79 996.262
3103.76 893.667
3000.79 853.075
3073.87 1067.1
2467.76 929.361
2745.58 730.882
2690.7 774.256
2865.51 787.202
2964.23 916.419
3151.79 882.411
2950.49 843.707
2963.99 816.083
2758.62 897.477
3352.98 1034.38
3213.29 979.126
2776.62 853.961
2955.46 869.903
2796.69 825.618
3015.99 900.012
3897.96 1103.37
2179.65 644.881
3728.53 1137.6
3707.97 1004.17
2621.91 726.216
2999.52 924.186
3765.29 1379.73
