2759.87 971.786
2652.12 725.881
2642.11 840.825
2315.65 666.244
2174.28 646.93
2701.1 836.287
2785.2 784.417
2590.36 752.42
2510.17 751.962
2584.65 809.307
2264.09 667.444
2236.76 697.935
2369.67 740.352
2010.5 652.876
2602.39 822.991
2049.36 628.766
2392.49 684.288
2948.64 838.283
2480.13 710.126
2304.72 702.849
2551.54 753.868
3122.2 1102.16
2551.99 887.49
2943.24 795.135
2692.76 797.694
2494.07 671.418
2537.03 681.299
2586.32 750.337
2261.9 648.459
2602.54 799.12
2630.16 793.197
2388.01 728.187
2286.41 643.447
2081.93 709.572
2562.87 709.316
2680.45 807.526
2064.32 599.278
2276.46 613.774
2077.68 554.747
2318.89 670.4
2129.41 583.321
2046.68 560.979
2412.94 617.904
2433.87 821.842
3181.01 954.543
3187.77 867.419
3183.93 1024.97
2711.55 733.955
3786.76 1204.75
3273.8 995.905
2934.17 846.01
3218.2 930.425
3648.95 1253.62
2821.79 775.999
3029.35 1033.23
2817.39 858.779
3284.77 962.82
2681.24 788.329
3453.5 1079.5
2677.44 738.65
3342.2 1019.47
2932.18 823.428
2812.58 740.365
2685.66 757.775
2600.66 711.266
3029 1026.98
1913.31 622.811
1430.55 475.986
1223.3 471.176
1079.01 400.506
1435.83 532.903
1318.05 445.051
1385.22 465.043
2011.17 590.311
1480.53 486.291
1350.25 467.676
1532.92 512.383
1130.39 433.842
1379.7 537.791
1189.76 415.524
1341.23 484.688
1336.11 485.062
1168.15 401.046
1206.62 403.646
1092.04 373.879
1417.78 501.185
1299.05 428.43
1375.26 515.356
3653.82 975.966
2756.44 716.034
3067.36 914.096
2643.94 749.111
2981.67 847.948
2456.35 687.659
2810.74 841.466
2720.87 776.555
2903.56 906.39
3116.68 990.874
3261.77 1140.69
2361.57 708.66
2673.72 918.082
2835.92 903.756
2813.76 875.497
2977.49 884.336
2892.69 853.643
2782.24 794.004
3251.87 952.629
3464.49 899.034
2601.24 671.28
3274.68 869.237
734.817 305.926
748.833 297.504
749.093 313.731
696.165 340.644
770.299 312.423
646.749 300.652
658.222 267.471
667.832 288.77
680.261 284.452
774.462 343.872
707.089 330.188
782.45 331.489
803.762 339.785
1008.49 400.771
878.551 334.377
755.066 334.975
755.474 314.559
903.448 382.063
736.132 313.103
750.092 312.947
821.917 313.681
889.795 453.903
2758.39 570.582
2814.92 788.17
3027.64 892.473
2951.63 803.339
2838.51 801.008
2952.55 893.599
2667.86 752.342
3105.62 905.371
2532.54 735.603
3398.55 1108.58
3006.94 884.615
2921.87 926.702
3048.08 899.352
3330.63 988.705
2793.61 765.171
2815.31 794.957
3393.87 1026.3
2368.92 639.979
3625.84 1078.88
3200.94 966.913
2949.54 763.228
3008.56 454.316
1667.48 565.761
1058.35 397.927
1100.52 400.855
726.252 268.931
662.424 247.189
789.375 279.134
645.878 272.161
689.68 284.364
653.305 307.929
653.314 239.514
704.424 264.209
689.583 320.06
859.84 359.037
547.306 245.119
872.825 351.702
504.037 231.128
729.364 292.036
577.81 222.66
807.941 333.139
712.931 293.795
720.181 269.414
809.247 319.307
3070.07 692.429
2831.91 824.065
3491.81 1017.55
3485.79 1123.97
3255.17 932.228
3309.41 1032.02
2784.71 776.948
3311.45 1082.98
3067.5 902.866
3354.99 1039.85
3010.62 907.354
3141.89 960.74
3291.74 1026.53
3376.4 1022.61
3345.79 1001.83
3458.94 1068.78
3079.21 943.23
3012.23 863.484
3962.66 1214.38
3679.87 1079.73
2750.2 729.049
2873.53 738.071
880.852 375.617
831.591 351.278
868.065 362.122
703.233 324.922
781.992 370.606
789.95 308.769
772.831 360.698
887.039 353.439
785.912 405.718
814.43 377.34
901.36 416.596
736.857 332.692
739.405 425.06
896.781 342.399
903.686 370.891
834.972 356.236
872.489 342.728
829.772 341.341
774.699 306.438
774.294 285.046
893.229 399.06
1040.38 446.918
2894.29 825.94
2666.52 729.051
2692.44 803.136
2712.33 782.547
2794.53 897.7
2771.18 965.46
2744.3 812.808
3103.9 1078.71
2972.02 938.166
3364.53 1097.72
3135.94 930.338
3470.31 1123.47
2832.64 848.527
3770.75 1203.74
2411.04 680.9
3080.06 983.144
2650.94 788.95
3047.63 934.804
3056.11 890.355
3594.8 966.047
2950.73 691.899
2864.26 644.144
1356.73 333.213
1042.53 324.901
718.075 278.616
722.425 317.36
768.677 328.091
578.619 243.752
729.865 273.887
959.734 356.313
1366.57 446.392
1197.89 426.366
684.267 316.831
806.608 348.455
750.429 295.808
759.412 388.884
849.631 310.465
732.248 367.806
528.633 219.639
740.066 334.436
713.789 278.685
835.437 330.825
731.369 105.335
826.363 219.354
3933.51 831.908
3350.33 811.015
4453.94 1217.06
3792.8 1046.5
3619.99 1125.13
3626.23 1062.21
3516.94 1159.08
2716.68 814.191
2954.71 911.419
3456.3 1063.33
3357.72 989.165
3279 964.159
3745.09 1166.14
2968.69 888.984
3646.57 1118
3573.94 1007.27
3635.01 1106.83
3318.03 953.314
3685.71 1032.8
3300.19 1140.89
2710.22 689.488
3359.61 856.025
1041.87 439.911
964.782 321.945
964.994 366.581
918.504 363.201
688.831 278.941
979.769 366.705
732.072 362.333
818.197 317.705
853.437 329.636
840.416 349.684
758.963 318.538
755.852 300.195
802.492 364.507
871.008 346.079
862.19 376.031
842.378 305.173
1013.07 421.262
734.812 265.734
721.189 327.046
774.748 347.282
805.057 288.807
979.945 471.407
2787.47 600.109
2789.01 660.965
2684.52 835.397
2531.66 710.576
2466.02 739.782
2756.65 893.255
2564.42 759.722
2573.19 784.845
2743.59 817.583
2869.94 892.85
2827.75 903.738
3154.26 1113.13
2784.72 861.763
2997.14 909.66
3114.76 894.272
3425.64 1027.21
2744.12 803.744
2350.08 687.223
2657.16 799.086
2865.37 781.637
3018.73 727.593
2808.17 632.977
899.987 274.934
657.714 203.598
805.624 298.595
545.877 236.127
544.475 213.099
1124.26 411.584
533.12 234.512
612.889 262.607
515.59 269.27
638.685 320.963
813.627 345.396
653.721 268.53
499.385 216.485
649.333 280.972
648.712 271.029
699.339 298.298
528.711 224.062
1041.93 379.58
498.043 206.681
536.977 228.132
626.422 213.006
779.419 279.56
2738.49 590.003
3025.71 764.916
2899.14 846.393
2817.62 776.446
3121.65 976.925
2756.65 834.36
2948.68 830.18
2759.75 806.116
2460.11 729.556
3155.24 996.848
3349.65 1055.57
2601.58 751.408
2268.81 698.757
2533.89 783.864
2630.82 776.843
2650.14 754.93
2926.09 893.371
2889.55 784.882
2966.48 786.055
3261.77 942.523
2883.24 721.98
3669.43 1182.58
779.281 226.139
791.808 257.098
696.361 288.955
754.112 314.249
929.316 339.553
845.125 296.498
719.574 292.762
914.184 365.25
697.723 240.488
604.37 243.108
580.993 241.64
820.596 366.033
763.184 294.394
715.571 282.792
801.688 306.986
739.445 335.999
706.253 252.666
865.993 283.277
888.68 312.608
860.86 366.243
718.799 233.092
826.692 264.744
3708.89 788.355
3418.52 947.627
3552.01 1051.42
3887.2 1265.55
3773.9 1160.95
3519.17 1151.67
3741.51 1282.22
3265.14 1126.32
3271.49 1108.92
3422.56 1135.71
3859.99 1199.26
3330.88 1029.36
3727.21 1249.67
3599.94 1180.93
3586.68 1182.17
3307.27 1074.16
3764.72 1309.91
3614.82 1157.27
3447.33 1187.58
3765.01 1089.22
3904.75 959.682
3392.26 3854.26
715.458 235.253
1094.69 434.902
921.442 321.32
1123.59 425.032
811.339 321.014
791.93 351.039
675.358 288.786
1044.89 495.719
746.556 318.495
1027.12 417.74
779.219 329.072
796.058 349.424
1094.89 454.05
1354.83 543.691
811.09 324.623
927.791 418.702
784.077 329.996
1185.88 477.487
1074.17 392.958
852.409 410.736
883.939 334.567
933.547 266.757
3012.13 716.369
3620.57 974.103
3444.51 956.638
2864.89 731.901
3620.29 1152.68
2943.11 796.87
3042.83 951.61
3038.4 949.241
3121.54 952.598
3058.95 950.113
3182.79 1008.34
3076.55 939.19
3389.24 1025.16
3308.44 985.871
3358.95 1002.73
3765 1102.03
3133.8 913.174
3686.53 1012.22
3541.95 993.11
3418.97 997.559
3313.33 895.883
3245.18 728.8
641.185 273.562
613.514 269.372
657.779 294.934
591.352 231.714
674.235 302.302
580.037 245.329
656.666 272.302
658.138 286.24
735.866 315.116
508.147 246.791
575.583 247.907
605.598 229.377
717.687 305.568
613.804 258.475
672.604 271.004
672.842 298.204
897.043 313.013
677.089 284.915
676.262 285.296
651.842 304.198
733.666 289.584
657.564 258.406
2920.62 916.066
3586.43 1162.35
2754.87 721.657
2553.45 777.987
3303.23 1052.45
3038.21 809.355
3402.05 1074.33
3423.42 1053.4
3445.95 1113.28
2695.84 854.345
2959.82 921.479
3258.96 1021.09
3030.42 924.912
3639.29 1140.72
2701.46 775.823
3167.84 1011.53
2821.28 802.078
3016.84 869.589
3152.61 952.167
3017.18 825.706
3106.78 869.252
3706.6 1112.01
818.433 376.54
770.85 284.483
983.778 372.253
914.436 365.022
800.666 402.371
826.067 347.104
795.047 341.543
775.119 363.689
990.014 449.349
864.788 338.142
903.809 438.277
791.303 372.269
654.977 248.527
718.942 276.099
857.029 458.844
891.205 390.238
900.816 377.457
868.598 392.102
896.503 384.638
876.051 322.431
862.544 410.756
989.777 419.939
3730.91 992.762
3427.98 955.002
3876.38 1156.73
3345.69 885.668
3766.06 1003.2
3447.8 997.455
3432.21 1024.28
3436.14 1044.84
3480.17 1087.88
3418.83 1122.9
3678.11 1101.76
3337.06 1001.06
3389.45 1000.56
3142.02 926.548
3234.16 933.434
3693.38 1129.57
3554.49 1007.31
3701.33 1150.47
3531.78 1075.29
3230.49 878.259
3923.06 1181.74
3245.36 1047.53
1588.65 434.627
1635.69 517.214
1906.49 593.859
1743.14 521.69
1463.34 472.409
1825.31 573.795
1556.15 499.404
1656.17 514.01
1878.8 604.272
1644.56 586.592
1743.92 601.675
1682.68 545.383
1663.17 587.548
1748.94 587.795
1587.86 554.938
1505.56 538.061
1582.6 540.542
1471.71 478.222
1363.97 433.026
1477.8 450.551
1603.45 582.647
1280.96 409.681
2458.71 823.547
3007.54 883.593
3073.79 889.52
2885.86 904.718
3231.03 968.738
2887.55 922.747
2753.73 850.212
3041.21 934.211
3138.41 1051.44
2649.96 801.155
3029.32 988.948
2937.02 931.007
2980.89 889.606
2977.52 943.979
3097.19 889.004
3279.48 948.578
2822.61 826.333
2856.18 833.14
3323.24 996.155
3114.11 902.328
2994.9 854.853
3088.49 1112.74
2434.29 905.539
2758.78 750.843
2698.12 784.764
2859.29 775.07
2963.14 936.567
3145.59 901.105
2959.32 852.864
2962.95 827.893
2752.94 901.724
3379.19 1052.37
3240.22 989.112
2806.26 850.781
2944.44 848.907
2792.03 811.765
3022.34 906.692
3906.17 1115.49
2190 677.054
3716.69 1153.9
3754.1 1000.55
2648.87 748.371
3003.38 936.154
3763.51 1361.46
