2775.2 987.774
2643.38 736.642
2631.57 821.094
2317.72 657.606
2157.03 647.759
2701.93 832.652
2774.91 771.959
2584.3 758.416
2487.77 743.075
2580.9 815.092
2254.51 659.303
2244.22 692.436
2360.65 734.941
2004.02 651.448
2587.04 801.915
2042.05 634.304
2386.87 683.231
2942.6 856.834
2480.73 718.901
2298.84 696.276
2535.64 743.792
3095.67 1073.1
2539.75 875.539
2951.57 790.656
2691.5 797.056
2476.46 657.81
2531.16 666.327
2583.5 739.16
2247.34 636.268
2590.66 791.259
2609.97 771.616
2389.74 752.115
2281.73 640.924
2089.01 702.886
2562.59 711.655
2668.84 808.755
2064.77 595.731
2278.85 623.385
2082.76 560.128
2327.15 670.558
2126.68 578.583
2039.02 552.463
2389.17 613.911
2413.56 829.868
3184.53 937.495
3185.46 866.094
3174.35 1043.28
2714.77 748.171
3770.75 1192.39
3278.72 998.272
2946.14 827.343
3209.7 947.533
3636.08 1248.53
2815.94 772.91
3032.21 1045.22
2812.9 854.626
3277.65 972.374
2645.14 769.583
3414.3 1036.84
2660.52 718.039
3319.25 1009.95
2916.13 818.641
2798.24 738.576
2661.47 740.092
2590.84 691.804
2973.68 977.995
1946.12 643.503
1421.48 468.845
1203.1 435.365
1065.48 385.311
1433.73 562.586
1305.94 431.239
1399.48 475.938
2012.66 613.989
1477.19 477.028
1343.99 450.999
1512.84 495.163
1113.35 427.074
1372.61 526.589
1189.47 419.975
1324.63 480.365
1317.96 481.679
1155.06 397.393
1211.1 419.074
1096.85 396.93
1403.98 479.363
1289.74 422.495
1369.28 519.36
3663.53 1003.45
2762.46 731.186
3069.5 914.196
2636.8 740.882
2973.42 877.056
2447.14 678.852
2788.74 837.119
2717.18 770.201
2883.15 887.669
3094.54 972.203
3252.44 1117.55
2353.86 697.036
2661.42 903.5
2832.97 902.65
2812.2 886.982
2979.5 895.379
2873.28 826.838
2779.08 776.305
3272.43 952.356
3447.1 910.564
2583.59 654.682
3247.37 845.202
721.453 298.47
749.408 310.651
750.851 304.102
702.638 336.539
769.991 311.284
648.382 307.57
650.904 271.702
664.342 278.463
678.712 280.775
769.618 363.452
709.867 319.927
781.221 326.771
804.083 348.478
1002.89 392.579
880.115 342.847
748.585 326.991
758.826 325.177
902.523 379.332
738.17 307.423
742.646 321.113
813.408 301.365
769.258 326.391
2759.61 619.271
2763.08 735.289
3003.32 854.464
2934.91 796.262
2836.09 798.365
2955.83 887.532
2670.56 738.371
3088.44 894.818
2525.37 732.886
3382.81 1093.89
3024.57 896.404
2907.75 925.676
3027.81 880.119
3329.14 975.647
2785.86 773.611
2818.68 805.627
3382.16 1027.1
2379.97 660.483
3596.12 1059.59
3186.09 957.572
2961.52 765.928
3147.94 776.789
1449.64 451.427
1055.48 398.496
1090.72 392.661
725.299 271.453
664.051 271.126
791.4 279.864
648.17 275.239
684.285 267.206
648.632 311.369
649.4 249.276
707.346 266.778
683.011 312.013
859.774 361.983
547.426 240.521
871.866 341.598
504.859 219.193
733.965 305.791
579.705 222.186
805.352 319.093
709.659 300.977
711.661 277.272
802.863 342.036
3091.93 693.049
2840.19 814.243
3500.36 1022.19
3420.62 1047.15
3249.36 945.221
3275.81 1017.26
2769.25 776.973
3296.09 1073.28
3055.04 913.382
3355.5 1036.65
3016.47 898.881
3146.06 969.406
3278.4 1053.69
3370.4 1049.79
3337.49 1030.57
3445.17 1063.86
3070.66 907.557
3016.84 853.49
3948.51 1184.77
3669.73 1104.6
2746.43 720.539
2923.14 796.375
891.487 396.41
817.611 313.953
858.485 373.014
708.385 320.882
794.484 346.41
785.136 307.978
766.039 350.914
889.691 359.463
788.598 394.035
806.462 357.756
898.333 418.998
735.151 311.361
746.267 414.871
893.508 348.224
890.636 364.201
842.1 352.739
874.907 347.586
832.44 345.043
773.93 313.658
780.094 283.462
870.683 350.363
881.48 598.21
2891.77 827.904
2659.39 714.708
2687.01 792.723
2710.28 796.239
2785.49 893.125
2799.76 942.283
2739.85 807.547
3091.89 1052.42
2959.19 914.477
3319.66 1065.29
3139.71 957.624
3478.85 1133.22
2813.82 836.56
3771.43 1219.37
2411.78 692.975
3075.67 975.766
2663.31 792.451
3034.2 931.375
3037.36 882.486
3557.5 933.726
2947.69 703.659
2904.52 668.45
1352.65 347.675
1026.87 306.036
707.278 267.079
721.511 333.926
763.414 315.11
581.667 236.497
728.208 275.697
962.022 349.802
1363.26 448.502
1197.74 437.296
679.949 314.938
813.407 343.032
747.581 301.631
758.381 391.934
852.112 318.356
727.734 366.395
529.615 213.085
732.747 314.643
711.661 279.358
828.266 334.201
814.91 359.685
827.29 223.169
3924.82 805.927
3351.51 819.681
4462.45 1210.19
3781.66 1047.66
3605.26 1113
3603.29 1039.86
3487.62 1135.88
2713.29 818.014
2936.9 909.281
3418.06 1041.6
3338.06 984.717
3257.96 951.302
3729.98 1153.85
2945.76 854.312
3633.01 1112.32
3553.13 1001.2
3621.71 1099.8
3296.08 947.751
3664.38 1061.55
3278.35 1096.1
3335.38 869.511
3344.56 888.922
1052.63 441.032
968.158 335.837
962.193 356.979
915.983 359.72
685.452 271.645
971.984 356.654
738.115 352.909
818.574 319.358
856.231 338.827
838.973 349.333
754.847 316.781
753.754 307.542
798.491 358.081
876.239 367.131
861.263 365.59
842.38 304.365
1009.94 424.666
734.152 268.732
714.087 317.141
778.579 343.293
806.599 287.867
937.849 332.463
2768.62 649.35
2798.41 682.01
2699.12 842.44
2532.2 712.776
2454.85 716.898
2763.59 885.521
2563.07 768.702
2576.57 788.233
2729.33 809.782
2858.04 885.399
2818.5 906.686
3141.05 1099.7
2768 840.72
2983.34 899.679
3112.69 894.921
3418.1 1032.64
2741.86 794.782
2349.93 686.61
2645.36 786.069
2833.31 763.136
3023.28 737.663
2802.32 595.314
891.508 299.222
658.96 202.375
810.714 303.389
541.092 237.466
544.176 212.433
1121.93 412.519
537.096 241.168
616.842 267.496
506.286 243.651
636.448 298.143
808.179 336.781
649.154 259.736
504.014 219.482
647.48 292.266
655.535 269.25
692.456 291.348
533.623 241.978
1039.15 388.593
495.365 207.549
544.132 235.669
627.919 220.368
772.313 275.81
2773.01 581.192
2973.09 715.662
2873.88 790.566
2813.52 775.634
3113.04 965.813
2763.05 840.668
2934.9 835.327
2745.99 791.575
2437.37 704.859
3136.86 965.084
3327.74 1023.32
2586.16 742.911
2263.18 678.05
2519.31 774.689
2607.91 755.647
2639.88 757.783
2928.11 896.727
2879.49 774.04
2944.1 784.873
3239.13 941.792
2395.39 575.152
3077.05 605.018
827.053 404.665
790.762 264.701
692.106 285.936
747.675 296.519
929.848 339.845
843.834 285.34
719.611 285.525
909.349 371.856
692.941 237.396
598.694 238.321
582.797 241.016
814.349 342.697
771.219 293.42
716.017 268.978
800.815 309.132
738.069 322.53
706.28 248.794
862.112 295.849
880.939 309.112
852.253 351.231
714.027 239.736
825.762 275.977
3741.75 834.728
3408.13 969.564
3552.99 1018.93
3854.83 1230.76
3773.69 1175.11
3534.57 1139.4
3701.47 1243.15
3256.48 1091.49
3260.07 1100.29
3427.95 1135.01
3855.84 1211.33
3333.58 1024.75
3717.54 1268.7
3594.69 1189.7
3567.89 1171.08
3283.89 1036.16
3699.44 1280.64
3591.32 1122.27
3439.62 1169.2
3746.7 1073.04
3889.87 951.801
4167.4 1049.23
721.007 264.844
1095.93 414.544
921.981 324.169
1123.6 422.533
808.101 320.913
786.003 343.561
674.393 292.257
1040.54 474.582
748.047 317.97
1022.12 421.988
774.638 320.851
802.903 349.959
1102.16 449.441
1333.9 519.839
812.709 331.838
929.165 419.41
787.195 341.812
1179.11 474.58
1075.46 384.238
848.53 418.842
870.495 324.808
929.972 353.599
3028.19 749.925
3605.3 957.429
3427.66 939.368
2872.46 746.459
3568.57 1115.88
2924.9 807.78
3037.79 936.135
3029.19 953.892
3100.3 933.871
3042.91 945.415
3167.53 996.428
3070.49 931.602
3359.52 1018.94
3304.42 962.96
3350.68 1003.32
3765.76 1128.1
3131.67 898.952
3700.02 1035.33
3537.64 985.236
3386.97 964.496
3278.91 862.045
3223.93 744.354
664.119 236.383
607.403 261.262
662.217 288.085
588.368 224.209
678.291 296.421
577.397 228.869
653.478 271.896
653.28 285.8
735.106 319.63
511.367 242.623
569.313 252.849
605.112 232.743
714.535 303.379
610.677 252.931
673.086 273.684
673.185 295.068
891.336 318.88
675.685 281.248
678.517 276.047
651.416 291.127
722.66 305.456
690.774 368.99
2899.06 834.897
3564.48 1134.13
2750.75 720.598
2551.27 771.69
3288.42 1016.6
3043.71 818.262
3409.9 1080.25
3419.87 1036.09
3432.15 1091.78
2699.84 838.89
2959.53 927.395
3251.98 1016.43
3014.91 893.304
3625.25 1124.21
2676.1 765.108
3146.77 1006.47
2842.66 811.857
3018.3 883.602
3104.25 909.812
3030.79 837.87
3147.12 923.749
3684.42 1060.39
880.54 491.533
767.167 281.838
974.12 367.786
929.084 374.994
802.742 397.946
828.999 341.03
793.451 336.613
770.467 348.876
982.693 429.382
861.951 333.256
913.673 464.53
792.609 393.347
656.328 252.968
712.516 273.188
858.679 453.891
893.302 389.283
895.589 365.689
873.162 384.188
888.638 394.42
868.458 327.31
869.845 408.458
1007.85 438.383
3713.42 994.941
3392.94 945.202
3862.42 1146.65
3321.41 854.573
3757.7 1015
3446.19 1016.13
3425.76 1008.61
3452.54 1046.21
3443.57 1045.1
3405.4 1095.84
3686.63 1085.12
3333.21 1010.27
3381.14 1018.6
3136.8 931.042
3218.6 940.842
3660.18 1108.71
3549.69 1023.44
3681.36 1158.82
3519.5 1057.53
3221.23 890.463
3946.98 1167.33
3209.01 1044.43
1595.35 469.554
1621.61 503.698
1912.02 590.203
1737.61 525.77
1470.44 484.595
1814.95 562.082
1549.47 489.508
1646.44 505.541
1867.36 607.83
1649.02 575.724
1741.21 609.937
1686.1 555.308
1662.53 581.285
1751.34 592.584
1586.85 563.944
1495.42 517.71
1569.08 512.63
1474.62 485.819
1347.7 421.925
1478.4 442.42
1611.89 577.676
1281.02 419.815
2481.11 845.617
3000.95 879.16
3078.9 876.173
2884.81 880.365
3232.17 955.979
2879.71 898.14
2751.4 844.135
3027.5 905.334
3122.96 1010.47
2640.57 793.172
3026.29 997.005
2911.08 917.846
2982.57 880.43
2980.46 938.738
3100.73 899.177
3284.47 978.94
2823.75 820.94
2862.97 845.169
3300.41 995.252
3099.73 903.583
2993.12 861.077
3088.14 1095.23
2476.03 955.659
2747.88 740.54
2682.12 774.317
2851.74 773.21
2958.02 907.654
3139.73 877.625
2952.47 849.128
2959.42 813.965
2752.26 899.653
3364.32 1037.45
3216.31 996.081
2775.99 850.946
2950.29 858.706
2790.98 822.066
3014.13 903.762
3900.68 1106.29
2173.11 636.503
3716.87 1141.14
3720.62 989.232
2624.63 742.612
2991.6 933.016
3764.84 1384.79
