2752.08 1049.69
2640.2 757.839
2653.35 814.984
2288.79 718.665
2177.39 672.532
2640.2 790.156
2772.44 787.32
2576.52 776.234
2483.38 706.953
2579.45 801.46
2302.57 714.705
2241.3 693.486
2406.03 762.715
1986.25 564.061
2547.66 803.148
2040.64 629.822
2397.43 714.594
2877.47 811.771
2553.96 725.299
2272.41 623.727
2555.46 789.406
3137.86 1110.67
2546.51 912.929
2910.57 787.561
2636.29 823.14
2469.15 677.598
2554.69 715.051
2601.21 799.802
2225.87 622.424
2569.11 766.855
2588.53 814.031
2404.65 811.782
2328.26 640.721
2178.51 761.492
2621.64 723.654
2637.95 757.067
2075.08 630.192
2260.07 623.762
2126.08 584.981
2326.7 700.01
2111.5 587.665
2051.82 589.347
2361.31 642.51
2393.25 847.206
3189.07 826.23
3195.57 834.945
3198.09 947.665
2766.36 776.282
3778.41 1169.32
3251.93 972.4
3005.48 877.916
3343.35 1094.08
3724.93 1242.35
2833.82 881.888
2975.56 981.26
2779.3 831.708
3323.02 980.239
2618.94 766.835
3342.54 1080.13
2630.4 677.151
3351.94 1030.12
2933.71 888.057
2782.82 748.947
2608.23 741.854
2597.58 756.559
2967.4 930.305
1946.99 573.496
1485.35 496.572
1254.93 474.859
1061.96 391.052
1451.72 584.612
1342.61 447.078
1431.05 457.553
2055.62 666.884
1486.71 468.236
1365.27 452.733
1535.5 488.21
1146.58 470.84
1386.95 504.349
1177.64 420.235
1335.55 475.081
1285.7 420.62
1149.48 373.957
1194.61 399.721
1083.99 399.837
1408.69 441.701
1301.08 447.907
1425.8 515.358
3554.27 858.236
2741.81 666.528
3025.56 886.24
2648.26 746.786
2988.81 963.216
2448.5 668.095
2796.41 843.149
2715.04 830.888
2878.53 848.607
3071.33 923.182
3258.2 1165.42
2387.93 746.181
2701.12 875.303
2828.73 933.479
2831.9 914.338
3078.68 984.719
2876.89 880.238
2794.88 742.358
3273.86 867.001
3435.92 895.437
2579.4 652.48
3217.17 661.325
672.435 265.001
794.115 342.242
730.951 279.744
699.771 350.153
767.215 301.079
642.603 281.909
672.134 283.178
660.801 293.661
682.839 279.073
774.929 363.671
721.941 325.365
783.767 374.109
822.989 361.646
992.558 418.236
861.176 323.813
773.913 353.107
753.117 334.518
951.707 407.874
715.867 306.932
738.953 316.091
825.175 359.129
783.546 370.158
2709.96 589.319
2750.39 678.241
3036.66 891.404
2992.84 825.512
2812.92 782.73
2981.44 887.138
2682.2 752.469
3076.05 893.928
2508.82 763.249
3419.06 1103.57
3092.15 924.826
2922.07 947.726
3028.89 823.887
3374.93 964.693
2867.29 815.946
2853.35 826.603
3375.26 935.73
2441.75 691.236
3611.74 1122.63
3126.01 902.143
2903.97 679.475
3009.82 707.048
1392.32 217.386
1081.27 352.373
1104.51 415.271
706.396 256.833
658.064 279.519
792.769 312.6
654.403 357.262
679.161 241.724
641.125 291.615
646.662 277.599
713.173 288.052
678.831 279.81
856.349 334.081
562.433 261.532
890.67 375.455
503.826 198.491
737.694 281.608
563.218 209.317
822.226 327.413
703.638 294.544
708.656 294.928
791.296 221.376
3021.49 651.751
2783.17 726.263
3415.74 956.976
3430.04 975.433
3308.24 967.187
3240.58 916.276
2765.54 803.604
3286.96 1074
3086.14 922.905
3352.8 1024.08
2984.19 901.91
3155.41 998.706
3379.94 1231.07
3441.08 1065.97
3286.85 975.459
3416 1052.8
3026.54 963.334
2987.95 809.921
3891.96 1029.11
3652.9 1033.26
2796.43 640.524
2839.37 541.76
877.108 255.768
809.852 283.603
877.453 415.003
707.498 327.128
804.698 424.011
800.535 334.939
777.948 366.274
915.683 355.562
827.925 407.175
786.019 344.667
910.465 500.494
748.107 300.33
768.395 415.029
909.812 364.615
876.229 363.08
832.284 343.59
906.177 431.934
827.794 353.881
773.761 417.981
797.784 312.165
868.966 328.884
1086.44 0.00212007
2775.49 599.073
2668.59 716.395
2680.78 813.659
2728.5 826.379
2851.92 1007.19
2821.46 974.403
2760.82 822.117
3140.23 1082.64
3001.23 995.481
3260.91 980.437
3150.14 910.335
3521.48 1150.22
2802.02 789.762
3738.17 1151.6
2370.64 677.455
3063.04 994.526
2661.86 803.552
3093.3 908.86
3080.98 936.313
3496.44 916.064
2941.71 658.795
2516.83 2679.59
1365.45 378.639
1034.74 330.99
711.619 248.032
705.69 288.633
794.327 330.672
599.044 244.894
744.76 306.176
962.889 388.559
1397.55 480.558
1189.89 450.523
670.969 312.55
826.125 404.119
762.365 360.051
789.208 380.29
870.24 340.078
745.642 354.589
520.39 184.049
747.6 316.215
697.197 307.714
816.55 312.914
811.262 315.978
812.04 221.033
3907.82 784.767
3225.16 883.836
4419.55 1128.62
3822.7 1093.16
3563.64 1065.27
3628.27 1102.02
3467.02 1142.35
2747.05 831.035
2978.71 959.503
3454.98 1070.01
3356.31 958.034
3283.6 956.427
3705.16 1154.27
2970.12 965.826
3655.27 1061.21
3524.74 967.214
3615.5 1121.06
3332.54 1019.53
3730.07 1110.43
3216.35 963.779
3357.73 783.372
3309.71 491.438
1031.76 242.424
923.454 302.256
988.153 393.105
909.821 338.557
692.302 268.195
995.02 389.264
770.794 380.003
813.091 305.253
856.283 355.809
834.755 331.556
734.413 308.587
761.2 306.206
802.023 356.271
889.303 421.845
841.654 359.725
838.529 324.15
998.497 402.997
748.402 302.021
713.661 306.566
801.251 347.774
827.765 293.72
842.816 287.74
2663.36 430.937
2743.54 618.164
2635.45 770.058
2589.18 755.378
2484.31 728.117
2798.2 917.394
2554.2 762.383
2556.25 796.345
2799.96 914.313
2855.56 872.358
2822.05 942.817
3209.62 1079.13
2823.85 896.024
2965.88 874.929
3197.34 899.425
3442.18 1006.12
2784.78 802.274
2304.78 648.13
2662.74 826.257
2761.71 708.946
2923.73 650.661
2699.25 393.799
859.587 187.437
676.559 193.514
841.286 314.714
543.872 238.378
551.656 246.643
1127.03 422.077
551.553 246.146
608.545 250.528
497.626 229.789
637.117 272.846
793.165 309.83
644.84 273.954
493.665 211.534
648.305 309.864
665.726 285.248
712.938 287.935
539.918 258.472
1049.92 421.45
509.77 235.565
524.124 222.654
626.095 224.415
737.014 174.018
2765.01 520.085
2916.4 684.331
2816.5 754.698
2774.91 833.795
3149.77 986.816
2734.24 820.948
2924.81 786.896
2770.53 801.127
2473.26 732.382
3143.4 960.65
3439.42 1126.48
2578.17 763.316
2256.41 690.833
2480.82 737.447
2671.34 839.09
2697.86 768.455
2935.08 846.027
2904.3 812.643
2929.87 782.125
3198.82 824.371
2821.7 629.542
3025.62 523.314
764.543 219.633
804.189 268.157
677.695 280.168
730.259 285.26
970.152 387.602
858.435 284.698
718.51 290.4
915.453 352.424
712.618 248.945
610.49 282.612
590.028 248.997
815.735 325.224
798.058 292.318
741.262 289.32
799.78 307.292
748.03 318.007
714.004 273.398
867.143 347.417
897.425 349.206
872.63 343.138
721.205 258.521
764.853 223.541
3914.69 1062.11
3314.82 950.855
3581.82 1074.76
3900 1281.85
3804.57 1066.31
3634.66 1115.19
3749.75 1245.4
3164.75 1040.31
3327.63 1148.94
3533.36 1192.59
3963.07 1247.94
3318.08 1045.85
3814.02 1301.32
3690.72 1272.9
3535.86 1088.22
3235.96 1031.78
3636.35 1181.63
3672.16 1138.3
3418.69 1141.44
3693.22 991.865
3843.77 855.194
4063.17 0.0211458
746.031 220.337
1106.8 349.351
935.053 358.886
1141.25 394.818
817.683 309.617
786.295 353.868
678.891 289.958
1091.25 516.472
753.532 380.596
992.029 411.419
761.809 340.711
818.477 336.278
1134.77 484.899
1347.28 558.218
809.623 341.999
959.498 466.086
769.216 302.351
1200.86 419.17
1078.48 430.551
857.196 357.399
860.812 296.646
890.044 303.307
2998.32 639.7
3587.01 819.711
3500.2 922.757
2859.77 727.334
3526.96 1059.88
3012.53 820.457
3057.14 988.07
3052.59 948.606
3127.17 944.198
3110.16 973.945
3144.62 957.116
3154.34 979.238
3389.59 996.644
3367.09 1028.01
3359.58 1024.81
3840.73 1170.86
3127.53 976.386
3665.39 1014.9
3632.28 999.751
3374.74 882.396
3276.92 865.297
3223.36 692.429
705.202 215.017
604.759 241.137
684.722 296.944
591.073 227.032
671.031 290.659
586.98 241.791
634.307 292.681
690.048 285.263
747.16 329.518
507.144 228.441
590.421 271.305
621.964 249.028
770.05 344.37
627.35 284.2
684.428 272.965
675.854 289.482
911.963 323.003
683.285 267.86
711.982 300.783
656.141 263.128
740.111 300.288
647.627 193.835
2870.39 684.404
3583.39 1041
2829.87 768.268
2572.38 743.732
3367.98 1046.43
3105.38 802.295
3460.76 1052.24
3517.57 1045.93
3494.36 1129.98
2760.26 927.711
3032.08 933.357
3286.36 1064.41
3044.12 894.549
3740.04 1202.53
2722.33 764.809
3244.55 1087.52
2866.96 835.528
3031.07 942.185
3175.92 965.078
3078.91 845.723
3113.4 857.772
3571.74 738.485
871.91 390.62
800.533 340.27
985.672 334.914
982.803 397.572
829.426 403.396
877.347 377.557
826.14 333.131
795.064 353.223
984.515 419.43
865.606 325.985
922.389 453.495
811.172 347.279
671.934 260.731
724.272 286.951
881.803 450.844
870.975 410.115
902.988 327.332
915.324 392.652
929.628 467.828
932.038 380.495
927.444 412.611
1029.78 465.911
3710.79 936.275
3370.91 923.905
3945.86 1157.36
3363.38 929.036
3837.16 987.501
3487.51 1082.38
3453.07 1014.9
3534.23 1048.02
3474.89 1023.5
3544.32 1107.02
3774.15 1127.42
3443.74 1062.77
3495.42 1094.72
3210.3 984.554
3262.53 985.019
3682.68 1108.25
3598.59 972.123
3712.45 990.688
3511.06 946.61
3197.52 819.488
4052.64 1159.36
3220.03 821.037
1659.64 474.139
1645.38 545.956
1962.05 627.002
1769.2 536.782
1536.1 522.344
1821.22 556.883
1568.8 513.312
1711.49 553.756
1916.89 634.646
1707.77 632.665
1785.88 622.332
1696.83 569.248
1705.78 620.05
1787.75 614.496
1595.8 570.821
1517.68 504.932
1587.79 502.66
1501.03 445.035
1356.63 404.952
1548.53 488.264
1684.23 587.941
1263.02 345.12
2623.84 1025.59
3086.74 868.988
3207.33 903.889
2890.13 801.225
3370.56 1029.79
2966.23 995.21
2859.67 944.054
3031.66 925.142
3199.62 987.917
2748.31 861.199
3087.84 916.983
2996.16 910.327
3085.29 922.051
3020.46 894.397
3166.28 956.372
3320.57 1031.23
2901.3 869.884
2916.86 845.641
3293.36 917.664
3135.64 862.973
3055.92 867.735
3130.99 1081.82
2491.83 880.699
2869.51 764.212
2810.54 826.388
2957.98 835.266
3002.47 864.874
3205.73 945.102
3045.08 937.208
3006.47 822.967
2855.63 856.43
3407.04 1067.59
3355.59 1065.4
2872.41 906.362
3060.64 927.25
2858.56 856.973
3042.12 876.328
3895.98 1108.67
2169.72 557.641
3799.61 1180.03
3790.94 1020.04
2671.37 792.727
3047.91 877.253
3817.26 1248.78
