2749.37 1310.48
2644.71 839.909
2696.39 933.665
2343.46 787.934
2186.13 734.865
2708.6 946.257
2786.81 921.545
2618.14 882.936
2521.39 824.431
2596.24 929.374
2261.07 725.941
2260.18 764.564
2355.68 806.513
2033.38 686.243
2600.95 924.459
2037.01 665.373
2401.17 750.084
2960.42 946.797
2515.59 792.465
2318.66 765.206
2605.69 843.506
3039 1458.05
2541.25 1164.34
2988.25 948.307
2775.71 942.88
2489.93 777.252
2552.58 755.601
2628.53 873.156
2257.77 733.039
2629.56 919.592
2657.61 877.759
2443.39 900.703
2302.4 733.722
2103.18 776.092
2583.3 860.289
2681.67 910.69
2102.52 748.699
2315.37 724.696
2144.13 689.496
2369.69 783.476
2149.06 690.743
2053.43 650.838
2413.64 722.858
2354.98 1041.87
3193.42 1002.38
3255.24 1003.09
3270.89 1102.33
2770.57 797.147
4049.13 1454.2
3327.17 1057.27
2982.36 924.899
3263.23 1052.01
3703.17 1303.88
2869.52 879.128
3061.18 1062.79
2840.62 919.034
3313.6 1095.06
2672.58 830.834
3408.91 1172.52
2679.32 792.074
3338.78 1123.32
2906.52 915.546
2770.3 825.542
2656.3 824.677
2568.13 796.799
2941.42 1067.27
1965.91 692.6
1440.29 518.766
1232.76 464.895
1093.98 419.882
1463.7 593.8
1345.99 477.233
1421.61 514.404
2075.08 730.618
1509.74 554.058
1361.64 474.724
1539 556.447
1138.96 462.491
1397.48 547.485
1221.74 463.559
1345.72 534.908
1330.35 497.953
1190.33 460.867
1205.32 438.913
1100.32 438.822
1368.26 495.526
1274.85 473.103
1348.97 541.45
3636.34 1046.1
2776.38 780.507
3092.8 987.929
2634.48 784.76
2943.46 964.183
2440.97 725.734
2810.01 943.23
2788.27 887.848
2882.14 937.243
3100.33 1000.58
3273.9 1189.86
2371.76 725.695
2699.69 934.047
2861.99 991.379
2839.35 936.518
3067.82 1021.08
2942.45 948.352
2791.1 830.064
3303.27 1058.72
3478.9 1035.96
2600.82 733.551
3422.85 958.221
720.846 316.361
792.397 356.145
780.062 331.806
719.281 308.904
793.303 341.639
680.656 297.27
676.548 299.659
712.919 303.697
697.635 290.187
805.432 361.794
740.449 326.95
813.753 338.671
809.442 340.334
1054.47 453.317
895.562 363.997
769.726 341.379
783.371 332.992
943.957 406.035
762.528 334.989
767.442 346.464
827.37 330.057
799.402 367.885
2771.96 712.821
2854.62 827.707
3062.74 970.496
3028.46 964.148
2904.37 922.441
3019.32 976.439
2743.23 827.341
3116.13 1026.38
2547.14 770.094
3413.17 1168.9
3072.82 973.446
2971.53 970.347
3045.73 920.618
3326.06 1055.87
2832.57 893.514
2807.98 903.583
3376.86 1135.63
2372.21 686.168
3655.28 1234.2
3157.85 1025.19
2991.77 860.497
3133.27 807.123
1524.97 505.366
1105.35 424.491
1122.17 430.935
741.693 296.06
677.751 281.576
812.414 308.398
670.212 274.509
700.827 291.816
660.866 284.546
651.142 269.287
724.794 291.731
705.199 306.418
880.3 371.189
559.905 247.095
900.596 373.401
500.681 223.516
744.023 324.372
586.767 224.191
811.46 351.74
715.8 308.276
709.498 300.096
800.184 358.291
3081.8 773.152
2861.9 849.08
3586.2 1210.8
3444.3 1093.06
3288.16 1065.19
3276.62 1074.36
2779.54 817.792
3286.38 1099.98
3100.78 992.35
3390.1 1082.41
3058.06 946.108
3128.46 996.266
3297.31 1096.68
3339.58 1048.87
3400.83 1122.88
3423.93 1113.75
3099.02 982.474
3092.06 950.141
4009.5 1353.65
3773.78 1285.94
2758.17 837.822
3037.69 847.254
861.632 296.209
854.938 330.497
893.29 418.482
743.671 335.505
802.294 347.995
789.193 325.218
800.591 343.488
934.909 389.492
831.857 389.307
828.928 363
949.539 413.143
762.02 326.849
781.094 365.684
910.077 362.656
916.229 390.645
861.284 376.83
900.763 376.328
868.083 368.369
811.94 371.334
792.172 335.738
886.221 383.933
1076.51 429.017
2896.36 602.864
2798.49 847.476
2708.74 870.807
2787.82 916.116
2870.18 1012
2864.58 994.004
2863.22 929.379
3171.15 1085.3
2998.57 967.546
3331.09 1077.15
3166.97 1006.75
3536.58 1244.98
2858.85 866.848
3765.95 1315.44
2405.35 720.398
3136.81 1089.12
2655.62 830.882
3065.76 1006.76
3114.95 1010.37
3622.74 1143.44
2981.15 776.112
2900.83 651.16
1390.81 405.508
1044.5 343.851
715.896 286.412
744.908 325.045
785.235 337.137
601.328 254.585
760.343 292.428
993.988 385.889
1396.73 503.354
1213.11 453.202
700.998 302.878
840.059 374.178
773.408 320.529
797.57 380.035
853.173 310.423
758.137 345.845
531.186 213.038
757.977 339.414
710.136 283.499
835.174 387.047
849.256 394.738
878.443 213.645
4039.16 964.645
3395.01 928.341
4717.6 1427.79
4054.81 1328.31
3604.05 1176.36
3634.92 1127.07
3505.28 1153.18
2763.69 888.238
2976.91 968.811
3477.12 1099.01
3381.75 1046.04
3298.29 1026.96
3740.86 1237.81
2984.68 891.526
3663.34 1167.3
3558.96 1044.85
3672.06 1195.63
3333.03 1037.25
3750.54 1238.24
3325.4 1169.05
3397.34 977.829
3331.46 918.097
1030.71 361.164
1005.92 414.473
981.668 404.851
925.905 369.441
708.671 294.158
989.533 378.946
771.605 344.063
862.997 336.885
892.802 363.413
853.589 341.277
779.943 321.61
801.525 333.761
834.259 364.622
914.012 372.422
904.298 390.571
857.069 323.013
1055.25 442.745
766.253 309.729
758.566 344.683
787.717 343.482
831.119 324.269
937.601 140.92
2851.91 635.796
2851.18 646.183
2730.11 937.686
2593.16 841.807
2554.33 804.681
2862.62 972.295
2632.78 841.683
2666.05 853.65
2774.17 885.032
2927.41 960.557
2854.77 922.771
3152.59 1059.66
2787.27 860.438
3027.99 945.761
3148.36 968.788
3423.71 1099.58
2805.47 889.084
2335.69 734.333
2671.75 897.811
2869.28 886.651
2998.66 864.331
2779.39 583.684
904.825 301.942
671.308 226.408
847.428 346.575
566.201 246.287
550.573 222.452
1141.05 432.677
555.166 233.217
640.518 285.71
535.867 237.583
658.998 290.408
830.106 324.662
672.382 277.695
512.854 214.55
674.802 294.554
668.075 285.548
715.306 308.212
560.294 257.861
1058.48 410.716
513.914 232.228
547.973 238.67
636.503 264.102
757.026 222.916
2820.92 551.767
2996.45 824.61
2915.93 901.596
2845.49 855.185
3180.6 1062.36
2768.33 878.465
2980.68 968.614
2805.22 898.781
2461.46 773.936
3110.63 984.291
3364.02 1102.02
2619.88 814.38
2305.19 732.273
2579.53 830.344
2693.8 878.608
2682.21 837.069
2951.41 950.787
2912.93 839.238
2978.78 875.602
3315.21 1102.75
2961.43 801.779
3140.17 698.52
803.214 255.223
814.313 300.472
712.709 307.003
767.8 307.725
953.966 354.457
869.312 315.116
738.757 305.694
935.994 388.464
715.369 265.924
616.267 261.317
600.456 258.914
840.27 327.385
802.533 308.679
751.585 303.696
822.913 328.704
767.511 315.516
730.91 282.579
913.879 352.831
927.321 363.942
888.743 396.273
715.939 250.397
802.241 249.71
3922.94 1118.82
3502.92 1143.64
3694.9 1185.58
4139.79 1324.97
4136.14 1413.06
3630.26 1207.37
3867.07 1303.31
3344.1 1103.29
3359.07 1121.74
3512.32 1166.03
3877.29 1250.13
3379.87 1048.06
3809 1288.49
3632.52 1225.64
3574.86 1154.87
3293.35 1071.31
3665.73 1191.25
3653.28 1239.07
3465.42 1224.16
3768.13 1180.31
3803.07 1029.82
4026.53 901.257
744.932 300.622
1137.16 467.993
971.441 381.576
1151.96 461.39
821.887 329.85
820.939 358.201
702.982 296.818
1095.35 483.807
778.719 339.177
1079.47 467.59
794.884 339.509
843.582 358.103
1160.69 501.544
1369.26 541.588
842.548 352.682
966.549 428.794
796.666 344.701
1184.49 481.748
1074.84 421.497
884.972 406.925
870.857 339.448
1045.35 443.386
3025.37 837.888
3655.2 991.618
3525.88 1044
2918.18 828.084
3573.46 1157.82
2998.06 868.007
3125.67 1036.24
3113.81 1022.47
3163.21 1026.96
3151.28 1010.82
3207.08 1016.55
3120.25 978.909
3450.91 1118.79
3416.22 1066.76
3437.51 1086.11
3853.19 1241.21
3204.95 987.86
3755.57 1155.78
3671.39 1146.07
3419.97 1005.01
3317.09 944.168
3333.62 842.349
654.239 273.991
628.456 266.814
700.562 311.852
624.481 255.803
716.354 326.139
597.395 234.855
681.109 284.523
680.111 282.561
777.97 336.429
533.635 229.917
596.189 253.364
631.32 250.442
756.912 310.82
645.304 266.851
702.242 297.947
700.854 305.184
924.629 356.123
692.414 291.19
715.983 314.823
675.86 279.376
766.129 318.806
679.724 287.136
3121.07 1048.11
3633.99 1185.14
2893.29 862.764
2682.82 860.238
3467.7 1150.31
3163.72 934.904
3490.84 1165.71
3500.06 1102.14
3568.04 1226.75
2813.52 921.609
3054.53 991.394
3331.8 1096.26
3081.76 949.909
3739.44 1251.47
2751.95 836.43
3239.16 1128.62
2935.31 921.734
3111.6 1054.64
3169.97 1007.93
3105.62 951.847
3126.97 983.101
3759.08 1312.35
976.793 296.511
777.985 300.118
997.422 360.216
966.826 371.667
862.739 401.669
888.88 371.64
828.12 344.113
833.074 361.254
1023.49 448.226
901.818 361.194
962.531 428.639
844.423 378.152
694.221 273.849
738.796 308.058
907.424 383.394
929.57 420.985
921.978 367.781
930.564 422.294
927.324 416.449
892.569 366.924
931.632 416.966
1048.59 491.503
3939.84 1247.95
3461.2 988.759
4147.82 1359.19
3403.23 958.186
3842.44 1166.97
3579.37 1133.77
3552.2 1130.93
3520.96 1128.86
3535.59 1142.28
3524.74 1137.78
3797.23 1225.98
3468.19 1124.49
3542.57 1165.85
3242.75 1039.84
3315.07 1060.55
3770.97 1224.32
3625.22 1099.84
3697.02 1175.62
3673.22 1208.45
3315.78 953.674
4057.93 1292.19
3391.08 1185.31
1626.94 550.168
1713.89 592.725
2174.82 774.824
1802.93 607.845
1506.77 556.513
2000.45 711.828
1643.18 600.916
1705.53 601.074
1964.94 679.545
1676.03 602.973
1879.16 662.52
1708.81 608.801
1727.85 651.48
1809.59 650.968
1619.39 588.754
1571.77 596.645
1636.86 583.966
1519.78 535.938
1404.42 489.747
1517.25 468.693
1720.96 666.811
1352.37 485.217
2534.8 1299.02
3205.97 1078.16
3214.7 1000.28
3014.5 956.019
3493.89 1256.47
3007.83 1076.47
2875.59 940.818
3158.05 1105.93
3234.33 1141.33
2800.6 979.085
3147.35 1130
3044.55 1048.64
3112.63 1038.1
3081.18 1046.69
3206.88 1081.83
3368.52 1149.15
2904.15 989.958
3011.92 1018.3
3339.71 1070.69
3209.73 1065.06
3105.04 1062.62
3277.99 1266.36
2580.67 1351.57
2908.01 943.368
2855.09 915.084
3006.98 937.993
3059.37 1097.91
3289.87 1059.21
3104.26 989.531
3111.74 1001.39
2903.24 1112.43
3495.71 1192.15
3287.24 1181.8
2901.6 985.867
3089.95 1056.54
2862.4 961.303
3082.54 1048.76
4243.21 1446.26
2241.06 774.06
3829.38 1273.48
3815.27 1192.14
2661.71 816.486
3093.4 1038.14
3535.54 1691.88
