2730.89 1329.99
2704.1 850.404
2674.24 910.894
2362.48 758.897
2219.75 761.197
2717.91 901.49
2787.24 885.517
2633.8 869.602
2505.46 818.144
2596.65 916.3
2263.83 725.134
2294.65 787.572
2417.63 842.12
2031.54 688.073
2617.77 918.639
2049.34 652.634
2406.78 801.502
2940.28 973.901
2481.07 798.854
2298.08 739.815
2583.85 834.008
3249.33 1293.06
2585.95 1236.65
3011.06 947.985
2743.36 942.958
2521.68 775.664
2563.09 758.295
2659.68 887.107
2256.04 730.001
2670.88 900.254
2647.18 894.632
2446.33 895.953
2333.76 758.086
2124.89 780.958
2635.87 883.212
2748 939.389
2112.25 753.321
2306.89 710.157
2097.19 667.66
2346.48 792.738
2159.55 715.095
2066.22 671.528
2415.01 748.09
2618.42 1179.92
3291.1 996.915
3298.42 1012.99
3317.73 1152.09
2826.51 830.025
3898.33 1382.89
3353.14 1061.05
3020.99 961.793
3313.71 1085.75
3663.56 1250.56
2888.52 894.304
3032.92 1040.09
2868.35 931.54
3274.25 1081.68
2684.06 851.544
3444.35 1178.6
2663.17 743.954
3403.64 1152.19
2960.55 925.164
2804.3 844.759
2719.5 856.687
2614.31 787.803
2975.67 1117.58
1913.23 579.141
1487.09 534.838
1237.06 467.734
1120.05 429.381
1455.21 575.259
1347.98 479.01
1417.25 517.671
2113.16 763.418
1507.92 554.518
1385.96 499.023
1546.16 554.206
1156.13 454.334
1397.73 559.302
1224.41 455.957
1375.08 562.109
1333.07 494.769
1195.95 455.366
1235.26 454.003
1109.12 434.456
1400.05 519.297
1303.99 476.627
1367.87 571.781
3659.29 1031.01
2779.28 756.959
3099.77 968.37
2651.75 793.751
3013.32 1020.34
2470.67 724.731
2842.98 954.181
2771.68 882.473
2932.99 936.682
3132.77 1041.71
3278.65 1145.12
2371.99 727.54
2704.57 918.656
2888.66 980.981
2879.92 963.663
3059.32 997.754
2951.19 948.193
2856.05 851.152
3376.51 1100.75
3484.23 1078.86
2594.08 692.046
3357.01 948.972
712.494 310.934
777.896 325.86
765.378 328.52
720.459 326.222
784.488 335.123
680.758 293.119
663.627 287.077
687.088 292.7
719.372 318.001
799.037 349.523
738.175 328.53
819.215 339.37
815.152 342.644
1047.03 436.878
876.539 341.666
763.388 344.154
777.456 330.732
938.601 385.468
748.799 326.151
757.98 323.479
845.374 333.454
812.986 361.704
2832.97 775.902
2854.84 812.737
3041.69 949.677
3020.34 909.277
2882.53 875.341
3048.63 997.912
2767.94 859.897
3170.45 1003.37
2567.33 767.851
3440.79 1202.53
3102.99 995.697
2975.26 978.89
3104.22 995.795
3340.43 1069.5
2844.33 883.4
2816.83 868.4
3393.42 1173.54
2417.8 743.751
3634.03 1210.98
3164.86 1015.73
2983.23 863.709
3317.67 912.767
1439.8 436.517
1107.34 416.029
1130.33 443.332
747.289 300.08
689.142 292.202
822.15 321.789
668.242 291.248
705.136 278.081
670.075 295.138
672.738 287.748
731.505 295.574
718.397 306.074
907.752 394.789
561.9 257.116
921.994 383.162
515.716 224.938
728.921 316.16
593.786 235.523
826.45 361.712
715.802 312.037
713.172 294.766
802.212 343.9
3173.09 744.413
2848.84 787.525
3578.15 1180.11
3428.85 1088.19
3356.02 1046.23
3310.69 1064.02
2807.66 860.399
3305.23 1098.09
3099.12 966.696
3433.84 1131.17
3038.2 955.218
3191.36 1032.02
3311.98 1095.02
3418.3 1078.48
3401.4 1116.68
3410.58 1096.03
3076.62 947.788
3103.76 931.087
4055.84 1385.54
3761.58 1267.93
2829.97 827.902
2808.98 821.286
918.859 359.129
852.359 340.773
899.419 425.24
741.032 323.076
813.803 355.147
802.845 326.359
814.417 344.244
937.8 382.44
835.198 374.11
828.554 372.357
950.678 410.837
775.049 346.361
788.163 346.528
911.914 361.784
908.816 370
872.458 381.792
892.506 364.213
845.845 337.048
809.218 389.14
795.865 330.188
900.903 383.785
1102.9 422.929
2874.97 704.846
2789.55 837.803
2676.13 856.936
2839.93 964.362
2923.37 1014.72
2898.98 1029.41
2879.96 940.446
3249.45 1149.29
3058.02 977.874
3365.37 1105.11
3189.34 1011.88
3535.79 1196.22
2879.76 875.008
3760.61 1322.43
2453.6 737.373
3150.98 1065.25
2689.64 872.991
3081.09 1033.1
3102.41 1033.65
3592.65 1091.87
2978.37 804.872
2837.04 650.563
1359.95 471.503
1049.59 347.722
738.243 323.408
740.211 328.951
805.258 345.902
598.136 256.578
758.252 297.042
999.962 402.829
1407.13 492.927
1220.59 468.352
706.996 305.524
830.48 354.291
780.384 317.141
799.818 382.041
873.349 332.638
783.239 350.63
532.944 216.678
746.13 325.809
710.735 287.63
846.163 396.979
856.744 406.828
825.735 -175.097
4002.9 859.554
3384.86 870.902
4717.57 1452.88
3832.01 1213.34
3670.74 1204.47
3671.02 1141.02
3556.48 1181.7
2776.49 864.108
3006.84 974.555
3431.16 1075.02
3414.93 1067.82
3373.67 1070.18
3756.15 1215.79
3062.08 924.684
3632.8 1169.15
3572.21 1069.41
3690.08 1177.3
3343.65 1040.12
3791.91 1233.83
3389.04 1167.96
3317 907.538
3381.53 968.214
1086.49 84.0612
1011.7 388.112
1045.94 456.474
945.909 392.765
698.364 286.591
987.226 382.079
774.684 346.204
871.28 338.21
895.546 361.432
870.592 352.89
760.957 294.054
792.165 319.278
832.427 355.286
938.494 394.177
899.45 388.488
876.141 344.422
1066.47 454.3
758.162 308.21
737.995 322.691
827.922 371.733
839.402 329.308
920.798 337.647
2887.71 690.435
2867.05 759.224
2724.51 886.876
2619 864.173
2571.16 812.36
2869.2 982.811
2657.91 871.949
2657.44 847.606
2820.81 897.895
2923.65 952.04
2870.25 929.393
3203.59 1119.99
2814.52 884.895
3035.81 967.305
3212.05 1010.12
3448.13 1099.22
2835.35 913.29
2364.48 742.686
2693.11 899.573
2859.91 881.388
3026.12 782.521
2946.05 760.471
865.258 267.654
689.339 235.361
837.185 350.458
578.522 255.293
561.466 231.884
1154.05 448.46
558.953 241.59
638.21 276.291
535.054 226.762
660.585 281.966
831.922 333.502
667.502 277.333
514.498 209.524
682.777 300.952
683.26 286.315
706.149 299.823
554.072 243.741
1069.18 416.994
515.221 230.388
544.465 233.801
636.742 260.774
821.971 317.284
2831.89 628.706
3042.96 776.547
2950.17 925.141
2850.35 838.675
3143.58 1043.4
2819.59 907.856
2972.18 921.185
2795.71 872.218
2511.77 770.335
3185.38 989.796
3364.41 1090.04
2635.72 792.112
2300.47 711.687
2565.4 816.11
2694.16 881.338
2691.98 826.704
3012.05 964.433
2950.19 903.491
2974.16 875.174
3349.53 1058.08
2929.29 770.436
3196.81 723.52
806.971 226.186
809.389 291.398
721.71 308.169
804.016 320.501
936.902 359.502
881.87 323.144
748.972 310.5
922.935 359.634
721.335 265.215
624.436 251.17
595.538 240.175
850.493 341.047
809.216 317.457
735.607 291.137
842.744 333.483
787.319 333.041
735.195 282.758
893.418 347.466
922.346 366.588
896.483 395.909
738.738 272.988
802.379 222.653
3913.91 945.637
3853.17 1236.91
3749.85 1180.62
4083.72 1415.26
3967.75 1307.23
3675.03 1188.13
3797.52 1245.69
3392.76 1148.32
3390.09 1163.86
3506.16 1136.52
3960.52 1296.56
3372.71 1016.32
3818.57 1315.69
3671.22 1228.16
3623.25 1188.79
3327.8 1097.76
3670.66 1201.44
3623.45 1219.34
3479.12 1221.92
3791.42 1278.31
4029.04 1085.43
4374.03 1096.09
759.262 288.452
1160.09 465.634
986.403 388.192
1149.99 453.206
852.655 347.659
843.563 371.265
718.94 305.869
1124.92 497.502
783.663 337.753
1070.36 453.053
801.016 338.638
854.498 352.356
1162.05 495.485
1367.06 533.044
831.895 342.059
985.682 420.199
810.594 351.15
1245.45 527.433
1075.59 426.156
882.148 410.506
870.334 369.021
901.181 397.936
3121.58 752.711
3684.33 984.113
3490.02 1041.13
2997.65 902.802
3591.61 1185.42
3030.37 907.119
3126.3 1033.41
3114.73 1014.67
3168.88 1028.68
3130.02 992.015
3285.4 1066.13
3135.21 994.437
3411.99 1078.67
3418.13 1084.36
3448.11 1088.77
3910.36 1256.2
3285.45 1017.92
3794.86 1158.03
3609.17 1055.96
3485.03 1033.11
3393.78 934.024
3529.42 680.384
-501.758 -1734.4
606.68 215.942
700.839 314.297
613.685 250.027
706.972 319.09
599.406 233.96
678.983 288.04
685.452 277.899
784.14 333.897
525.934 228.461
604.902 256.941
624.864 244.437
757.174 314.94
645.552 279.093
701.658 286.025
700.685 312.441
927.305 351.348
697.157 295.583
729.139 316.162
681.38 294.782
778.911 333.42
750.901 201.35
3031.86 1033.6
3710.08 1256.43
2919.15 882.826
2691.92 876.661
3434.91 1115.17
3171.84 976.31
3492.06 1127.96
3505.89 1091.4
3551.3 1231.73
2798.98 886.69
3047.23 993.225
3332.88 1096.31
3132.11 983.537
3795.46 1284.84
2769.92 818.337
3279.22 1159.33
2958.89 946.698
3111.66 1050.25
3192.4 1007.04
3100.36 963.106
3168.41 982.445
3926.15 1244.03
847.149 392.91
794.431 311.227
1002.94 373.947
966.23 378.095
869.168 395.758
889.088 373.823
841.195 340.565
841.807 379.124
1031.47 467.444
896.711 343.595
957.863 420.78
854.11 375.728
682.03 266.134
747.046 310.09
913.77 378.668
949.308 424.678
923.209 361.245
912.649 409.19
949.182 415.724
918.92 389.613
934.204 423.301
1034.01 469.771
3937.53 1245.05
3501.01 1055.49
4070.07 1315.04
3485.61 1015.21
3964.73 1219.22
3526.61 1082.28
3564.57 1104.17
3581.28 1170.65
3588.26 1157
3561.4 1146.38
3883.44 1211.18
3503.6 1148.61
3562.08 1145.24
3272.91 1045.48
3327.64 1045.6
3736.71 1200.87
3686.24 1123.28
3794.01 1191.82
3626.77 1155.21
3331.26 1006.06
4039.85 1273.31
3408.61 1190.27
1681.64 607.577
1722.82 610.728
2014.03 722.095
1814.81 577.848
1537.34 569.382
1895.18 647.686
1646.02 602.389
1708.21 590.86
1976.07 688.676
1710.31 627.965
1830.4 663.278
1732.45 566.868
1733.94 655.912
1814.92 648.935
1622.82 590.443
1559.38 584.149
1623.16 585.249
1553.16 534.301
1401.33 476.334
1548.06 503.23
1700.13 639.474
1349.91 489.483
2568.04 1321.39
3226.44 1078.66
3304.29 1069.74
2971.81 936.403
3464.85 1209.63
3024.17 1101.03
2878.47 1008.37
3148.4 1048.5
3292.17 1132.24
2794.36 926.518
3168.49 1128.94
3015.03 1028.14
3120.98 1053.95
3129.41 1062.97
3204.47 1038.16
3431.23 1194.5
2974.64 983.414
2972.17 1003.48
3337.28 1092.14
3207.45 1061.35
3071.6 1062.37
3338.74 1237.72
2661.25 1366.14
2889.21 930.268
2936.86 999.272
3037.93 951.743
3052.97 1039.27
3282.6 1025.57
3077.39 1011.53
3132.52 1000.41
2925.78 1062.42
3478.91 1164.65
3344.57 1179.08
2906.68 990.756
3158 1079.14
2907.28 957.823
3118.6 1059.18
4200.45 1406.65
2251.71 735.445
3823.67 1270.87
4024.86 1318.18
2674.96 841.984
3086.36 1075.74
3933.07 1547.69
