2743.24 1318.85
2656.81 851.25
2671.46 932.859
2341.94 777.712
2184.12 739.286
2691.22 946.617
2776.58 899.582
2616.81 880.039
2503.01 818.646
2581.8 912.224
2253 730.667
2269.41 777.347
2368.48 821.629
2010.44 673.855
2578.58 916.661
2030.46 669.261
2393.91 763.638
2957.13 966.101
2499.18 789.208
2298.41 744.202
2584.78 837.069
3243.52 1211.07
2527.6 1233.96
2997.47 967.078
2732.02 926.61
2492.46 771.722
2536.59 753.994
2600.9 876.325
2254.43 737.99
2633.9 914.168
2641.87 873.191
2431.21 897.979
2297.14 737.88
2094.68 769.481
2590.99 854.094
2654.08 885.991
2077.2 737.87
2307.52 731.97
2126.07 689.875
2360.36 780.534
2136.62 675.233
2051.66 646.507
2410.67 727.532
2360.71 1089.75
3230.59 1041.79
3219.34 974.656
3230.73 1095.29
2748.94 798.87
3894.45 1378.57
3313.96 1069.17
2981.44 925.04
3236.88 1039.57
3653.76 1278.79
2867.54 869.306
3035.31 1049.63
2829.71 902.45
3282.73 1080.11
2643.37 811.355
3399.09 1178.92
2648.79 764.698
3320.25 1137.1
2907.68 918.272
2776 832.305
2651.47 824.444
2589.8 806.191
2958.39 1103.98
1924.89 662.274
1446.07 523.926
1212.52 457.21
1096.59 415.424
1444.2 581.439
1322.21 472.476
1428.07 524.509
2063.81 711.37
1505.32 552.866
1371.82 488.188
1514.61 540.585
1130.98 460.444
1385.07 537.598
1214.79 463.561
1329.53 532.551
1323.16 490.339
1169.74 455.613
1212.93 452.32
1096.95 440.053
1383.24 504.072
1284.64 484.187
1355.42 561.065
3664.76 1156.44
2755.68 772.533
3102.1 1010.28
2641.59 801.828
2960.96 969.615
2436.55 735.989
2821.98 958.598
2778.48 889.213
2888.87 942.193
3096.41 1016.1
3242.87 1169.74
2384.14 734.255
2693.49 927.913
2848.35 984.16
2834.73 952.121
3043.03 1014.96
2911.26 924.894
2794.01 831.306
3325.25 1087.22
3467.83 1047.34
2599.91 718.502
3229.12 938.435
711.152 317.305
774.76 339.46
768.034 327.316
707.297 296.464
782.07 337.695
673.066 294.956
666.96 295.411
695.724 293.882
699.134 298.442
804.204 362.88
735.55 327.269
816.465 336.76
809.12 340.399
1047.32 445.094
882.305 354.38
769.864 338.969
777.316 331.512
929.914 396.817
753.031 333.229
756.461 334.908
834.667 329.562
800.512 368.633
2816.59 838.02
2833.07 832.378
3037.34 959.721
3036.32 966.581
2878.75 907.189
3004.04 976.769
2729.33 827.577
3102.8 1008.21
2546.9 770.507
3393.41 1174.18
3058.8 976.504
2936.36 947.741
3057.76 943.91
3322.98 1065.85
2820.48 883.828
2797.16 887.06
3362.67 1136.3
2380.07 708.031
3636.23 1231.83
3138.86 1013.66
2975.81 876.41
3132.33 850.413
1448.15 523.55
1088.78 423.049
1114.75 436.367
742.217 296.745
670.742 277.928
814.893 314.092
667.478 278.998
705.348 293.562
662.24 287.206
651.831 272.146
720.444 293.678
704.482 308.162
875.888 369.079
556.436 247.936
902.652 371.275
500.679 223.775
739.304 320.228
586.857 226.619
822.957 366.497
707.544 306.827
725.052 314.725
786.289 347.318
3086.14 818.039
2886.16 877.592
3558.53 1187.02
3441.66 1094.12
3280.4 1059.49
3281.89 1084.62
2769.03 811.986
3283.28 1100.05
3084.3 980.896
3353.07 1075.33
3013.68 933.712
3139.04 996.387
3286.25 1098.57
3347.5 1052.93
3392.09 1124.66
3428.51 1126.56
3073.65 960.704
3044.95 924.874
4009.05 1358.94
3759.46 1309.39
2714.04 792.483
2923.38 793.002
884.604 424.605
855.819 344.368
887.92 410.557
738.763 327.778
802.095 343.813
789.09 326.785
797.321 337.982
927.715 388.444
825.601 373.99
826.421 365.196
939.472 400.245
762.135 325.131
770.251 359.328
914.11 363.2
907.827 384.322
869.981 382.103
887.191 360.668
847.547 351.569
814.911 382.802
794.17 341.492
884.182 378.983
1075.09 474.863
2905.99 733.003
2783.69 850.887
2719.33 883.142
2802.53 935.815
2875.27 1010.16
2868.35 1003.02
2840.27 926.475
3166.01 1080.74
2988.6 961.135
3318.32 1075.84
3162.65 1000.37
3507.63 1208.26
2832.64 858.271
3756.67 1328.31
2390.06 709.824
3102.67 1083.33
2659.34 843.959
3052.32 1009.06
3080.26 1014.69
3587.84 1169.09
2975.75 789.547
2864.66 640.877
1421.53 434.617
1036.96 337.047
717.369 291.892
741.826 327.777
785.261 339.506
595.131 250.397
752.186 289.586
993.624 391.129
1390.35 494.127
1211.36 454.207
705.839 308.841
842.491 374.547
762.551 306.617
792.145 374.772
847.549 306.373
755.762 350.529
528.334 211.948
758.045 339.298
708.117 289.548
841.656 384.559
851.979 393.215
814.647 270.899
4052.12 986.116
3410.9 946.45
4726.67 1496.87
3842.96 1228.81
3620.42 1185.34
3597.67 1124.49
3512.74 1167.25
2760.65 881.28
2976.97 969.805
3454.15 1099.51
3387.31 1044.15
3299.52 1037.13
3738.46 1237.62
2981.72 899.503
3660.4 1180.48
3557.21 1069.62
3640.43 1201.77
3302.84 1016.81
3723.04 1232.71
3318.61 1162.13
3390.56 977.868
3290.2 796.244
1038.64 382.389
1005.02 411.41
990.974 418.396
934.041 378.285
704.368 291.335
996.863 395.236
765.092 337.753
854.125 332.203
891.504 368.473
852.072 341.908
774.668 314.593
786.309 324.428
832.136 362.302
911.314 372.302
890.815 381.288
861.448 331.279
1039.59 434.936
756.769 304.47
742.246 334.078
796.374 348.583
833.202 320.462
953.125 343.297
2831.23 680.51
2857.23 716.68
2750.83 960.804
2582.67 822.376
2550.81 814.611
2837.55 971.822
2626.16 851.864
2647.7 852.777
2764.66 872.158
2921.11 962.449
2851.7 916.117
3152.75 1088.05
2771.72 851.397
3011.83 947.385
3140.24 979.174
3416.24 1088.73
2815.9 907.044
2335.95 738.712
2658.98 901.909
2837.29 879.453
3013.62 851.089
2798 688.271
900.951 313.807
674.041 234.347
834.191 339.725
566.321 246.237
555.022 227.659
1141.53 436.788
556.829 239.608
633.599 278.76
534.096 233.291
657.839 286.915
831.701 329.281
673.368 281.281
510.249 212.464
675.525 294.269
676.849 292.185
706.316 300.743
552.972 253.712
1047.93 406.061
509.154 229.333
542.805 238.372
628.87 253.368
769.758 290.045
2836.93 633.562
3022.45 816.786
2923.17 887.487
2837.44 851.555
3155.23 1060.53
2766.72 884.339
2967.89 946.331
2783.01 882.696
2453.99 760.727
3117.74 995.546
3341.14 1099.09
2613.96 813.237
2298.77 718.746
2557.27 821.253
2696.83 877.748
2684.52 846.149
2943.7 943.224
2904.93 845.048
2974.25 866.698
3289.59 1098.46
2945.01 813.938
3166.58 750.056
787.737 259.036
816.696 298.99
707.693 299.7
768.152 305.112
948.606 362.537
867.21 314.726
734.692 298.578
934.406 388.979
709.175 260.83
616.984 258.938
597.456 256.195
841.586 330.249
793.605 299.621
743.836 296.785
824.407 329.79
759.866 317.04
726.596 280.029
896.911 341.792
917.789 357.121
886.283 392.425
721.012 256.579
788.465 204.259
3867.13 1058.37
3509.57 1137.41
3664.01 1172.15
3975.59 1373.03
3947.04 1332.62
3641.26 1215.35
3976.6 1356.59
3349.12 1119.76
3372.48 1137.38
3508.11 1170.45
3866.05 1277.46
3366.33 1032.04
3764.43 1262.05
3645.86 1239.67
3569.99 1164.86
3297.8 1086.97
3696.88 1232.11
3640.55 1237.33
3410.46 1157.76
3765.54 1209.05
3811.1 1063.03
4064.27 1086
767.27 321.506
1133.93 461.447
977.69 385.265
1147.95 458.695
825.715 330.254
823.761 358.785
705.993 302.582
1088.86 481.98
780.833 336.61
1063.7 460.171
789.084 336.513
835.298 347.618
1151.78 497.293
1359.74 538.324
839.352 356.581
958.299 417.5
790.127 342.237
1186.46 482.12
1088.43 425.989
871.517 399.069
866.086 345.452
1074.6 319.948
3086.77 859.952
3624.58 997.92
3503.81 1041.84
2918.78 833.662
3590.87 1198.07
2999.5 877.763
3101.75 1022.7
3101.89 1020.83
3165.35 1038.25
3113.38 1001.31
3194.64 1021.4
3120.32 982.378
3422.69 1116.66
3395.51 1068.85
3419.75 1088.81
3857.96 1234.05
3193 972.898
3753.46 1178.29
3637.92 1152.19
3402.23 1016.45
3320.87 965.67
3316.9 887.212
676.055 294.286
622.202 267.184
692.606 302.028
614.639 246.083
705.125 317.802
594.445 231.393
676.082 283.142
676.97 279.858
774.396 335.953
532.454 229.821
594.384 249.845
626.212 246.559
759.683 314.687
645.391 268.203
702.993 294.96
698.79 301.235
916.683 348.825
693.414 294.15
704.566 306.06
670.564 273.223
758.917 310.979
670.335 293.449
3128.29 1073.44
3640.97 1204.12
2898.4 866.584
2682.1 868.259
3445.69 1139.95
3198.45 978.598
3479.51 1168.8
3499.53 1107.25
3555.97 1222.03
2811.23 923.326
3023.43 985.477
3303.99 1088.03
3066.28 956.063
3754.08 1260.21
2735.33 832.518
3210.79 1113.6
2934.7 930.492
3099.41 1044.86
3124 990.397
3112.35 979.364
3129.88 977.328
3847.01 1197.81
968.336 279.006
779.953 301.445
991.177 372.747
966.693 377.055
881.391 413.023
874.894 365.393
830.065 349.192
819.761 351.241
1018.46 451.537
898.278 356.117
956.582 429.283
842.385 379.209
687.445 266.779
735.974 302.323
898.197 372.125
917.599 416.374
921.167 363.146
923.348 418.937
931.749 424.225
894.895 370.368
930.212 417.764
1038.33 485.725
3898.93 1232.66
3472.99 1015.44
4062.27 1324.13
3402.59 981.474
4088.31 1324.88
3568.22 1144.42
3543.45 1142.2
3512.71 1120.19
3507.23 1125.15
3524.22 1149.37
3838.68 1241.5
3437.01 1114
3518.08 1147.79
3224.25 1025.84
3299.73 1050.54
3771.84 1250.92
3648.99 1135.69
3894.45 1214.4
3658.54 1200.11
3287.55 964.334
4066.41 1311.89
3319.11 1164.59
1628.87 583.134
1705.48 604.343
2063.24 744.797
1790.08 596.547
1507.5 554.559
1854.97 632.301
1627.54 593.946
1684.78 592.261
1958.83 697.323
1678.85 600.461
1818.91 665.401
1717.2 610.178
1722.71 638.946
1799.85 652.203
1615.49 600.73
1566.89 599.217
1613.75 574.761
1508.44 532.828
1398.98 491.352
1523.63 483.663
1687.77 648.82
1341.61 501.22
2633.27 1298.04
3206.32 1084.83
3236.99 1034.62
2990.56 948.299
3462.11 1256.39
2982.66 1052.73
2867.5 958.366
3134.29 1091.54
3233.2 1139.55
2789.74 976.826
3119.92 1116.76
3039.07 1041.24
3083.5 1027.81
3074.26 1050.52
3191.72 1079.49
3364.3 1150.38
2903.92 989.527
2980.41 1013.14
3335.22 1089.56
3219.31 1086.54
3083.01 1064.59
3340.25 1296.14
2599.63 1399.26
2893.73 921.815
2854.02 929.6
3036.18 973.428
3042.57 1096.22
3262.94 1052.74
3080.88 998.447
3110.2 1018.59
2891.68 1087.47
3481.6 1199.6
3280.36 1170.6
2887.19 995.409
3087.71 1052.8
2850.9 944.044
3073.54 1061.87
4216.3 1413.8
2228.76 757.459
3838.63 1302.01
3814.89 1201.98
2635.87 797.836
3087.69 1059.62
3836.93 1463.56
