2726.88 1320.97
2663.59 880.256
2691.7 980.51
2333.25 802.613
2183.09 745.065
2687.86 966.842
2782.84 923.522
2622.99 901.464
2491.64 828.317
2581.11 924.017
2252.37 741.844
2256.66 778.884
2373.1 844.571
2013.44 689.981
2573.24 941.763
2028.37 683.311
2392.11 786.027
2951.91 990.206
2494.4 808.451
2309.47 777.252
2577.86 867.471
3070.24 1447.08
2525.48 1244.36
2982.25 983.533
2735.23 973.449
2486.09 794.169
2539.59 775.331
2603.83 903.647
2257.65 760.36
2625.23 925.611
2633.83 896.07
2429.94 909.225
2299 755.396
2100.93 786.105
2580.91 863.379
2662.16 910.706
2070.91 752.737
2294.58 737.802
2123.2 704.171
2359.76 806.737
2115.17 673.236
2048.83 667.822
2401.2 752.557
2360.66 1084.59
3218.96 1065.9
3214.51 991.947
3215.15 1104.33
2751.98 821.611
3894.83 1404.35
3290.7 1075.54
2984.54 944.511
3248.61 1072.44
3664.39 1304.71
2862.03 886.046
3018.93 1062.26
2818.98 918.531
3272.35 1096
2638.29 819.046
3409.81 1211.51
2646.33 777.085
3319.42 1154.06
2909.91 953.138
2770.98 857.808
2651.41 840.416
2584.49 811.027
2950.95 1113.91
1966.04 748.343
1458.5 548.846
1203.27 461.067
1091.42 422.813
1434.63 579.991
1316.85 482.817
1415.75 522.702
2097.78 759.148
1501.07 556.398
1368.2 497.419
1515.78 553.884
1131.99 454.876
1382.55 545.337
1204.06 454.068
1322.28 533.345
1324.67 499.907
1173.24 463.1
1217.1 469.522
1094.2 444.727
1388.81 517.176
1282.21 486.461
1363.41 574.581
3718.32 1214.82
2766.49 811.99
3100.6 1023.35
2638.07 820.78
2960.14 991.938
2447.74 748.638
2812.77 963.371
2762.95 891.124
2885.11 955.347
3105.16 1047.29
3234.39 1169.62
2374.63 733.987
2678.62 926.433
2845.62 997.841
2819.67 948.617
3036.45 1022.08
2895.51 938.794
2799.16 846.016
3316.94 1091.79
3458.15 1080.58
2605.29 749.24
3215.43 982.854
703.106 304.696
779.222 341.474
770.842 330.463
707.136 301.401
785.183 335.386
676.554 292.508
665.121 289.363
687.204 288.807
693.637 296.412
803.601 361.718
738.793 329.257
815.256 331.179
811.919 333.67
1036.78 436.453
880.486 352.941
767.94 331.722
774.464 327.136
930.491 389.657
749.811 322.746
748.815 326.634
832.194 332.881
788.319 366.015
2856.11 866.366
2833.09 853.106
3026.62 964.6
3015.1 968.238
2871.32 914.876
2991.03 986.144
2731.55 850.061
3098.06 1020.97
2543.53 777.876
3386.01 1178.84
3054.11 980.548
2919.17 948.428
3065.33 967.101
3333.67 1081.42
2814.79 887.565
2801.45 900.67
3370.22 1149.54
2380.03 719.176
3640.1 1259.4
3143.86 1042.91
2969.96 907.655
3125.61 897.585
1473.64 563.669
1092.39 434.92
1120.51 445.196
738.938 298.295
668.521 272.973
811.992 316
663.221 279.343
700.042 286.353
663.668 282.236
652.082 273.446
719.436 290.822
704.068 304.552
875.958 366.388
557.85 244.095
899.709 368.669
501.227 218.354
738.469 314.597
586.508 227.742
817.052 357.768
702.244 296.298
712.282 308.217
778.532 352.828
3107.5 887.89
2883.4 891.714
3552.7 1214.49
3443.47 1121.59
3287.8 1072.08
3287.49 1104.75
2768.85 829.948
3297.52 1122.16
3078.79 982.399
3356.7 1095.9
2999.38 941.253
3139.13 1015.43
3296.1 1123.98
3356.43 1079.5
3389.97 1137.14
3425.79 1149.59
3062 970.889
3040.53 932.272
4032.95 1400.1
3783.38 1357.14
2749.15 850.866
2925.07 870.874
889.236 437.943
848.064 346.981
884.18 387.146
739.081 323.866
808.653 349.215
792.355 328.557
796.684 336.268
931.852 388.128
825.558 370.48
825.25 361.405
944.934 411.31
761.695 323.143
774.782 362.543
913.441 366.858
910.195 384.968
869.583 381.63
891.382 364.618
857.219 357.25
809.748 382.318
788.859 341.354
883.977 381.706
1089.94 513.672
2952.97 878.264
2784.24 885.805
2702.1 904.267
2783.28 943.954
2886.44 1032.71
2865.4 1010.11
2836.59 937.288
3168.13 1090.1
2987.46 964.126
3312.46 1088.89
3176.68 1023.09
3507.56 1229.32
2835.44 867.841
3783.28 1359.29
2395.41 719.975
3097.73 1091.35
2668.76 867.618
3048.84 1028.35
3072.39 1026.85
3581.1 1183.49
2967.39 822.151
2868.98 692.167
1426.33 571.218
1046.37 361.239
726.193 304.521
736.649 319.039
785.772 330.621
593.308 247.776
751.243 294.6
983.598 384.504
1395.44 498.314
1207.07 455.547
699.486 301.325
839.054 364.107
763.705 305.222
790.686 377.065
851.801 311.666
755.034 349.96
531.1 215.538
746.472 325.703
709.664 293.244
841.058 377.553
832.405 374.658
883.32 212.974
4048.71 1046.27
3378.6 941.396
4643.91 1505.96
3855.82 1251.61
3619.6 1188.08
3603.77 1148.47
3526.98 1193.04
2764 888.677
2987.86 993.299
3465.1 1120.53
3385.54 1059.99
3291.15 1040.65
3754.38 1261.13
2986.11 909.599
3659.35 1206.33
3567.27 1093
3642.25 1215.14
3314.24 1046.85
3724.64 1272.73
3338.5 1192
3379.77 1012.37
3360.05 1100.87
1036.51 431.013
1000.72 420.635
986.511 425.187
939.995 387.296
701.658 288.541
982.463 388.605
761.39 335.708
851.074 331.156
888.256 363.18
855.771 344.141
772.034 312.018
787.342 325.113
836.094 359.755
913.659 374.217
885.606 371.764
860.36 331.806
1031.94 428.972
758.598 305.088
739.824 331.306
800.449 354.584
829.954 328.783
958.31 384.988
2855.92 758.965
2861.95 799.3
2738.84 983.013
2581.57 843.758
2548.77 822.526
2836.57 984.954
2627.58 858.605
2645.09 862.778
2766.91 885.843
2924.4 970.391
2837.13 915.078
3164.03 1102.26
2784.76 876.459
3015.01 964.796
3152.71 999.248
3412.77 1100.46
2808.13 917.977
2335.86 743.318
2655.47 905.388
2846.22 919.014
3021.03 895.962
2806.64 714.945
955.216 236.351
671.505 240.961
832.68 348.026
565.752 245.294
554.627 228.988
1140.36 442.976
558.019 237.633
633.643 277.924
534.948 232.99
658.78 285.362
832.379 334.053
671.091 278.468
514.024 215.033
672.423 285.709
677.002 290.147
705.85 298.533
553.968 254.755
1046.37 404.859
507.827 226.274
542.259 239.667
628.892 261.496
769.916 314.027
2837.51 700.839
3010.92 830.688
2924.26 918.793
2847.86 886.042
3162.8 1067.83
2765.39 900.266
2964.16 940.362
2786.3 898.69
2458.72 769.095
3123.19 1007.05
3350.3 1115.95
2618.42 826.494
2295.39 726.237
2550.85 830.476
2680.74 870.752
2676.22 845.567
2941.5 959.874
2907.84 874.432
2971.68 889.613
3287.59 1116.78
2926.79 826.04
3178.72 799.351
795.82 284.128
815.669 310.407
705.427 298.76
767.116 307.159
950.996 366.95
868.248 323.223
734.496 292.743
930.899 386.835
708.719 261.877
612.765 249.772
598.147 253.245
843.772 333.019
792.485 302.197
743.263 297.687
824.233 330.264
762.973 313.088
727.228 283.246
894.894 348.756
912.853 359.918
876.404 386.043
723.723 269.158
813.922 304.814
4048.91 1263.61
3518.85 1163.87
3696.06 1232.07
3991.63 1415.77
3980.02 1368.54
3644.94 1228.42
3757.85 1299.64
3355.56 1145.48
3365.69 1151.41
3502.08 1186.57
3888.59 1304.6
3381.35 1059.16
3766.99 1285.16
3639.51 1243.02
3581.75 1194.13
3301.07 1102.56
3717.69 1279.99
3644.81 1263.62
3465.49 1257.39
3794.07 1266.74
3864.21 1162.29
4147.28 1227.99
818.196 213.781
1138.97 474.647
983.932 396.39
1142.01 459.712
829.522 333.556
819.645 345.781
705.208 299.724
1088.9 481.218
782.169 334.822
1060.48 452.024
786.721 330.442
840.585 346.493
1148.84 487.014
1360.68 538.998
836.811 350.531
959.058 406.835
795.082 340.296
1181.5 475.967
1082.19 426.133
865.658 389.396
872.759 372.171
957.572 474.247
3106.11 907.657
3633.63 1051.81
3497.86 1080
2909.75 846.878
3597.6 1233.21
3008.51 898.714
3101.76 1028.86
3098.69 1032.62
3153.98 1039.62
3113.09 1017.73
3202.67 1040.03
3123.84 994.362
3417.86 1139.05
3378.95 1071.76
3413.42 1102.29
3894.85 1280.45
3205.2 1001.6
3781.96 1214.7
3643.76 1169.73
3407.85 1050.35
3320.14 992.361
3333.5 927.673
666.511 296.234
625.397 271.016
693.246 299.947
614.491 247.681
701.238 318.071
595.923 231.879
672.765 279.495
680.11 281.14
769.357 322.189
532.093 228.505
597.722 252.536
626.535 246.862
756.113 311.923
643.992 267.385
695.732 289.068
699.401 302.872
920.116 353.731
692.591 291.805
704.183 304.998
670.92 277.387
761.539 318.595
672.975 305.23
3141.95 1122.88
3676.96 1275.89
2892.2 881.149
2668.11 869.322
3436.91 1173.18
3178.86 978.04
3488.92 1191.39
3510.09 1132.1
3562.56 1250.74
2817.91 935.114
3027.92 1002.09
3306.21 1095.2
3068.88 970.743
3784.92 1296.99
2739.24 845.262
3213.19 1146.81
2918.77 939.181
3079.77 1036.25
3137.58 1021.82
3085.13 978.948
3147.56 1021.64
3739.19 1342.61
871.838 392.641
786.621 318.422
995.477 378.916
964.795 379.747
865.911 401.172
875.137 361.882
827.987 346.06
818.05 344.172
1011.14 443.181
896.346 354.442
949.319 422.985
846.893 382.019
685.573 267.64
740.973 306.673
902.642 367.462
917.474 414.173
916.717 366.977
910.519 408.667
925.632 407.669
894.877 372.172
922.511 404.296
1031.26 491.018
4084.29 1392.84
3473.99 1056.19
4120.27 1381.66
3403.26 1015.88
3910.62 1236.07
3561.62 1153.49
3545.23 1156.88
3543.48 1161.65
3511.86 1156.59
3517.24 1149.74
3835.76 1246.09
3426.9 1114.47
3526.46 1163.41
3226.93 1054.12
3311.13 1080.5
3780.23 1274.24
3658.26 1171.67
3733.81 1231.98
3648.18 1231.14
3289.72 1005.61
4113.74 1379.75
3335.25 1243.06
1656.27 651.009
1698.92 611.507
2088.43 773.89
1790.29 611.913
1510.47 570.474
1864.6 650.161
1632.41 607.466
1690.09 605.487
1969.19 720.058
1683.97 614.843
1828.95 687.178
1723.6 624.477
1732.35 653.331
1813.36 674.842
1621.02 620.986
1570.36 611.3
1611.45 586.818
1504.44 543.299
1388.5 496.569
1522.48 504.748
1691.05 678.497
1334.09 516.087
2509.31 1319.06
3184.77 1122.65
3233.34 1073.13
2989.54 982.773
3439.74 1280.4
2989.05 1089.3
2868.06 999.71
3128.63 1113.94
3245.88 1181.22
2785.27 979.663
3126.67 1148.97
3040.56 1061.32
3075.97 1051.99
3070.46 1072.78
3200.62 1113.29
3364.14 1201.97
2911.73 1023.94
2975.25 1038.34
3350.92 1132.65
3168.18 1088.7
3069.01 1083.99
3031.94 1528.07
2577.98 1372.97
2883.18 972.879
2835.67 963.472
3036.81 1006.43
3032.05 1115.61
3273.92 1089.17
3068.91 1033.75
3099.36 1034.17
2884.86 1097.35
3488.65 1234.63
3291.23 1211.04
2884.16 1016.79
3082.13 1067.96
2860.69 982.849
3083.6 1096.95
4166.66 1446.9
2224.29 776.114
3853.27 1339.5
3841.73 1265.94
2644.33 851.165
3069.01 1083.55
3534.66 1745.55
