2775.88 1280.1
2695.33 815.253
2649.06 855.414
2358.93 736.953
2224.87 743.98
2676.45 875.458
2820.66 863.543
2629.38 840.366
2508.22 806.983
2540.61 880.916
2280.8 732.752
2279.65 760.725
2413.49 839.836
2026.54 680.214
2591.42 912.312
2056.1 661.095
2375.94 790.648
2940.8 961.216
2448.3 767.744
2308.66 740.08
2595.4 829.969
3208.63 1297.75
2504.81 1168.8
2997.65 908.518
2761.6 921.702
2494.85 752.978
2579.89 752.128
2642.96 867.445
2253.75 693.743
2660.13 849.238
2650.78 904.19
2449.59 876.282
2308.96 727.528
2098.87 749.413
2621.03 854.316
2714.62 899.903
2119.33 753.588
2308.06 684.692
2096.72 679.876
2357.57 812.745
2117.88 666.821
2059.4 669.367
2402.81 727.639
2254.62 1138.56
3308.49 997.72
3257.36 914.606
3300.31 1111.78
2816.79 789.254
3872.41 1356.07
3360.61 1027.03
2996.61 945.162
3367.3 1029.42
3709.13 1282.99
2901.51 903.921
3002.05 988.634
2875.24 934.302
3297 1065.27
2698.56 878.136
3455.66 1155.67
2695.34 743.784
3422.19 1149.05
2934.43 892.108
2789.29 796.142
2682.19 796.541
2629.67 781.13
2988.85 1123.19
1903.28 572.777
1482.87 483.571
1238.27 452.318
1116.78 417.12
1457.96 590.407
1349.88 462.595
1412.74 510.631
2138.4 767.654
1522.01 542.442
1373.58 484.315
1555.04 541.94
1158.85 461.119
1398.51 556.735
1215.05 451.393
1348.08 549.683
1336.43 475.409
1182.37 440.98
1225.76 447.244
1125.93 428.04
1395.91 497.544
1289.12 445.937
1340.43 507.308
3609.54 863.939
2779.78 753.937
3122.31 941.184
2692.57 791.51
2998.93 979.973
2455.77 706.502
2838.19 921.6
2774.01 886.368
2933.43 947.745
3167.86 1025.25
3333.26 1159.56
2387.93 739.627
2690.72 890.223
2903.14 976.625
2852.3 920.577
3074.92 964.697
2958.63 915.033
2870.01 840.194
3389.35 1029.64
3480.05 1040.71
2569.49 657.543
3376.47 897.343
698.518 294.935
791.141 333.407
760.409 324.422
738.22 343.255
792.584 334.5
673.436 282.299
677.794 292.333
689.912 289.787
710.778 305.091
807.656 349.244
737.112 324.174
812.72 334.272
833.093 355.54
1055.63 429.718
876.556 333.699
779.525 349.444
798.461 340.078
940.723 379.191
765.494 336.466
759.887 311.862
853.461 336.001
779.596 333.643
2831.01 722.412
2853.51 780.885
3029.27 952.843
3032.58 874.914
2859.78 861.635
3030.1 954.093
2754.32 807.575
3169.33 986.177
2573.12 722.542
3456.76 1180.31
3111.71 968.042
2973.45 952.027
3115.32 1005.28
3346.62 1085.88
2859.89 878.841
2802.81 839.392
3350.56 1101.27
2445.05 753.088
3653.39 1204.68
3167.22 1011.89
2977.73 839.798
3089.02 750.748
1407.3 384.927
1093.7 407.173
1123.3 431.892
759.697 302.387
684.761 292.237
826.222 318.816
672.707 292.506
715.579 286.415
676.937 285.898
680.936 291.794
745.298 308.526
708.137 297.12
920.94 403.1
572.947 268.596
925.476 387.827
519.016 226.719
733.903 315.459
594.954 234.566
832.753 369.381
729.54 323.583
715.663 294.794
771.713 269.728
3173.75 523.938
2826.05 735.559
3558.93 1159.04
3470.81 1063.84
3367.36 1019.39
3321.19 1028.3
2818.53 856.938
3324.13 1102.39
3111.37 956.749
3425.97 1123.28
3055.49 973.854
3224.7 1046.05
3318.96 1069.64
3467.52 1084.78
3413.91 1104.16
3430.46 1082.93
3080.36 930.088
3105.17 917.656
4070.76 1393.68
3784.67 1230.74
2763.34 774.649
2746.56 750.16
911.993 364.466
843.222 317.165
870.741 401.802
743.007 325.099
814.961 347.283
825.757 338.134
816.426 345.032
953.811 396.851
844.131 382.69
843.221 385.696
960.094 409.336
793.495 362.019
792.272 345.899
911.96 361.917
926.589 382.254
874.976 371.849
906.63 372.829
862.752 344.194
818.167 380.17
808.796 326.77
905.496 371.185
1151.66 508.403
2847.93 746.046
2786.86 802.396
2658.53 817.158
2796.15 885.576
2914.01 961.389
2918.59 1059.14
2863.49 920.96
3288.48 1139.57
3039.98 947.191
3366.32 1080.28
3211.81 1006.3
3532.79 1174.94
2849.74 846.153
3801.32 1330.57
2475.05 743.265
3143.12 1043.72
2684.28 862.82
3078.72 1012.39
3095.27 1011.34
3634.66 1056.38
2996.67 710.567
2747.77 459.224
1326.77 378.379
1051.79 352.629
739.189 317.238
736.43 316.037
813.896 349.3
593.164 257.364
755.612 299.824
1021.4 417.902
1415.11 492.645
1227.85 465.173
705.31 297.937
849.97 367.289
779.278 310.266
825.397 401.594
866.218 319.7
783.215 344.509
531.114 215.326
741.401 324.665
716.014 282.822
855.018 399.076
837.907 380.441
816.481 233.642
4120.12 1221.72
3316.87 760.906
4663.99 1373.34
3847.6 1185.57
3683.41 1185.29
3649.84 1119.68
3544.2 1165.35
2789.66 876.965
3000.64 952.154
3429.94 1077.28
3422.41 1064.04
3396.38 1048.51
3750.04 1203.48
3046.38 925.024
3625.19 1135.16
3568.35 1035.89
3983.3 1311.08
3333.91 1022.1
3813.04 1199.79
3441.3 1132.74
3283.35 851.593
3220.13 949.23
1034.48 240.778
981.944 355.318
1042.58 441.729
958.562 396.137
708.348 288.888
988.104 379.622
781.586 349.946
896.573 358.124
886.784 346.309
851.225 337.771
775.542 304.421
800.791 323.339
851.897 365.906
921.356 378.946
896.352 376.498
886.461 349.326
1059.26 450.677
759.673 304.419
736.039 326.29
817.51 360.678
836.687 323.188
1064.5 328.167
2831.62 628.5
2881.23 704.724
2727.99 859.313
2612.5 835.618
2540.37 788.426
2853.81 964.146
2657.73 861.588
2672.75 837.583
2807.99 873.582
2928.71 933.428
2861.31 915.392
3280.64 1142.65
2813.04 853.051
3073.01 956.797
3232.94 1011.76
3482.36 1100.89
2806.15 897.968
2392.57 756.611
2705.21 896.062
2834.72 828.609
3060.93 766.439
2872.44 700.649
826.32 236.128
692.686 236.043
864.658 360.234
582.675 252.867
563.991 235.176
1154.94 448.274
566.306 244.995
651.876 294.775
536.23 230.253
660.634 282.341
840.451 338.645
673.765 279.353
532.682 221.883
697.025 310.45
705.08 291.974
701.296 299.475
561.831 251.724
1095.01 418.49
529.167 235.383
536.571 218.195
634.398 263.266
740.939 315.016
2772.18 610.776
3037.4 766.146
2928.14 881.982
2842.95 795.918
3168.71 1037.1
2824.41 899.396
2978.82 924.961
2804.08 847.373
2486.22 747.152
3219.86 1000.07
3388.94 1086.05
2645.23 795.239
2302.17 696.325
2574.42 795.763
2697.22 859.545
2692.54 841.543
3012.66 947.942
2932.88 864.482
2999.17 883.675
3322.8 1049.89
2896.23 734.91
3242.42 865.98
801.9 218.405
792.699 286.357
729.188 316.262
802.552 306.559
944.362 361.743
891.085 328.635
743.691 304.671
928.228 352.141
722.664 269.823
638.366 261.728
595.645 234.116
853.926 343.041
813.112 313.436
733.995 287.071
846.972 333.826
779.459 323.775
727.793 273.614
906.776 357.281
928.661 366.563
885.155 374.848
740.349 262.56
803.41 276.962
3845.44 906.766
3589.41 1048.23
3744.13 1106.32
4076.05 1367.44
3992.72 1255.25
3740.62 1204.36
3992.72 1341.97
3455.94 1162.85
3518.56 1206.02
3513.86 1134.9
3964.12 1288.14
3353.62 969.345
3851.24 1340.87
3682.43 1215.73
3639.15 1200.57
3281.23 1009.91
3628.57 1119.37
3616.16 1160.51
3529.74 1237.45
3874.08 1247.5
4074.58 1078.2
4295.54 1080.33
739.394 228.763
1151.13 454.382
991.762 381.399
1166.15 463.919
853.419 339.779
847.962 380.349
724.985 302.497
1130.28 492.443
784.588 337.896
1069.94 469.113
794.631 334.601
852.122 351.755
1176.26 504.883
1369.44 536.047
835.397 343.288
987.386 409.468
821.915 361.017
1220.47 492.944
1093.21 432.804
874.564 381.656
883.243 365.857
934.055 284.513
2980.15 744.928
3648.03 912.414
3520.8 1039.61
2962.01 880.328
3580.52 1136.03
3031.97 895.623
3084.2 970.787
3165.72 1028.93
3167.67 1004.73
3162.49 998.491
3243.75 1012.45
3150.92 982.984
3445.85 1092.77
3441.07 1094.64
3507.36 1121.8
3948.03 1219.91
3251.48 968.69
3755.59 1144.54
3628.21 1047.92
3527.75 1057.02
3366.24 886.193
3281.27 602.388
729.364 328.961
641.394 268.522
701.745 313.999
615.201 243.712
705.722 315.407
592.026 225.368
678.456 284.462
701.139 287.12
798.299 338.764
537.64 238.032
618.772 262.664
635.145 249.62
762.387 319.514
655.919 284.185
709.166 297.028
705.821 312.137
921.895 337.385
706.167 303.006
729.133 320.753
687.172 285.096
768.818 318.218
690.002 258.421
2930.43 954.972
4035.53 1356.81
2918.84 855.697
2664.6 827.18
3485.72 1120.88
3199.21 978.524
3480.58 1116.18
3511.9 1100.11
3574.46 1245.02
2798.81 871.798
3076.25 1001.31
3342.15 1129.49
3129.21 966.096
3949.82 1313.9
2762.67 806.794
3261.26 1131.27
2956.73 912.549
3145.97 1036.56
3234.58 1006.23
3069.47 906.82
3179.07 976.658
3781.5 1144.23
843.39 361.401
797.233 305.88
987.908 360.214
983.324 392.846
867.771 399.058
881.423 361.599
833.808 333.147
849.109 381.656
1033.53 476.409
887.221 323.468
958.949 420.958
861.241 389.947
680.237 258.596
750.71 311.105
897.606 354.417
947.64 416.007
935.553 370.193
918.968 406.04
951.919 420.606
921.859 390.408
909.242 399.781
971.126 347.052
4155.89 1376.93
3543.22 1017.06
4049.55 1290.56
3511.31 999.493
3954.22 1182.02
3585.58 1066.18
3592.41 1063.85
3571.5 1152.02
3592.59 1140.64
3605.33 1161.84
3960.77 1221.02
3465.47 1100.8
3565.16 1136.06
3268.73 954.045
3312.45 1002.25
3747.66 1224.2
3711.54 1084.96
3761.86 1153.5
3686.27 1181.09
3299.86 963.957
4118.96 1287.44
3363.92 1091.57
1702.35 597.744
1716.18 572.453
2200.31 788.527
1812.63 560.222
1514.6 545.38
1924.89 654.251
1632.11 561.918
1720.64 594.333
1981.07 691.385
1740.21 654.414
1858.45 664.929
1945.53 737.278
1757.06 667.349
1833.19 641.7
1627.35 587.988
1558.19 586.028
1670.43 590.797
1581.89 526.59
1390.08 451.952
1542.31 505.933
1730.49 660.909
1339.63 456.45
2534.08 1278.34
3232.61 1047.2
3274.83 1000.89
2981.03 944.943
3490.29 1162.24
3030.33 1050.55
2848.48 956.864
3175.24 1052.63
3331.39 1158.41
2784.15 912.574
3194.61 1128.78
3012.5 1002.25
3121.68 1029.17
3150.93 1030.4
3223.6 1035.57
3442.01 1165.39
3013.23 932.636
2979.08 1030.1
3429.19 1103.12
3224.24 1020.87
3062.02 1020.07
3140.81 1434.2
2522.9 1287.19
2857.37 881.909
2929.72 969.54
3010.95 889.601
3044.41 1043.99
3304.11 992.057
3102.68 959.93
3142.29 965.631
2974.97 1080.5
3546.42 1193.61
3345.96 1173.25
2892.34 956.301
3145.01 1039.46
2888.75 912.064
3153.28 1060.67
4220.22 1354.02
2274.58 726.121
3845.56 1237.77
4053.5 1286.61
2660.31 817.284
3069.32 1032.91
3587.65 1700.57
