2730.22 1324.64
2715.83 857.73
2671.02 913.404
2354.92 750.503
2218.22 761.823
2710.27 928.625
2788.79 895.903
2622.22 864.841
2512.25 815.839
2612.53 922.205
2261.46 725.867
2275.87 770.117
2416.61 840.246
2037.62 684.245
2597.34 908.525
2041.32 648.266
2414.03 803.947
2940.26 976.841
2495.16 809.6
2305.56 746.638
2570.32 829.163
3192.69 1254.77
2567.41 1187.41
3015.07 953.963
2748.45 959.05
2523.38 752.247
2551.2 759.052
2648.06 900.474
2252.86 735.836
2657.67 900.275
2647.16 889.979
2462.71 905.743
2318.78 752.815
2110.06 769.207
2630.91 872.591
2737.9 945.175
2101.46 740.033
2319.49 720.821
2094.84 660.258
2355.18 801.52
2152.78 703.982
2080.47 688.664
2413.04 735.812
2332.48 1174.44
3320.56 1057.1
3285.71 1013.35
3246.74 1103.01
2812.82 836.575
3887 1388.34
3333.85 1065.28
3013.98 952.01
3304.58 1092.98
3680.47 1286.37
2874.95 888.241
3011.68 1044.1
2837.52 897.796
3249.03 1086.73
2670.71 840.276
3424.51 1180.66
2677.83 771.773
3381.07 1148.16
2938.3 912.83
2814.09 860.366
2691.51 846.239
2589.66 783.018
3008.47 1114.14
1923.25 591.429
1480.04 538.384
1228.11 459.622
1118.67 434.573
1458.95 577.68
1334.42 477.374
1427.62 526.658
2096.6 758.486
1510.4 562.219
1380.5 493.771
1535.35 555.296
1150.12 449.43
1384.86 554.154
1214.91 451.759
1353.51 548.077
1325.94 492.184
1198.12 468.714
1218.3 451.919
1116.4 444.676
1404.58 522.923
1321.01 501.672
1379.1 574.249
3703.22 1106.73
2783.34 774.243
3093.47 993.093
2648.33 781.023
2996.67 1013
2466.23 727.084
2836.61 952.795
2787.63 892.596
2916.32 946.256
3142.9 1058.45
3261.58 1163.57
2376.05 732.188
2694.23 892.824
2869.46 970.184
2854.12 953.789
3033.53 995.125
2918.34 929.591
2836.75 850.459
3358.37 1090.68
3480.58 1085.71
2601.4 713.108
3246.33 980.496
714.828 313.338
781.903 327.916
764.884 326.276
715.187 310.788
786.263 339.587
678.268 293.44
663.884 287.758
684.163 290.383
707.431 305.62
793.156 351.8
735.16 328.531
813.142 328.926
813.994 339.522
1039.04 432.303
881.136 351.449
764.159 339.285
776.49 327.844
928.214 379.089
749.042 322.612
756.715 327.588
844.586 331.887
799.353 366.397
2877.52 812.411
2859.08 809.855
3056.32 982.324
3024.24 928.807
2868.86 872.499
3037.94 997.862
2764.75 853.938
3150.16 1006.53
2558.66 774.868
3430.2 1201.87
3092.7 994.833
2974.29 971.595
3074.42 970.74
3335.24 1060.68
2853.83 894.74
2814.13 866.711
3365.15 1150.45
2413.58 723.332
3621.93 1210.47
3166.66 1000.37
2980.99 865.948
3317.55 940.125
1468.97 416.026
1095.39 413.435
1134.29 449.571
750.516 302.914
690.84 295.607
818.003 320.158
665.206 286.366
703.98 278.535
665.637 290.871
667.17 288.384
727.74 293.979
717.364 311.099
899.594 393.026
562.963 255.913
906.967 371.662
516.147 223.973
734.668 321.793
589.669 228.512
826.291 361.536
713.187 308.878
717.982 300.972
800.718 353.799
3171.23 779.383
2857.74 816.08
3575.3 1183.06
3424.06 1104.53
3319.87 1033.07
3280.8 1050.91
2796.1 851.03
3281.14 1094.48
3078.97 956.141
3415.36 1126.36
3040.78 960.451
3184.69 1035.09
3313.3 1108.5
3404.48 1085.48
3382.52 1113.92
3415.12 1106.72
3072.53 943.725
3111.29 943.611
4040.32 1393.56
3722.07 1282.66
2798.29 823.791
2835.06 828.983
926.246 402.39
847.942 344.793
892.44 414.519
744.468 328.233
813.712 354.963
804.335 329.642
820.918 350.77
920.921 371.985
829.936 369.462
821.406 368.056
952.309 414.995
764.226 331.935
797.022 373.382
909.732 363.541
901.339 371.769
872.589 379.133
899.324 365.864
850.198 342.515
810.316 391.117
794.849 334.793
893.946 373.48
1108.4 459.325
2892.36 772.467
2803.19 850.658
2685.53 876.271
2807.01 943.537
2912.55 1024.17
2901.19 1042.61
2877.81 938.18
3209.77 1128.55
3044.94 984.707
3335.42 1100.73
3198.67 1013.91
3532.57 1211.61
2861.84 874.744
3778.5 1328.98
2431.56 730.459
3122.89 1060.29
2670.66 861.585
3059.09 1019.82
3094.94 1035.6
3552.69 1090.96
3007.56 841.688
2824.95 654.746
1374.17 413.197
1031.77 340.095
730.937 311.758
737.797 329.343
804.249 348.62
592.998 252.41
764.398 300.795
988.244 394.771
1403.14 500.935
1211.09 460.261
706.663 306.092
833.468 360.614
770.741 312.284
793.063 374.971
866.634 326.188
773.385 346.956
534.918 218.429
742.818 322.703
710.536 293.396
840.973 393.5
848.676 402.24
829.855 274.254
4061.15 911.874
3389.14 877.1
4706.32 1459.95
3839.78 1214.61
3669.39 1198.92
3648.84 1132.67
3538.91 1171.95
2768.3 860.503
2994.53 976.508
3442.89 1081.32
3396.05 1043.6
3340.88 1039.12
3744.14 1218.32
3026.11 917.692
3646.92 1189.07
3581.9 1085.71
3695.6 1195.73
3362.89 1050.08
3741.26 1225.98
3377.38 1165.15
3352.21 947.265
3558.54 1071.73
1039.59 369.23
1002.75 381.506
1038.85 447.178
949.889 397.187
702.253 290.948
986.385 381.714
764.821 341.277
858.365 329.977
895.18 360.698
867.861 352.771
763.343 297.824
792.51 317.596
837.154 365.002
924.87 383.814
886.443 379.196
872.054 339.51
1060.98 457.502
758.758 307.569
738.423 328.028
819.978 363.151
836.253 325.047
995.816 348.485
2924.3 743.13
2893.47 785.373
2736.16 919.479
2625.38 865.555
2560.89 811.011
2862.68 976.741
2652.83 869.921
2647.97 852.982
2815.51 891.899
2923.09 947.598
2851.37 923.02
3212.7 1133.26
2794.31 863.669
3027.49 954.724
3205.35 1010.23
3455.55 1111.03
2840.04 917.101
2369.59 754.977
2694.76 903.342
2847.72 869.999
3033.58 809.599
2898.14 767.144
890.028 335.042
680.855 232.004
836.795 343.226
572.195 251.344
563.714 235.703
1164.06 454.195
562.728 242.58
637.366 278.129
536.523 232.671
660.468 281.324
833.263 335.881
671.663 280.306
519.859 216.098
687.025 304.253
687.141 293.464
710.347 303.45
554.934 246.159
1071.89 427.554
513.047 228.912
556.409 246.841
638.376 255.565
801.222 304.147
2858.93 637.849
3023.69 766.855
2945.86 930.278
2854.57 854.98
3165.73 1059.89
2820.05 919.342
2972.21 926.297
2810.6 890.061
2487.53 766.457
3179.24 989.79
3347.14 1094.46
2634.7 788.252
2295.73 713.43
2570.11 824.06
2676.69 863.226
2696.57 840.404
2987.55 952.992
2959.87 910.26
2978.6 890.474
3315.23 1067.82
2919.83 790.671
3409.57 689.807
789.603 188.629
815.665 299.935
714.562 307.322
792.662 314.613
935.908 362.589
874.573 323.024
749.646 312.285
936.735 381.385
718.587 265.995
626.683 256.272
597.343 248.844
856.934 340.917
810.703 317.575
740.323 294.464
834.027 333.145
782.143 333.444
735.079 280.23
896.328 346.746
917.076 364.751
894.181 401.04
733.214 275.864
829.173 309.39
4001.6 1156.34
3581.41 1152.68
3742.01 1189.89
4078.66 1415.43
3937.85 1310.75
3658.33 1190.1
3979.06 1361.52
3396.3 1154.55
3400.24 1157.1
3513.66 1155.58
3954.23 1303.32
3379.95 1039.86
3781.22 1300.24
3660.05 1223.65
3626.02 1195.63
3312.73 1096.99
3674.83 1238.94
3644.93 1236.95
3450.6 1224.76
3768.05 1246.49
3846.85 1091.72
4411.21 1134.1
758.16 294.857
1166.48 472.311
987.641 390.248
1145.67 455.084
842.518 343.808
845.075 375.411
713.834 305.145
1106.52 482.087
777.687 329.632
1069.84 461.422
802.625 340.967
851.405 357.328
1156.37 494.35
1359.1 529.863
833.26 344.549
967.677 412.27
802.54 350.05
1235.9 515.919
1081.05 428.023
888.169 412.128
879.176 381.015
972.97 430.976
3135.11 823.141
3710.48 1039.53
3483.79 1055.57
2967.03 875.873
3595.48 1197.37
3019.11 899.074
3106.8 1022.42
3111.71 1025.52
3158.02 1015.65
3152.5 1022.77
3264.56 1067.94
3138.6 1014.71
3415.72 1092.5
3384.01 1066.7
3484.77 1115.13
3892.26 1262.78
3242.18 1004.28
3777.69 1171.42
3602.65 1080.13
3461.92 1015.58
3371.28 944.802
3313.08 849.758
686.811 310.596
628.118 266.741
695.452 310.327
609.385 247.131
704.284 314.224
592.183 230.699
684.495 291.949
681.566 281.367
769.524 323.949
531.438 235.555
601.708 255.126
625.746 246.753
757.123 315.353
641.534 274.222
706.086 292.718
693.131 305.11
920.506 354.181
688.817 288.375
730.516 319.377
682.177 290.675
778.632 335.774
690.009 303.093
3117.83 1060.58
3693.22 1251.3
2921.5 894.129
2687.75 863.345
3440.72 1144.54
3157.3 949.4
3482.39 1138.07
3518.52 1123.14
3554.09 1231.57
2788.88 894.007
3043.72 991.529
3350.04 1132.69
3098.4 978.512
3779.05 1266.14
2761.12 829.966
3283.41 1160.44
2955.99 930.843
3084.02 1036.94
3169.52 998.959
3102.96 955.619
3150.94 982.548
3846.78 1271.24
855.521 401.705
783.123 302.539
1004.45 383.999
974.168 381.564
868.001 398.088
877.938 363.15
842.16 343.377
828.055 363.394
1018.67 457.09
895.058 346.999
951.092 422.159
850.007 381.602
683.79 268.684
745.029 304.553
913.501 380.621
933.361 408.524
929.433 367.694
916.383 412.307
941.46 415.055
907.175 377.464
924.849 412.817
1047.56 501.736
3914.23 1269.07
3508.15 1066.9
4032.14 1295.29
3460.9 1012.58
3938.59 1223.05
3537.03 1071.12
3566.26 1120.47
3572.23 1166.48
3532.45 1134.06
3538.76 1134.83
3885.8 1216.84
3504.3 1136.5
3542.96 1149.72
3265.81 1045.25
3322.84 1053.75
3731.1 1189.9
3679.86 1142.71
3795.79 1205.08
3620.55 1152.58
3310.7 983.961
4044.59 1315.41
3412.76 1174.26
1671.62 615.799
1710.59 601.085
2008.54 722.519
1813.26 594.245
1537.74 572.075
1901.42 603.081
1643.63 603.428
1693.82 590.149
1976.16 703.338
1707.8 624.042
1845.22 674.134
1743.52 619.037
1731.51 655.725
1807.58 650.624
1622.97 598.39
1552.29 577.684
1615.66 575.074
1540.73 534.507
1399.99 476.892
1547.15 506.77
1679.89 633.923
1343.42 488.162
2571.26 1319.85
3214.6 1104.66
3294.98 1067.92
2983.97 964.587
3427.23 1229.93
3035.89 1098.33
2887.77 1007.46
3154.17 1068.29
3262.57 1127.46
2759.09 919.672
3194 1153.27
3029 1030.63
3122.71 1058.36
3087.21 1050.84
3200.71 1043.27
3412.06 1184.38
2982.78 1011.95
2989.14 1001.44
3347.74 1108.19
3190.73 1060.4
3041.82 1040.42
3322.14 1228.78
2660.41 1362.42
2892.87 955.875
2911.15 989.322
3060.77 993.353
3056.7 1065.17
3296.32 1036.45
3068.18 1014.97
3126.28 988.362
2920.27 1055.87
3491.79 1183.16
3346.01 1179.5
2905.07 984.755
3138.46 1065.12
2898.73 969.652
3111.5 1060.59
4213.05 1421.46
2237.08 720.472
3831.4 1284.59
3866.32 1248.17
2678.4 852.799
3051.29 1063.61
3676.97 1724.58
