2927.35 975.931
2854.79 812.638
2825.64 848.47
2480.48 736.226
2322.59 712.491
2835.9 864.984
2975.08 836.95
2746.58 829.229
2654.89 777.346
2710.7 815.889
2398.62 693.641
2353.03 703.393
2498.41 770.649
2140.33 653.955
2729.98 801.441
2140.49 640.692
2540.67 719.194
3116.69 890.698
2598.39 714.031
2471.36 715.735
2724.83 803.349
3284.13 1102.34
2707.53 960.563
3176.93 862.473
2851.27 859.755
2652.83 709.971
2663.64 706.726
2700.99 787.297
2409.99 671.089
2741.53 807.06
2763.44 787.476
2566.75 811.544
2426.99 669.109
2230.15 737.612
2710.46 750.808
2803.86 820.591
2224.51 638.806
2430.91 668.838
2218.21 581.306
2479.09 709.645
2221.64 597.294
2175.15 613.493
2483.41 649.131
2561.76 866.066
3472.47 1044.27
3388.82 914.95
3346.51 982.668
2892.23 766.895
3997.89 1235.42
3444.52 1014.82
3116.06 877.986
3407.56 982.144
3892.71 1265.86
2974.48 817.178
3163.53 1010.18
2954.07 861.867
3464.48 1053.91
2782.17 793.561
3585.26 1108.44
2796.73 714.629
3503.35 1057.4
3074.84 856.809
2918.79 746.853
2777.94 752.485
2727.58 760.893
3161.46 1015.77
1994.86 630.235
1491.06 497.292
1222.93 415.165
1142.42 397.278
1493.29 534.611
1400.82 455.653
1454.1 483.171
2098.02 665.895
1522.77 480.087
1447.4 477.189
1576.99 503.085
1184.33 436.009
1443.46 520.783
1257.02 433.898
1363.01 475.069
1392.8 481.43
1251.87 428.202
1287.38 430.539
1159.71 400.599
1480.31 483.246
1374.41 468.855
1391.27 473.994
3983.2 1132.33
2916.29 726.898
3256.71 942.383
2743.54 728.632
3138.24 920.47
2589.17 701.953
2964.43 876.551
2890.77 815.754
3021.04 898.33
3251.22 972.417
3426.44 1147.44
2479 700.872
2808.97 903.686
2988.13 969.86
3017.48 935.378
3166.9 915.761
3006.86 876.805
2913.58 785.481
3514.16 1018.36
3633.15 952.025
2753.15 716.633
3436.92 940.985
742.654 279.376
819.471 345.552
798.855 312.223
731.194 371.606
809.442 332.238
696.463 325.643
682.196 279.696
712.201 300.366
717.216 294.066
821.198 387.685
762.522 316.01
835.05 340.177
849.041 355.964
1065.13 419.463
898.028 331.968
806.207 354.971
804.848 323.311
955.519 366.067
783.606 311.366
783.306 331.458
853.144 315.208
831.7 343.376
3029.42 789.349
2961.63 772.432
3192.93 878.019
3138.98 866.25
2982.65 815.882
3144.53 933.783
2847.79 787.023
3275.07 958.875
2661.5 734.966
3603.26 1130.56
3238.37 931.596
3072.64 902.423
3207.94 904.67
3533.94 1022.41
2960.03 836.442
2966.72 842.582
3573.71 1061.87
2547.13 712.537
3807.85 1108.59
3388.73 996.898
3191.68 846.746
3302.6 839.709
1542.08 499.039
1121.38 409.974
1137.1 399.818
779.711 280.28
696.528 281.461
838.326 305.647
692.946 295.39
737.929 283.765
684.585 307.466
679.197 269.992
757.14 297.146
729.441 327.269
935.814 400.959
574.277 256.305
949.026 374.038
531.481 237.16
784.18 312.727
610.56 238.402
869.931 357.415
743.359 289.805
755.487 286.327
846.576 322.858
3344.45 855.101
3029.83 794.676
3730.17 1070.3
3599.74 1005.02
3460.95 976.514
3461.76 1036.86
2942.32 789.415
3508.85 1118.5
3279.36 956.212
3559.69 1105.72
3167.37 926.2
3306.23 982.876
3507.17 1146.09
3614.11 1105.62
3566.48 1082.57
3628.44 1090.52
3249.47 966.656
3190.08 864.652
4142.28 1243.64
3917.96 1149.42
2906.79 781.94
3075.28 768.003
973.005 427.537
872.882 306.857
921.746 429.392
781.908 342.364
849.196 360.801
836.948 315.945
833.666 339.092
970.824 381.766
849.36 400.944
838.467 377.894
986.202 438.198
793.391 359.512
804.422 403.392
949.328 366.601
930.998 383.772
901.647 383.344
926.028 369.963
909.614 372.975
833.745 399.014
829.63 332.335
932.482 355.216
1171.61 390.724
3134.94 815.468
2985.2 859.806
2719.23 792.265
2928.53 895.378
3033.47 1004.04
3057.13 1026.49
2978.11 903.535
3383.22 1134.36
3134.25 948.172
3434.19 1050.74
3367.4 1017.52
3661.44 1205.27
2972.03 851.581
3968.5 1294.13
2530.51 720.741
3333.62 1052.3
2804.72 836.972
3241.99 963.962
3268.2 957.846
3706.82 976.107
3149.6 773.814
3645.39 3257.82
1490.16 507.884
1070.07 321.328
740.342 282.802
762.976 313.355
799.341 319.464
608.608 248.84
768.067 271.451
1010.12 377.334
1415.53 469.299
1238.39 443.953
714.752 336.73
848.49 365.146
766.041 326.783
812.635 380.356
873.963 315.338
805.744 372.061
561.675 216.674
802.931 346.639
767.809 297.36
912.044 348.682
910.623 368.141
898.738 292.186
4280.21 903.253
3553.73 828.592
4736.24 1245.45
4015.36 1119.2
3839.57 1153.51
3817.26 1075.79
3744.79 1225.72
2921.15 900.77
3134.99 967.564
3678.67 1109.78
3588.7 1054.24
3460.68 994.214
3989.61 1248.81
3180.26 924.731
3816.58 1181.08
3839.48 1102.58
3876.84 1156.99
3549.67 1033.18
3913.97 1121.88
3537.99 1093.1
3553.97 890.187
3498.39 895.82
1147.32 385.42
1036.27 346.975
1044.15 426.139
1000.25 365.495
724.366 290.303
1041.53 367.824
782.179 341.843
902.273 352.147
922.241 380.076
893.537 366.488
801.253 320.979
823.135 321.771
877.096 377.253
937.292 382.72
909.698 376.528
909.411 348.977
1079.53 466.687
807.375 319.63
792.72 334.861
838.678 316.523
872.631 308.214
1002.23 292.279
3061.9 735.263
3037.84 738.736
2915.99 839.737
2741.69 776.533
2674.23 786.621
2986.51 935.802
2803.43 867.467
2809.79 841.821
2944.27 851.15
3075.62 931.343
2971.81 886.89
3339.61 1138.75
2914.79 856.624
3201.05 955.346
3358.53 950.391
3656.02 1080.21
2942.94 871.639
2495.73 709.66
2833.78 838.666
3038.85 822.884
3174.92 731.401
2994.64 672.635
912.398 307.801
704.383 216.2
858.849 313.777
585.33 237.221
569.234 238.11
1179.92 418.097
576.12 255.189
651.011 311.724
563.685 236.441
661.981 307.949
854.007 361.027
672.637 288.116
546.085 234.93
708.445 332.218
716.585 294.926
746.198 302.98
579 273.799
1078.28 382.896
548.818 234.852
559.274 234.673
673.559 239.864
836.173 277.227
2996.85 660.686
3212.03 757.687
3066.26 780.888
3030.47 817.328
3379.91 1020.72
2974.7 912.204
3146.93 886.99
2941.85 851.32
2659.89 788.876
3396.74 984.362
3580.63 1102.21
2768.53 755.327
2447.9 750.58
2676.59 774.292
2865.26 880.281
2857.26 818.833
3157.31 907.331
3106.31 831.402
3135.73 810.463
3558.5 985.783
3031.53 752.43
3398.53 705.76
881.895 284.888
868.005 297.572
762.118 302.554
830.257 323.438
993.033 344.666
911.231 306.985
782.889 313.073
938.623 360.245
736.933 261.607
651.687 267.206
630.991 258.18
900.657 356.714
842.596 309.972
785.236 311.865
872.304 340.086
812.659 327.234
762.882 265.934
943.655 328.565
959.111 339.693
938.635 398.929
774.925 245.068
873.391 263.097
4131.33 1062.19
3743.1 1077.22
3949.23 1123.33
4211.25 1389.03
4151.52 1264.96
3862.56 1233.89
4018 1285.05
3564.7 1165.08
3538.73 1172.68
3796.09 1255.94
4143.57 1267.72
3567.11 1050.29
4067.14 1362.85
3876.91 1322.03
3782.8 1170.63
3530.82 1107.09
3962.25 1280.18
3909.54 1263.87
3685.64 1221.9
4035.61 1159.18
4185.43 1061.59
4398.57 1017
766.538 254.02
1189.47 429.978
1012.11 363.584
1164.33 427.449
856.821 327.511
834.026 355.532
750.23 322.34
1091.01 487.444
789.695 333.44
1066.65 463.465
834.45 331.457
883.111 372.973
1183.53 547.63
1406.75 542.239
869.056 365.992
1016.14 444.427
849.484 357.764
1218.32 457.372
1120.23 380.428
908.7 406.588
956.178 374.248
1027.59 416.11
3329.23 797.361
3895.34 976.225
3703.64 959.492
3148.61 806.315
3930.06 1167.64
3180.78 861.143
3311.05 963.919
3293.33 996.833
3318.55 964.548
3365.86 1030.33
3428.65 1044.4
3289.3 947.273
3672.49 1103.32
3603.6 1054.44
3602.61 1033.79
4071.35 1207.1
3399 973.742
3987.15 1072.18
3849.71 1083.36
3611.41 962.024
3520.37 908.709
3562.97 852.366
731.454 295.132
673.689 267.225
720.668 277.706
647.619 253.518
736.103 314.832
628.782 233.135
712.994 276.61
722.776 302.085
804.073 341.068
569.622 243.583
629.506 264.129
662.869 256.258
784.079 318.717
681.652 296.654
727.528 282.185
753.972 324.64
957.341 338.459
731.188 281.476
756.378 306.023
716.859 267.543
810.912 319.205
715.85 259.098
3280.76 892.304
3893.28 1176.58
3080.63 829.722
2843.33 818.077
3699.16 1116.72
3355.66 925.644
3684.29 1137.71
3739.75 1106.56
3767.45 1184.29
2949.87 878.529
3208.07 972.277
3491.83 1032.53
3242.42 927.849
4023.25 1211.42
2943.86 821.813
3481.26 1122.98
3109.75 858.613
3299.79 987.3
3354.45 975.328
3275.09 905.125
3371.79 934.075
3999.41 1109.73
891.154 380.344
828.585 288.854
1038.63 377.827
1011.03 380.865
883.779 419.685
924.83 380.035
885.303 336.288
878.971 386.551
1036.76 499.228
926.742 359.147
968.758 455.472
888.747 397.415
710.648 257.195
795.174 300.673
966.479 414.899
954.246 396.045
967.052 354.873
962.061 421.149
996.592 455.045
956.426 385.363
976.713 422.676
1094.67 422.556
4116.74 1135.35
3693.06 994.896
4328.26 1238.32
3735.79 1033.75
4123.87 1131.68
3832.58 1083.89
3831.91 1103.53
3796.75 1103.55
3827.41 1151.73
3737.51 1135.17
4072.73 1159.11
3667.65 1078.03
3721.78 1113.94
3511.63 1019.53
3569.79 992.219
4028.15 1200.77
3873.41 1089.48
4112.97 1213.75
3890.19 1127.56
3520.99 965.891
4257.38 1181.27
3643.05 1116
1786.11 515.704
1797.58 544.138
2155.29 666.577
1948.37 605.675
1604.49 516.568
1971.28 583.137
1729.37 557.358
1801.12 554.401
2052.23 647.436
1840.18 600.522
1953.79 635.769
1870.24 608.787
1855.4 655.208
1914.23 622.188
1724.11 581.642
1682.36 551.502
1726.52 551.195
1629.72 505.742
1468.5 443.505
1640.03 481.599
1843.38 621.463
1437.03 441.152
2815.31 961.326
3364.41 996.681
3448.35 954.422
3177.61 876.237
3651.34 1117.15
3227.04 997.775
3060.85 945.431
3362.91 1035.48
3448.65 1056.45
2993.15 899.301
3355.88 1050.12
3236.98 999.277
3292.32 989.386
3271.33 942.656
3424.51 998.955
3646.74 1080.12
3099.16 871.763
3201.59 935.234
3604.73 1025.62
3390.54 971.568
3299.28 1003.86
3506.89 1211.61
2862.02 1050.14
3044.75 831.892
3060.18 879.805
3302.85 923.417
3236.27 953.279
3515.03 959.401
3253.57 913.4
3295.57 886.237
3102.58 948.047
3756.88 1082.21
3538.68 1054.11
3081.98 930.988
3347 946.626
3075.95 877.2
3318.32 986.148
4386.56 1234.11
2406.58 685.731
4128.04 1215.97
4193.21 1158.45
2860.55 804.369
3306.77 1006.36
4035.25 1388.09
