2887.7 948.277
2812.87 819.496
2754.25 808.074
2440.62 727.031
2279.63 685.637
2810.51 862.914
2938.54 845.913
2700.58 826.373
2613 764.945
2671.8 809.263
2357.85 689.777
2322.16 695.415
2497.07 792.844
2093.78 615.758
2715.12 806.133
2110.17 623.526
2500.61 731.952
3093.65 867.051
2584.36 730.581
2413 705.657
2694.45 794.905
3271.78 1092.54
2706.38 977.875
3161.09 886.322
2804.83 837.598
2600.82 691.373
2616.64 676.165
2693.54 773.983
2373.87 675.531
2701.88 791.328
2720.19 789.61
2533.76 824.72
2409.78 684.534
2196.51 717.806
2712.83 802.684
2754.54 793.201
2190.35 628.964
2400.58 656.781
2200.91 598.128
2438.39 708.822
2181.07 573.344
2141.09 584.87
2471.04 638.916
2484.52 814.263
3277.36 591.313
3393.95 941.633
3298.35 981.911
2876.28 787.895
3955.27 1217.68
3381.84 994.641
3070.24 837.621
3354.72 953.356
3871.08 1256.59
2955.79 811.924
3113.16 997.6
2904.11 851.138
3409.55 1013.48
2742.23 772.658
3553.58 1141.93
2780.34 732.918
3489.27 1044.53
3036.51 878.447
2883.89 744.148
2751.12 740.09
2710.34 776.424
3115.81 998.281
1998.64 610.773
1484.46 486.696
1212.46 400.609
1126.16 380.124
1482.41 535.803
1365.48 447.314
1425.38 473.042
2069.77 656.654
1527.91 476.872
1420.23 465.109
1552.98 481.795
1178.6 492.831
1421.56 516.752
1242.35 445.613
1357.92 484.507
1359.54 476.734
1227.7 423.715
1278.46 447.662
1137.89 406.073
1462.47 515.119
1327.56 448.585
1385.69 470.162
3855.78 1003.14
2885.64 701.415
3198.66 924.05
2687.84 690.359
3100.83 921.673
2543.99 690.543
2911.47 837.861
2852.84 802.396
2955.99 849.194
3203.85 962.792
3367.23 1130.55
2458.25 705.495
2777.91 916.923
2957.18 939.921
2996.22 953.903
3109.54 913.96
2969.31 880.194
2890.54 779.877
3469.56 1004.67
3575.31 919.995
2707.57 700.469
3416.23 904.735
608.8 219.009
808.506 347.419
786.794 310.937
726.749 394.364
803.04 356.261
669.042 323.221
673.313 269.271
709.481 308.199
711.948 282.947
813.043 404.96
757.105 311.19
825.395 362.661
825.57 349.936
1054.92 396.959
895.062 347.991
788.295 323.84
798.847 316.215
947.342 365.214
773.939 313.313
771.534 339.789
842.63 334.979
849.467 336.833
2980.91 763.462
2921.08 783.894
3150.75 859.537
3094.52 846.559
2931.05 794.76
3125.07 944.698
2825.6 786
3275.59 983.339
2635.26 715.164
3574.38 1150.95
3234.36 992.674
3044.66 875.789
3189.87 910.753
3491.26 1006.23
2945.98 837.555
2916.99 821.98
3507.33 1029.35
2492.85 700.217
3740.59 1113.28
3332.73 986.363
3136.21 813.451
3259.23 802.672
1690.96 601.962
1113.55 429.75
1117.45 419.766
770.55 272.965
691.33 276.527
835.252 306.638
682.462 288.656
731.59 272.633
687.3 303.212
671.412 261.35
753.022 302.415
714.745 328.742
921.717 407.297
562.641 271.62
924.204 356.931
528.144 243.191
764.573 320.314
612.519 235.944
854.421 361.659
730.981 274.864
747.047 295.685
1032.79 324.261
3239.32 770.874
2973.01 791.646
3688.79 1101.37
3572.04 1011.05
3438.36 968.063
3460.45 1076.51
2924.48 800.86
3461 1092.53
3202.06 931.11
3513.03 1108.45
3129.78 914.195
3260.41 965.196
3459.12 1131.16
3593.67 1117.45
3542.22 1070.43
3589.21 1069.77
3203.25 972.445
3161.46 863.054
4106.33 1235.87
3851.56 1147.12
2879.56 767.707
3003.97 676.804
865.636 693.068
861.583 303.606
909.346 401.179
769.218 338.521
846.454 321.05
829.584 319.453
823.039 342.571
947.851 371.405
828.838 395.124
836.715 378.156
954.948 456.32
787.603 358.551
781.714 414.631
930.046 373.25
912.914 382.847
894.95 390.726
912.368 389.94
897.531 369.798
835.394 385.271
819.002 305.971
916.955 366.065
1293.13 680.322
3067.54 822.831
2949.48 891.84
2716.45 810.453
2892.37 904.868
2991.95 980.291
3003.59 1036.01
2932.29 846.274
3345.11 1149.53
3113.07 984.294
3427.17 1031.46
3323.61 1019.4
3632.65 1213.79
2938.92 857.354
3938.69 1262.99
2485.53 703.192
3269.64 1037.59
2791.74 888.025
3191.44 945.001
3241.43 982.903
3689.59 983.561
3111.3 748.192
2972.91 568.042
1440.15 412.895
1076.03 327.957
722.556 268.892
753.558 283.509
800.371 302.884
597.115 247.122
765.255 272.32
996.496 361.321
1412.81 459.596
1224 440.303
708.484 336.881
837.65 353.201
756.135 340.093
809.62 377.657
872.353 318.659
785.814 350.299
552.706 219.807
789.201 333.031
762.211 316.101
896.496 383.611
899.882 329.91
997.398 392.319
4208.56 896.215
3487.03 823.888
4671.54 1202.16
4005.61 1149.5
3827.93 1178.74
3779.57 1065.77
3685.34 1213.3
2891.74 899.788
3097.05 961.643
3669.8 1170.8
3531.51 1024.84
3396.51 967.601
3943.41 1241.66
3121.47 893.761
3783.89 1189.58
3774.85 1096.78
3860.44 1182.06
3512.67 1040.67
3845.29 1090.18
3498.57 1070.31
3505.8 873.322
3422.16 756.372
1140.86 374.39
1030.46 355.881
1030.11 413.917
972.979 348.599
719.622 302.643
1032.5 368.296
774.737 350.708
895.754 350.561
910.482 371.268
872.43 365.68
785.61 293.661
807.294 315.085
863.586 395.033
922.965 365.49
892.019 384.044
887.26 349.545
1062.41 465.068
786.576 314.227
793.896 349.951
811.056 289.104
854.48 306.556
813.52 175.003
2991.51 611.764
3008.39 766.332
2949.49 882.611
2698.6 789.559
2636.56 788.251
2956.09 957.379
2751.7 836.197
2768.18 865.765
2911.77 853.952
3036.92 936.379
2957.36 903.913
3296.5 1127.28
2888.6 834.573
3149.23 941.362
3300.49 946.965
3591.62 1072.65
2885.22 873.211
2438.99 699.312
2787.15 819.552
3020.78 858.868
3143.63 729.631
2964.82 660.867
741.662 32.6786
697.81 220.695
855.049 313.396
577.589 231.369
570.041 230.891
1174.3 416.47
574.639 261.891
642.901 296.901
551.517 252.154
657.467 303.955
834.287 354.181
663.077 277.139
536.293 215.878
697.736 332.653
693.345 279.457
731.617 291.508
560.512 270.563
1068.49 389.972
537.07 250.412
548.666 233.764
660.635 231.974
828.362 226.199
2990.87 623.834
3168.95 729.423
3033.5 785.552
2973.25 824.918
3313.79 994.923
2942.13 916.494
3105.63 880.659
2899.24 844.209
2629.83 773.879
3349.86 957.657
3564.7 1103.1
2741.67 752.974
2413.5 745.847
2644.6 795.454
2822.35 865.384
2791.12 777.223
3112.42 897.027
3058.63 828.53
3086.69 793.914
3532.72 969.808
3000.95 751.948
3369.95 622.815
855.716 272.71
846.561 267.218
748.151 295.952
816.71 311.366
971.276 341.6
892.498 305.18
774.193 303.986
928.193 345.565
731.302 263.744
642.515 253.017
620.951 250.481
877.283 347.247
831.661 315.286
763.968 307.328
858.154 328.204
807.008 320.345
752.105 262.434
931.622 322.619
949.427 336.56
917.683 396.397
743.514 251.136
872.272 268.761
3985.35 970.676
3724.51 1061.26
3868.32 1095.48
4190.02 1436.57
4033.79 1226.48
3791.83 1157.87
3959.39 1221.85
3503.46 1160.07
3511.86 1178.12
3768.89 1279.58
4087.62 1260.17
3517.49 1016.66
3999.91 1344.2
3828.43 1294.75
3699.43 1154.41
3460.16 1070.57
3888.8 1291.67
3869 1296.35
3655.7 1215.73
4047.34 1187.07
4176.57 1055.94
4367.28 988.838
754.421 256.772
1196.63 428.286
992.959 363.126
1174.95 437.753
843.768 321.634
828.756 336.738
734.016 312.092
1091 500.688
780.768 328.091
1059.65 466.276
817.013 329.636
870.869 355.223
1177.41 562.077
1395.82 542.421
853.915 362.217
992.049 458.264
835.753 371.196
1222.01 476.999
1117.61 416.182
903.629 420.972
954.547 355.425
989.979 363.381
3277.51 780.07
3844.11 959.805
3637.3 917.761
3088.02 787.929
3842.03 1173.53
3166.09 892.978
3266.86 957.722
3233.73 980.085
3260.47 949.988
3308.3 1016.38
3377.71 1021.82
3245.25 931.926
3636.05 1095.31
3561.26 1046.39
3566.19 1032.8
4038.1 1233.16
3350.77 977.553
3910.36 1044.47
3786.44 1058.32
3593.85 963.31
3502 955.328
3526 806.541
726.057 323.483
678.732 274.442
709.494 305.73
642.092 279.578
724.623 309.635
624.182 223.294
699.69 276.447
711.603 304.383
795.24 336.443
547.137 242.375
623.555 253.843
652.41 260.325
771.117 310.474
663.889 283.63
718.572 278.235
746.498 323.449
941.345 332.517
717.823 261.968
742.692 290.456
705.519 230.718
796.656 327.557
716.541 280.055
3278.16 896.721
3845.73 1157.2
3064.66 841.566
2793.06 812.639
3645.18 1088.6
3322.49 926.987
3664.2 1127.74
3690.21 1094.96
3686.57 1154.35
2912.27 861.622
3161.95 979.762
3475.23 1055.77
3212.35 932.724
3947.96 1213.45
2906.76 831.022
3389.5 1079.28
3071.11 853.562
3248.5 983.875
3331.97 991.417
3221.45 899.679
3333.59 927.342
3929.72 986.228
882.979 452.445
819.296 276.432
1032.87 372.091
1008.15 379.082
872.38 429.029
912.888 379.021
874.142 325.733
861.807 417.448
1013 508.212
920.332 360.92
963.673 467.808
865.954 410.986
700.477 260.066
780.685 306.689
945.26 384.555
938.368 403.542
950.101 348.042
926.984 393.654
971.173 446.556
950.141 384.703
952.776 424.375
1057.83 402.552
4015.11 1084.37
3692.32 1031.51
4235.46 1178.39
3741.98 1079.01
4082.38 1123.95
3792.7 1092.13
3804.73 1128.01
3726.39 1093.36
3767.91 1139.24
3769.48 1163.68
4046.6 1171.45
3632.35 1090.09
3660.1 1100.93
3455.5 977.654
3523.65 1018.84
3989.19 1212.99
3831.54 1123.83
4040.62 1201.28
4114.89 1381.96
3489.19 950.683
4210.05 1180.44
3596.24 1062.88
1744.32 533.452
1784.61 564.358
2164.42 692.107
1949.8 608.82
1573.77 504.134
1959.19 586.872
1708.55 570.677
1776.79 547.72
2034.39 655.503
1822.9 595.312
1944.17 637.024
1853.44 633.279
1819.79 646.852
1923.81 666.659
1701.22 569.911
1655.97 583.968
1696.21 539.4
1604.51 490.837
1451.57 429.787
1622.48 491.103
1799.55 610.69
1405.37 432.423
2744.34 891.386
3303.29 951.392
3381.71 928.03
3121.01 848.45
3572.04 1101.81
3166.86 998.31
3011.49 924.771
3292.95 998.625
3393.18 1044.69
2963.58 922.488
3301.48 1025.63
3202.18 1003.26
3226.53 965.213
3214.43 927.608
3372.2 990.124
3567.05 1067.47
3060.35 886.871
3143.82 926.539
3593.67 1085.99
3363.94 994.499
3273.3 1003.64
3522.47 1227.45
2799.76 1017.57
3033.04 845.374
3047.32 916.306
3274.96 957.073
3209.47 976.575
3458.76 949.658
3226.49 908.407
3248.19 856.828
3035.32 900.18
3713.15 1109.44
3472.4 1030.96
3062.99 941.35
3298.93 953.928
3000.46 863.127
3260.84 990.975
4298.5 1221.79
2363.91 669.336
4072.89 1215.95
4124.75 1147.71
2835.13 799.875
3245.35 1006.23
3957.43 1346.8
