2797.56 1162.29
2744.03 829.574
2732.7 857.617
2457.29 799.396
2264.72 744.03
2761.38 916.602
2919.42 893.463
2701.33 870.564
2565.42 809.013
2635.48 888.432
2323.88 705.198
2296.63 737.456
2487.57 830.455
2106.46 673.526
2680.64 871.003
2074 690.046
2483.88 756.137
3046.46 930.807
2585.93 769.25
2420.41 717.771
2635.43 774.735
3125.27 1435.1
2580.25 1000.1
3046.43 948.44
2831.72 888.2
2574.92 734.209
2552.17 707.643
2662.26 851.905
2359.01 761.055
2681.37 859.966
2664.14 821.684
2514.38 870.295
2360.67 718.15
2170.04 761.073
2680.99 768.261
2759.2 841.854
2179.68 720.731
2389.1 769.015
2218.8 640.624
2467.89 759.905
2193.77 633.21
2108.51 611.927
2430.68 647.914
2370.81 1021.55
3251.65 890.89
3341.33 959.673
3259.89 1043.75
2818.33 797.659
4043.93 1404.45
3360.41 1040.53
2997.08 824.196
3381.95 1045.33
3733.29 1207.68
2926.18 865.564
3074.1 992.157
2920.74 914.213
3373.43 1068.33
2700.48 766.164
3584.59 1235.3
2745.08 752.235
3367.84 1095.12
3006.44 920.709
2831.65 778.981
2759.83 835.11
2663.05 743.201
2969.64 895.32
1961.41 625.686
1499.46 523.744
1225.41 439.538
1115.27 380.565
1491.58 561.097
1326.64 451.312
1409.12 468.04
2088.91 706.086
1563.56 534.165
1429.96 479.885
1536.25 537.292
1175.3 453.491
1437.06 556.234
1210.67 418.856
1390.68 541.622
1376.32 501.693
1203.52 444.271
1283.39 428.965
1142.43 437.284
1410.47 500.175
1344.15 473.916
1362.99 458.469
3746.86 962.423
2848.57 749.527
3235.99 974.786
2705.14 741.471
3057.12 976.18
2525.3 746.856
2868.15 921.164
2826.54 823.098
2958.27 925.536
3208.09 1045.89
3407.84 1164.92
2430.28 747.186
2724.79 905.518
2901.19 960.49
2881.68 920.019
3127.7 1006.46
2918.05 879.299
2881.85 794.429
3365.73 1009.18
3648.77 1080.12
2721.63 705.081
3253.97 604.017
720.992 269.399
825.468 345.699
779.379 313.727
740.687 332.784
806.262 349.893
700.966 312.958
677.411 281.786
728.506 309.986
725.468 317.572
844.956 387.632
738.279 315.28
819.338 344.411
811.093 310.287
1078.57 439.084
887.108 349.155
808.494 353.587
817.261 343.405
949.182 373.704
772.052 333.093
785.863 325.465
875.625 331.477
779.678 296.66
2776.28 585.262
2876.95 803.925
3095.63 893.925
3077.75 935.684
2996.8 880.831
3146.42 1018.85
2786.2 813.486
3231.67 995.933
2649.16 755.157
3734.39 1266.99
3151.03 944.186
3054.4 955.448
3189.5 938.885
3397.61 988.924
2951.33 895.692
2878.74 865.176
3502.45 1194.66
2498.48 725.907
3739.18 1204.24
3236.77 961.777
2986.03 787.988
3158.81 693.535
1357.52 400.588
1125.03 400.309
1106.72 390.832
759.711 312.259
707.755 299.912
852.548 341.926
685.881 286.738
739.6 297.095
696.126 299.078
662.658 277.533
733.416 272.417
726.837 324.615
918.695 385.189
585.427 268.29
950.615 396.308
537.162 225.205
760.618 311.148
613.593 219.195
860.433 390.341
741.768 308.055
729.045 291.527
785.467 324.699
3068.42 695.353
2868.18 783.759
3589.07 1105.71
3566.24 1073.98
3381.72 1025.18
3404.1 1072.19
2886.82 848.571
3438.68 1106.91
3208.49 943.274
3477.29 1052.82
3139.81 949.355
3251.05 1041.35
3427.51 1172.8
3469.7 1086.62
3489.49 1097.72
3559.65 1158.26
3226.43 1016.37
3149.88 927.407
4087.38 1342
3953.36 1308.57
2833.05 800.288
2897.71 811.651
827.207 385.817
873.22 327.539
943.651 425.375
789.397 350.893
839.08 372.075
843.237 350.653
808.733 334.049
959.31 384.108
868.656 396.99
841.934 380.301
975.982 411.259
797.201 335.199
802.036 356.696
949.873 395.91
943.719 397.295
890.797 378.19
928.336 382.612
896.632 349.218
790.139 363.92
835.382 329.477
907.88 362.327
1112.81 292.122
2879.78 608.522
2751.08 732.287
2725.47 804.082
2802.62 892.387
2966.69 977.974
2976.08 1097.94
2897.99 885.676
3206.2 1030.36
3078.22 985.983
3399.86 1063.83
3304.69 1004.6
3499.44 1085.67
2894.42 840.299
3963.68 1366.79
2471.38 724.96
3168.86 1076.51
2752.45 884.251
3146.71 1003.77
3168.38 995.688
3606.85 935.645
2995.75 664.528
2930.44 547.237
1315.77 542.906
1021.49 315.911
763.025 303.182
777.203 330.942
786.544 310.027
614.11 268.047
768.349 290.521
1007.58 396.852
1421.49 477.82
1222.11 455.805
736.591 313.894
850.271 370.353
771.128 312.266
825.841 383.917
889.643 326.809
786.785 357.588
542.801 224.903
784.999 347.139
747.707 315.591
882.624 379.894
852.803 348.223
820.87 202.5
4005.35 881.986
3771.35 978.02
4612.69 1172.63
3948.64 1110.06
3775.04 1131.43
3686.53 1128.3
3722.5 1248.28
2817.96 889.199
3103.95 984.964
3564.67 1099.51
3481.34 1038.52
3444.98 1037.54
3954.88 1302.42
3092.45 899.632
3817.45 1168.06
3756.22 1146.21
3845.56 1196.63
3440.59 1029.91
3873.04 1216.86
3368.49 1051.61
3837.98 952.866
3226.96 1394.97
1048.58 266.941
995.77 335.836
1192.73 463.349
1015.16 404.682
730.923 292.21
1017.52 383.716
788.717 345.455
872.829 335.647
949.575 380.286
880.326 347.693
772.729 265.653
813.236 329.667
854.908 385.072
938.857 362.599
906.8 392.714
908.018 363.752
1098.19 466.315
797.601 321.104
755.587 314.459
826.687 354.186
866.572 323.61
919.125 260.717
2826.33 372.743
2821.78 681.32
2776.31 809.841
2671.97 855.317
2630.99 819.362
2871.25 964.127
2719.82 824.017
2716.49 849.334
2873.24 864.14
3031.63 943.512
2919.6 899.018
3227.4 1082.67
2868.83 888.87
3117.01 921.486
3279.08 995.625
3546.9 1077.72
2859.03 886.797
2470.07 772.558
2692.29 828.935
2941.54 821.738
3332.73 917.998
2848.1 660.18
865.458 190.665
683.759 237.219
850.133 287.589
584.637 263.989
582.28 239.909
1158.06 451.951
569.059 244.109
648.748 266.105
569.933 254.732
692.231 303.162
836.177 323.966
707.395 308.923
530.236 219.006
710 328.054
690.821 277.094
734.494 306.209
576.023 265.616
1083.16 404.781
539.816 238.269
572.267 244.764
656.587 236.075
807.965 187.363
2941.31 602.491
3074.58 700.626
2962.76 798.413
2922.48 818.057
3269.27 1025.64
2857.68 878.797
3059.32 953.086
2868.26 879.124
2612.11 792.295
3310.89 990.584
3478.57 1080.02
2738.79 808.615
2363.17 738.348
2643.68 830.5
2787.68 873.439
2767.32 786.098
3027.19 927.345
2964.42 809.03
3020.53 810.666
3382.6 1052.6
2929.7 677.763
3289.25 647.72
827.451 209.151
836.322 292.398
770.689 303.835
814.592 320.191
981.721 356.058
907.564 328.685
751.721 305.883
954.175 395.892
735.532 271.347
637.073 251.931
639.814 271.38
879.626 327.44
820.878 315.475
768.143 298.332
847.693 332.712
826.734 329.162
753.764 289.267
915.652 330.605
928.184 342.661
899.46 382.351
737.618 241.762
810.529 188.588
3848.96 1648.37
3912.92 1240.43
3817.35 1171.43
4041.73 1226.98
4087.58 1268.25
3821.09 1242.01
3898.2 1341.81
3501.76 1188.36
3448.65 1119.13
3667.03 1200.97
4051.27 1301.28
3505 1086.37
3922.01 1287.85
3770.44 1262.06
4022.93 1264.27
3387.33 1041.8
3928.2 1332.95
3907.72 1272.33
3664.86 1269.05
3887.67 1130.18
4016.41 1091.28
4059.87 1227.21
701.776 251.354
1143.73 400.521
995.022 356.985
1187.37 464.312
882.873 353.692
848.874 366.916
731.729 327.947
1138.74 482.919
778.362 305.571
1068.81 421.455
842.478 371.817
855.67 327.132
1189.67 506.366
1406.13 538.173
876.177 368.208
1012.92 395.904
820.997 343.687
1218.63 484.463
1106.93 427.055
914.407 410.402
935.368 368.526
946.351 396.023
3180.81 591.147
3800.43 1022.96
3632.51 1018.62
3077.13 851.648
3914.44 1224.28
3146.57 932.698
3203.84 992.502
3282.17 1058.53
3209.19 1022.43
3260.31 1044.47
3320.19 1032.26
3204.98 981.126
3537.44 1131.03
3491.31 1024.08
3555 1081.63
4085.75 1316.37
3303.49 959.865
3913.94 1167.93
3713.37 1045.43
3603.88 1036.19
3432 925.997
3401.16 752.041
657.55 249.364
652.601 239.946
725.999 320.64
640.03 263.724
744.309 333.524
628.15 248.729
694.402 270.508
700.579 278.11
826.213 354.043
572.371 249.335
630.432 274.052
666.576 276.114
777.077 313.407
677.351 285.079
700.675 260.596
736.189 315.101
959.026 350.541
710.434 288.182
718.021 286.252
702.926 284.479
764.179 304.005
685.068 237.721
3070.66 997.601
3790.84 1115.69
2959.79 851.213
2741.5 861.662
3630.95 1181.47
3264.36 903.892
3574.41 1094.59
3714.05 1107.4
3698.85 1267.44
2815.19 892.92
3093.52 944.297
3438.36 1100.62
3114.63 943.917
3897.26 1262.35
2897.4 845.497
3402.92 1132.01
3015.11 917.482
3184.54 1002.12
3189.34 928.58
3202.21 961.081
3258.94 907.491
3835.86 983.195
884.854 375.537
801.719 290.879
1011.87 362.577
988.641 379.938
896.278 406.094
919.572 384.383
872.983 354.757
854.494 362.735
1030.91 463.772
941.397 375.265
974.73 411.701
888.629 397.683
700.4 271.868
778.491 310.308
969.351 411.46
945.551 404.336
948.472 350.457
963.659 422.624
966.56 439.976
946.614 391.369
960.369 387.694
1050.09 413.396
3891.54 1058.17
3524.31 941.861
4217.8 1271.82
3637.95 1058.3
3977.04 1134.26
3717.79 1112.12
3784.82 1136.75
3670.85 1098.9
3700.52 1182.41
3683.23 1163.58
3924.56 1124.84
3529.99 1053.79
3636.61 1076.15
3354.16 1022.33
3418.74 1030.78
3913.02 1227.39
3774.47 1026.56
3879.77 1177.65
3739.2 1134.45
3386.64 965.41
4228.83 1279.71
3473.6 1017.61
1700.15 591.525
1752.45 580.624
2111.91 730.542
1857.04 579.287
1552.03 548.051
1903.47 598.879
1724.8 559.742
1752.89 564.116
2043.16 717.074
1966.89 712.656
1930.13 661.495
1762.32 560.981
1798 585.614
1859.33 638.072
1713.15 612.239
1633.59 598.726
1661.2 511.471
1595.57 515.861
1417.64 445.064
1586.21 513.346
1724.81 624.437
1356.47 464.342
2694.31 1077.24
3243.06 894.185
3339.76 908.507
3071.86 922.915
3512.41 1203.7
3080.73 1034.18
2909.95 944.695
3229.62 1017.9
3364.4 1101.76
2883.01 964.088
3240.75 1018.45
3127.06 1009.48
3176.59 993.024
3245.34 1078.86
3375.15 1056.31
3747.54 1322.99
2996.89 944.147
3027.1 886.461
3496.62 1047.61
3339.12 1091.48
3156.04 980.497
3253.35 1467.87
2616.44 1164.15
2952.71 765.436
2980.78 982.127
3164.29 942.765
3150.21 1022.59
3422.34 992.192
3146.34 988.42
3186.39 894.964
3060.23 1059
3670.19 1248.12
3442.86 1163.19
3044.2 1006.43
3230.97 996.891
2998.95 991.352
3249.45 1073.96
4490.59 1389.14
2336.76 755.085
3992.04 1270.26
3999.77 1161.84
2738.92 772.113
3163.36 982.501
3863.36 1653.72
