2899.82 964.099
2830.58 800.664
2777.85 820.896
2441.15 711.931
2297.49 690.672
2818.13 873.823
2954.44 841.966
2735.82 855.985
2623.16 769.561
2671.18 801.935
2367.29 683.558
2319.46 691.16
2499.68 780.246
2111.71 643.135
2715.87 810.218
2115.76 624.055
2520.71 719.607
3097.75 883.624
2571.36 710.695
2435.03 710.884
2683.92 788.863
3245.25 1071.17
2696.56 959.834
3159.25 855.911
2815.28 833.289
2608.8 689.499
2634.25 684.531
2687.98 788.497
2380.68 671.431
2719.34 798.421
2750.28 797.733
2552.77 831.558
2414.08 665.82
2216.78 727.636
2695 756.879
2771.44 806.407
2200.89 635.391
2412.37 675.273
2214.64 591.773
2450.76 714.861
2190.82 584.121
2170.17 613.655
2467.94 640.138
2521.13 834.296
3443.03 1032.81
3370.54 915.72
3315.67 987.967
2880.66 769.658
3957.56 1206.02
3420.1 1018.46
3086.73 854.057
3360.65 966.606
3851.09 1249.72
2957.05 820.27
3141.9 1006.11
2925.19 855.674
3409.97 1015.63
2757.22 781.062
3555.09 1125.58
2784.91 729.007
3473.4 1050.63
3054.28 870.209
2891.7 751.581
2754.8 753.33
2714.72 768.11
3258.82 1146.3
2001.52 624.359
1488.49 490.402
1210.17 400.909
1132.22 379.475
1486.88 538.59
1383.46 459.416
1436.02 479.04
2076.06 646.093
1524.78 477.127
1427.71 470.324
1565.74 490.961
1175.16 457.032
1426.77 524.308
1244.57 440.34
1360.94 487.352
1377.28 485.86
1232.84 423.277
1275.63 430.427
1143.23 394.297
1456.45 486.569
1351.16 449.729
1389.2 465.912
3939.53 1064.66
2887.96 721.488
3217.66 931.429
2706.26 703.667
3106.54 915.227
2559.83 683.408
2921.2 852.486
2878.64 816.806
2983.08 877.494
3235.66 968.841
3387.71 1131.61
2469.82 708.274
2786.56 916.101
2972.36 960.097
2987.55 935.92
3117.09 894.983
2978.77 879.776
2890.5 771.458
3467.2 995.053
3593.24 935.037
2730.97 723.125
3391.99 922.024
727.06 257.338
813.719 350.067
791.504 315.657
796.638 517.624
806.941 340.708
686.714 332.19
675.069 273.088
708.63 299.836
708.756 288.192
818.824 391.999
759.498 317.333
831.684 345.74
833.105 350.123
1055.28 410.926
892.717 330.687
793.318 356.812
801.16 323.358
957.198 377.12
779.79 314.554
769.601 328.128
845.203 324.167
824.276 311.918
3011.29 764.105
2945.39 784.7
3165.5 868.149
3117.45 863.827
2962.03 816.809
3119.55 924.746
2829.29 774.694
3254.31 968.15
2646.04 730.045
3572.49 1129.75
3219.94 950.116
3045.75 885.629
3194.88 919.843
3499.4 1004.01
2939.49 833.107
2934.06 827.474
3549.7 1047.15
2519.79 699.7
3767.05 1103.29
3349.08 994.175
3141.3 813.897
3270.32 825.838
1179.95 1112.67
1133.09 441.081
1134.32 429.335
772.489 280.303
694.031 283.163
837.181 303.704
688.911 298.771
731.844 285.502
680.835 306.338
676.499 269.816
751.445 297.544
718.599 330.424
925.915 398.47
569.898 258.423
933.623 364.319
527.172 237.503
779.097 312.287
610.262 231.171
861.116 354.783
734.88 282.67
748.286 295.645
835.33 313.832
3295.07 748.488
2998.18 791.277
3717.5 1098.08
3570.85 995.658
3450.32 981.514
3451.16 1041.66
2926.52 788.399
3469.36 1111.45
3243.78 937.347
3573.89 1153.14
3138 926.96
3284.4 970.85
3482.62 1154.54
3602.37 1118.13
3555.08 1070.72
3588.5 1073.7
3218.45 960.41
3175.45 873.082
4116.3 1246.98
3881.78 1129.77
2906.55 784.429
3049.67 724.395
1015.72 626.021
867.158 310.191
903.148 441.662
777.773 349.542
843.447 329.673
832.923 318.612
827.087 338.619
958.976 372.113
838.962 414.09
838.265 370.672
973.43 452.97
781.301 361.016
799.037 400.984
937.93 375.98
921.345 373.512
893.34 395.255
913.766 371.224
905.693 373.543
832.571 383.683
821.544 319.224
924.747 377.745
1210.98 459.221
3094.56 808.413
2966.26 890.855
2730.72 829.867
2899.68 884.514
3001.55 990.598
3023.36 1037.78
2950.43 890.249
3355.34 1138.7
3104.77 941.534
3428.4 1036.15
3341.02 1028.33
3649.02 1210.32
2945.1 848.59
3932.01 1275.74
2506.55 717.424
3291.6 1030.06
2788.28 860.689
3217.87 957.197
3234.09 972.941
3679.48 982.563
3140.65 771.672
3129.7 831.693
1085.98 683.614
1076.17 329.652
730.847 276.121
751.869 307.298
796.949 314.258
602.958 246.033
763.889 273.512
1000.41 370.047
1411.09 467.274
1228.95 449.431
707.374 337.433
849.307 367.063
761.047 336.825
810.758 379.281
874.127 316.345
793.308 362.483
557.939 224.117
794 335.563
756.095 310.729
903.514 361.403
900.701 336.642
789.467 778.68
4245.42 884.935
3516.76 839.58
4708.26 1230.57
4004.79 1117.91
3827.86 1148.3
3789 1068.52
3701.87 1216.5
2905.88 894.387
3116.01 964.974
3645.35 1135.07
3571.02 1052.67
3428.89 979.822
3954.84 1229
3138.6 896.682
3791.56 1176.62
3814.98 1116.21
3851.94 1151.6
3512.85 1032.26
3863.16 1110.1
3470.05 1044.99
3513.43 880.031
3443.48 818.609
1133.69 362.218
1037.17 352.496
1023.09 402.783
980.349 355.788
722.555 290.295
1026.1 363.114
776.467 346.518
895.387 345.414
913.424 361.171
886.15 371.153
789.139 313.129
810.723 311.814
868.724 375.54
926.037 383.987
899.757 366.58
896.367 344.958
1078.3 479.415
796.742 318.83
788.936 345.298
826.076 295.664
850.162 301.157
989.631 276.536
3008.95 688.386
3012.45 742.327
2916.26 863.453
2711.08 780.248
2648.41 789.852
2951.08 950.676
2773.64 859.703
2773.29 860.309
2910.18 845.429
3053.8 937.685
2948.91 883.784
3323.5 1148.78
2891.08 844.313
3163.61 960.905
3318.51 941.132
3628.03 1096.99
2903.04 866.107
2457.57 695.436
2802.06 839.901
3020.11 811.958
3146.51 717.507
3011.22 692.944
889.857 300.983
697.903 222.87
855.417 317.546
582.244 231.031
570.881 227.773
1174.91 413.84
571.856 255.52
647.337 304.218
559.759 243.209
660.5 310.082
841.414 350.219
671.25 281.254
595.565 297.465
699.836 326.291
700.15 294.213
736.124 297.542
563.67 260.441
1068.6 382.337
540.277 233.858
554.212 213.779
667.195 228.17
827.699 262.883
2966.02 599.951
3189.52 736.315
3048.59 779.557
2996.17 803.067
3343.74 1015.64
2948.95 909.035
3126.71 900.46
2909.04 849.394
2632.77 780.891
3375.2 970.021
3566.84 1108.23
2742.45 744.524
2435.85 753.124
2645.58 780.427
2846.81 866.117
2818.96 791.728
3127.64 905.068
3087.74 829.605
3105.66 812.003
3523.7 973.292
3018.08 739.518
3384.39 693.678
876.508 289.634
855.051 279.434
745.665 291.474
814.723 303.248
988.077 347.541
897.389 305.311
776.739 314.017
929.486 353.792
734.849 265.648
645.935 260.958
622.648 247.344
890.723 351.134
834.172 310.895
771.125 302.283
863.568 333.675
807.55 323.355
756.903 263.288
937.327 324.092
957.852 344.365
925.333 399.827
762.523 242.039
863.935 252.176
4102.87 1045.22
3742.56 1096.48
3910.27 1112.18
4161.65 1399.17
4078.92 1240.68
3800.58 1192.67
3992.03 1288.97
3518.25 1161.21
3513.13 1169.18
3773.39 1268.86
4111.93 1268.7
3534.53 1032.33
4012.66 1348.65
3808.41 1272.91
3726.11 1157.01
3502.87 1124.76
3913.94 1275.64
3881.32 1291.64
3646.97 1204.28
4003.95 1151.9
4154.91 1064
4284.05 639.457
768.962 250.294
1190.56 424.911
1005.99 363.039
1163.37 431.24
849.89 325.357
835.873 341.701
740.237 319.392
1087.44 495.274
784.287 322.062
1057.62 468.319
820.739 321.386
874.306 365.701
1184.76 557.703
1407.37 543.61
864.874 368.688
1004.62 447.442
840.34 370.488
1215.81 481.679
1116.88 386.312
900.336 402.883
951.984 361.15
1010.94 424.02
3302.59 775.161
3856.8 968.167
3664.93 945.069
3092.37 795.559
3876.91 1171.36
3174.85 887.792
3295.08 975.912
3260.63 999.68
3292.02 974.308
3335.95 1030.66
3397.91 1031.22
3261.26 935.204
3646.28 1098.9
3570.89 1053.89
3580.5 1038.32
4060.82 1226.91
3368.42 973.758
3966.73 1079.52
3797.74 1061.17
3615.75 985.351
3516.39 945.024
3522.48 807.78
686.551 39.1159
680.002 272.782
714.173 289.528
635.606 258.007
730.835 312.617
624.677 238.811
703.39 266.967
715.513 300.589
798.408 345.228
557.25 248.925
622.836 265.121
661.109 261.301
776.439 306.007
676.399 298.806
721.465 280.168
747.582 319.117
942.938 332.787
720.875 272.391
742.456 301.83
711.589 262.258
794.842 307.359
716.981 266.478
3270.24 921.079
3849.92 1148.51
3050.96 808.403
2819.12 818.978
3662.68 1075.8
3338.72 928.592
3661.14 1125.54
3712.09 1097.8
3704.76 1163.46
2913.43 858.063
3178.66 962.624
3466.08 1038.71
3212.99 915.776
3967.1 1198.24
2912.5 813.075
3431.7 1109.25
3086.61 865.965
3262.21 976.435
3315.08 962.785
3225.43 887.478
3347.58 930.285
3990.03 1099.04
893.77 412.661
820.998 285.361
1031.62 369.003
1014.92 384.341
870.659 425.781
917.657 382.217
878.218 343.931
865.936 408.546
1025.09 504.325
918.802 357.225
965.489 453.746
870.902 404.794
703.474 253.714
786.436 294.758
949.877 389.809
942.954 401.729
960.37 357.718
939.635 417.529
978.923 440.746
951.441 387.486
956.852 417.471
1074.54 429.327
4095.27 1126.74
3672.8 1002.41
4245.18 1177.79
3714.29 1046.39
4099.11 1128.2
3809.48 1089.86
3797.91 1093.58
3765.1 1106.93
3782.55 1143.56
3744.31 1147.22
4045.96 1157.32
3644.03 1078.31
3682.21 1120.93
3485.79 993.265
3539.07 998.339
3992.69 1200.18
3831.13 1078.2
4065.88 1216.34
3876.34 1147.89
3511.88 976.732
4215.61 1154.66
3632.19 1076.89
1693.3 447.934
1780.68 539.027
2160.37 673.936
1933.8 605.818
1586.6 508.345
1950.29 568.792
1721.61 570.769
1774.25 546.342
2040.31 648.479
1828.13 596.575
1951.52 654.821
1859.24 615.466
1847.38 668.486
1915.86 650.075
1705.88 570.799
1673.56 561.594
1703.65 546.753
1615.39 514.515
1452.38 429.348
1636.33 489.959
1807.07 609.864
1420.53 448.977
2774.27 913.054
3326.34 953.991
3418.24 944.102
3141.36 855.943
3599.74 1098.48
3189.18 977.797
3031.34 946.796
3334.24 1042.1
3409.81 1047.89
2960.31 894.176
3319.63 1023.66
3215.74 1007.52
3246.73 982.886
3249.3 948.166
3385.76 1000.69
3604.15 1077.37
3069.82 872.18
3180.33 942.362
3572.87 1027.98
3360.55 963.285
3260.74 986.209
3529 1234.4
2839.5 1026
3021.08 833.773
3044.19 891.268
3282.26 938.659
3218.88 990.728
3468.7 959.586
3224.45 920.917
3267.96 872.238
3065.62 925.139
3727.97 1100.41
3489.17 1038.77
3067.86 926.344
3318.59 946.201
3028.08 864.348
3278.64 964.241
4356.31 1240.18
2385.71 678.478
4105.38 1225.28
4145.98 1144.54
2829.03 798.277
3277.18 1024.43
4006.19 1370.55
