1893.79 123.449
2778.41 816.374
2749.07 800.717
2432.89 723.666
2271.29 716.988
2812.11 818.73
2929.57 820.734
2679.52 842.386
2582.58 727.995
2665.4 780.2
2361.91 679.135
2293.55 690.308
2541.05 828.413
2091.39 622.131
2696.18 792.931
2082.77 604.347
2459.58 705.531
3046.16 826.362
2571.36 713.419
2418.45 704.602
2706 803.675
3226.67 1048.78
2735.07 992.549
3100.99 834.665
2848.76 862.89
2563.18 690.623
2606.79 704.64
2720.11 789.986
2390.37 697.739
2696.57 803.689
2735.59 781.512
2554.02 808.194
2405.27 673.999
2196.33 738.311
2708.67 807.625
2755.71 834.738
2166.95 617.109
2408.21 686.499
2200.56 577.909
2433.7 705.28
2168.81 560.757
2136.48 591.413
2447.2 624.436
2492.27 793.176
3384.72 946.14
3371.19 899.451
3358.42 1027.25
2903.36 787.881
3926.46 1189.79
3403.42 932.712
3052.26 854.199
3354.52 935.882
3838.56 1260.38
2957.13 802.526
3081.39 995.9
2925 857.085
3401.14 1026.31
2750.92 816.134
3574.63 1177.99
2767.09 729.011
3580.71 1107.1
3089.38 945.408
2884.94 730.037
2781.45 738.58
2734.67 777.138
3084.33 883.059
2023.84 588.953
1470.96 500.84
1221.69 376.015
1120.66 395.812
1485.89 541.241
1370.09 457.183
1422.29 468.492
2110.64 712.239
1508.02 476.01
1427.49 473.824
1561.27 476.01
1174.28 510.586
1442.28 503.704
1242.38 440.598
1351.9 464.365
1346.73 456.232
1220.98 392.804
1262.37 430.604
1142.77 398.401
1454.33 491.934
1318.41 476.01
1389.15 477.15
3834.03 891.698
2899.94 702.136
3160.63 875.093
2656.82 698.842
3139.74 921.325
2536.31 701.413
2868.9 812.873
2803.85 773.839
2951.14 833.75
3201.24 939.668
3420.51 1163.17
2462.95 687.725
2789.64 929.779
2930.41 933.011
2987.39 950.813
3111.69 946.983
2929.38 899.906
2909.56 804.508
3481.54 1015.13
3576.01 929
2742.24 710.196
3353.89 827.91
716.486 221.451
795.31 345.173
785.396 316.498
729.095 373.5
794.859 347.984
676.214 334.57
669.607 285.482
713.085 297.247
717.003 290.052
798.392 389.632
757.419 326.097
821.593 372.023
815.24 351.053
1032.74 391.236
897.057 353.828
781.486 357.765
807.965 323.503
956.6 372.878
769.184 309.029
790.578 367.882
868.044 371.266
858.188 295.244
2916.56 671.905
2900.71 751.236
3136.71 806.574
3098.57 839.034
2941.2 818.83
3114.16 947.423
2832.48 798.681
3257.72 946.094
2637.48 726.626
3559.89 1186.35
3179.39 902.493
3024.91 846.464
3189.83 888.305
3504.6 1001.76
2933.71 861.858
2883.92 750.767
3500.49 1036.03
2502.4 738.606
3769.08 1139.78
3366.15 1034.56
3104.95 783.378
3214.81 730.902
1549.41 786.762
1109.64 413.341
1125.5 429.203
776.048 283.387
688.669 291.332
839.418 319.469
688.495 289.42
735.416 293.208
679.498 305.117
669.555 250.607
748.661 304.632
700.954 307.755
926.03 435.022
565.007 264.137
918.759 348.566
522.763 245.34
762.476 315.009
626.121 260.984
854.504 358.998
716.486 265.728
749.554 288.292
810.435 306.163
3107.17 636.374
2963.89 744.665
3676.83 1066.71
3568.35 962.868
3440.61 951.485
3407.03 1044.15
2938.35 819.46
3466.14 1117.47
3202.96 922.743
3534.5 1098.66
3160.85 934.948
3213.02 942.765
3463.83 1123.87
3623.67 1125.44
3595.27 1111.34
3588.62 1060.53
3200.96 993.99
3132.79 858.212
4105.89 1245.64
3870.11 1180.25
3236.78 1220.59
2915.27 585.867
954.284 310.375
858.938 279.027
911.362 353.522
771.287 349.407
834.386 385.471
836.084 319.923
828.205 340.238
944.954 367.636
825.281 396.875
841.99 410.849
968.454 510.495
783.953 355.923
793.644 455.157
934.649 380.306
897.059 387.457
901.914 411.419
898.294 393.978
887.762 368.689
823.94 378.435
810.159 309.452
931.152 352.624
1197.07 257.363
3034.78 545.158
2898.45 825.833
2715.28 805.469
2916.08 944.096
3000.58 978.554
3038.06 1117.9
2954.93 860.648
3314.42 1180.58
3113.65 965.968
3458.93 1077.69
3306.66 1005.6
3633.08 1216.17
2961.92 921.42
3981.86 1309.34
2489.7 730.835
3275 1089.47
2760.3 880.566
3201.42 967.807
3209.28 985.3
3662.95 953.264
3056.17 704.811
2934.65 432.191
1367.61 238.26
1080.82 346.384
721.308 258.662
749.581 312.72
803.754 287.831
595.978 239.678
771.308 280.217
986.749 356.23
1423.14 469.954
1220.69 457.266
713.872 329.229
840.206 323.63
759.899 370.878
810.955 378.242
883.121 318.933
782.741 363.833
550.726 221.833
775.371 318.607
764.971 325.783
905.348 372.074
899.988 316.733
969.532 385.945
4195.92 847.501
3395.89 715.255
4654.13 1127.35
4072.62 1190.86
3797.01 1149.64
3773.62 1008.88
3640.93 1145.94
2878.46 918.698
3110.78 990.579
3750.34 1210.39
3515.67 1019.29
3408.71 979.931
3950.58 1212.41
3125.64 888.544
3858.03 1235.63
3768.78 1097.28
3811.69 1111.32
3486.66 1032.49
3834.89 1105.58
3452.53 1048.72
3461.25 841.249
3389.37 714.845
1081.2 333.758
1040.71 365.628
1032.72 403.129
958.047 323.992
732.689 297.232
1028.05 375.636
771.882 348.978
898.52 367.096
916.633 395.009
885.543 379.622
788.65 299.365
812.6 291.477
861.002 405.405
919.862 410.536
911.605 393.242
920.371 397.138
1051.14 471.477
773.618 313.647
785.689 338.606
816.603 308.82
878.249 309.849
1001.31 211.221
2983.14 594.79
2983.6 671.923
2969.88 886.798
2695.78 770.764
2622.95 786.246
2935.93 953.162
2751.57 867.925
2771.92 874.841
2914.71 850.515
3004.8 920.545
2965.95 908.202
3308.18 1183.84
2850.35 817.788
3139.5 941.825
3326.68 969.99
3569.39 1044.74
2894.61 889.734
2425.18 695.007
2786.92 799.83
3014.31 858.97
3171.07 731.988
2915.52 534.815
794.449 566.09
705.76 234.563
882.404 369.265
582.906 255.745
567.474 222.483
1191.08 448.185
567.763 250.91
643.87 285.289
540.08 251.921
654.558 299.57
847.441 352.513
664.878 297.572
539.086 238.674
708.615 363.483
696.42 288.033
728.463 295.295
547.452 270.435
1065.35 387.33
535.233 261.672
554.489 234.538
659.729 232.065
840.959 154.248
2880.31 399.99
3139.5 727.846
2986.69 752.33
2971.14 820.517
3365.39 1026.97
2946.84 907.882
3118.88 891.37
2922.6 853.911
2617.24 774.603
3373.21 977.662
3624.85 1162.66
2745.32 755.89
2402.56 746.924
2663.37 819.785
2800.62 850.104
2794.93 809.782
3134.48 927.734
2998.74 790.707
3071.91 772.606
3520.59 1003.97
2967.92 679.543
3249.24 478.016
819.094 211.41
863.785 270.408
747.695 299.398
815.711 293.347
970.94 355.399
888.935 310.368
769.208 278.203
922.125 352.158
727.681 258.509
643.353 252.758
621.403 248.374
885.634 353.698
832.803 325.001
758.92 319.192
841.676 328.349
795.018 306.056
777.593 293.773
926.968 327.402
940.467 334.74
912.375 417.926
774.988 257.586
868.439 238.758
4049.05 995.692
3638.34 1014.12
3881.87 1075.53
4123.87 1438.89
4005.24 1217.15
3805.66 1166.52
3986.75 1221.02
3504.4 1190.34
3509.67 1198.73
3660.66 1208.49
4036.45 1198.55
3486.2 1048.11
3994.24 1383.19
3808.61 1263.82
3709.5 1177.84
3446.51 1104.31
3948.72 1379.03
3842.31 1278.58
3650.49 1153.65
4061.95 1197.78
4114.67 976.606
4251.54 820.922
756.44 179.673
1180.12 397.131
985.821 355.044
1200.2 439.242
838.136 318.486
814.365 368.041
741.298 320.735
1111.87 537.662
778.279 327.591
1058.9 465.868
830.326 333
874.273 396.034
1171.55 566.162
1378.92 534.875
842.045 341.653
1004.58 492.598
841.252 386.043
1222.06 459.75
1139.5 466.32
930.711 431.345
941.065 345.792
793.347 851.341
3190.66 618.378
3825.4 893.26
3620.86 879.211
3070.7 770.934
3825.15 1173.98
3141.19 866.352
3268.77 960.633
3227.5 1022.09
3274.17 978.908
3284.22 1048.21
3410.51 1041.98
3282.05 969.273
3633.56 1115.65
3568.77 1046.04
3574.45 1047.03
4048.87 1266.94
3329.83 979.345
3900.57 1051.67
3796.79 1039.71
3580.75 981.275
3470.63 844.239
3473.36 727.509
718.474 257.553
692.264 284.211
715.093 335.826
616.792 250.362
704.863 300.767
620.07 221.286
704.19 269.194
709.038 319.965
785.988 340.614
546.574 270.214
623.292 266.539
652.736 242.743
757.251 329.262
665.457 282.058
717.349 261.987
736.367 321.734
943.575 330.294
721.156 264.638
748.22 282.512
700.503 235.849
794.079 358.81
772.478 152.582
3235.49 811.124
3788.77 1039.8
3044.69 791.055
2805.94 827.149
3626.75 1057.8
3321.96 912.331
3692.78 1162.72
3696.77 1092.24
3682.17 1161.67
2929.54 900.234
3184.07 1027.33
3445.04 1053.61
3183.17 933.904
3971.99 1227.55
2907.56 827.711
3354.3 1071.65
3074.2 863.659
3241.32 971.403
3304.65 972.532
3222.78 914.09
3386.31 949.05
3829.57 803.522
854.133 410.563
819.657 273.258
1045.16 366.056
1018.63 387.86
854.092 405.03
914.949 374.512
873.403 311.578
876.531 432.399
1021.25 536.871
914.879 360.745
956.333 447.325
837.06 415.205
696.881 255.629
779.282 310.102
954.577 390.587
935.261 395.672
946.498 371.585
927.867 455.842
971.795 469.07
945.186 357.427
957.178 440.006
1087.01 423.204
4028.67 1091.27
3667.65 1011.18
4263.42 1163.33
3694.95 1038.32
4021.6 1072.56
3794.19 1115.93
3800.65 1103.12
3768.12 1118.16
3717.72 1088.82
3803.68 1182.58
4056.68 1176.38
3629.17 1128.35
3652.4 1133.35
3377.54 933.073
3476.52 1022.7
3979.08 1173.93
3841.46 1121.62
4052.1 1196.63
3851.61 1199.4
3489.41 973.241
4163.28 1115.05
3587.55 1043.79
1707.1 455.014
1780.46 562.433
2141.25 655.902
1920.9 544.084
1574.38 519.373
1934.37 563.689
1687.72 557.917
1777.51 555.323
2063.12 669.465
1822.98 646.471
1959.36 673.205
1840.22 598.929
1825.18 648.913
1928.92 687.022
1693.35 579.559
1658.28 572.144
1713.87 559.471
1603.11 495.045
1446.72 415.113
1611.62 460.149
1790.93 593.119
1400.79 442.083
2745.47 904.823
3294.46 918.665
3411.24 944.692
3140.63 890.676
3522.54 1134.43
3143.74 950.798
3023.34 887.82
3304.24 1025.39
3386.77 1042.21
2924.76 912.353
3270.74 992.604
3204.48 990.249
3178.23 961.023
3184.58 930.949
3355.34 966.727
3560.91 1054.65
3070.27 922.804
3098.52 903.983
3509.12 969.391
3413.96 1043.73
3246.79 1009.54
3454.51 1203.63
2748.4 952.103
2988.9 848.006
3019.34 912.503
3275.17 930.454
3160.5 941.488
3420.65 888.264
3209.86 915.29
3263.65 857.584
3004.88 843.188
3644.4 1102.69
3449.81 1024.17
3031.26 910.08
3321.49 1011.27
2982.13 846.963
3283.17 972.92
4301.18 1184.04
2343.39 668.869
4047.95 1171.14
4091.34 1121.14
2827.67 792.579
3284.18 1027.5
3938.66 1330.23
