2768.81 919.483
2725.19 775.199
2676.33 863.111
2362.27 677.623
2214.78 676.796
2706.78 869.757
2813.56 816.478
2594.15 753.321
2530.35 767.158
2566.11 822.054
2286.68 648.815
2267.74 689.553
2390.27 739.483
2037.23 605.186
2620.82 792.93
2052.62 601.061
2389.52 646.224
2950.56 843.553
2505.5 716.535
2341.36 705.669
2564.46 743.561
3282.06 1196.75
2594.11 944.521
3012.65 823.895
2772.33 877.621
2507.85 619.695
2532.7 654.378
2620.05 799.473
2282.52 643.048
2611.27 785.163
2640.93 785.86
2444.5 798.39
2316.43 633.346
2105.92 706.278
2622.48 740.314
2708.32 841.704
2090.65 612.058
2322.74 644.474
2110.78 547.584
2375.13 713.033
2134.43 594.646
2073.47 592.828
2418.06 670.945
2438.48 820.834
3307.25 957.567
3255.48 881.289
3236.72 1029.76
2774.33 755.418
3881.27 1209.76
3312.69 967.911
2991.25 865.874
3309.63 1020.07
3704.9 1234.08
2869.37 796.176
3060.29 1082.52
2825.81 839.101
3330.63 978.171
2675.35 789.144
3444.49 1057.35
2689.85 713.994
3402.38 1030.84
2931.12 846.641
2797.66 725.668
2627.87 691.45
2616.92 715.503
3050.73 1010.53
1988.07 638.501
1477.39 506.003
1215.1 421.65
1088.15 397.568
1509.76 569.626
1335.14 472.304
1401.59 453.003
2058.58 632.694
1498.85 478.269
1386.48 452.03
1533.91 509.752
1135.12 429.107
1411.76 518.287
1197.95 421.155
1334.88 502.58
1328.88 461.449
1192.74 404.781
1245.41 446.608
1107.6 412.801
1381.3 453.145
1298.39 468.521
1368.61 488.413
3651.62 1006.34
2781.92 709.521
3111.4 850.701
2673.83 786.53
3027.72 922.46
2470.53 677.561
2825.87 863.743
2752.08 791.221
2912.95 877.205
3145.43 991.494
3298.24 1079.3
2364.53 674.301
2662.07 830.341
2848.12 928.293
2850.52 864.325
3075.94 943.155
2923.6 835.284
2839.68 773.527
3369.92 1009.73
3491.85 929.218
2619.27 669.881
3021.22 825.916
720.582 371.408
791.117 345.313
778.973 321.554
684.94 413.389
775.627 322.866
670.963 288.965
673.731 304.077
664.989 293.807
680.847 284.203
794.149 392.301
724.722 350.82
793.387 353.286
812.135 324.588
1029.65 420.489
867.742 307.848
754.252 325.487
763.955 322.712
928.227 366.007
734.587 298.283
751.063 326.554
833.959 318.82
774.934 326.39
2907.77 745.15
2841.76 704.382
3077.4 880.399
3019.08 813.588
2880.72 814.68
3045.33 926.007
2742.63 766.165
3178.57 924.233
2563.04 746.561
3480.84 1143.81
3097.1 930.582
2966.12 894.246
3087.66 937.913
3380.19 990.577
2832.2 842.827
2817.2 801.193
3408.89 1031.91
2407.23 683.827
3656.52 1063.73
3246.35 997.869
2997.51 783.878
3166.65 787.49
1516.35 977.746
1103.4 395.594
1115.04 386.145
746.352 297.049
658.08 287.964
822.143 308.878
658.23 269.198
707.798 276.748
648.244 324.119
651.797 265.342
721.658 275.097
694.821 333.784
862.124 375.556
549.04 235.858
889.729 383.523
512.959 261.85
732.597 321.785
591.675 247.573
833.274 314.886
690.518 282.737
717.473 289.957
877.354 365.434
3112.34 637.731
2828.1 726.875
3574.65 1079.06
3417.75 981.606
3345.45 1024.93
3303.58 991.078
2813.59 807.814
3324.79 1022.39
3079.88 885.171
3400.97 1034.8
2986.06 854.896
3209.76 956.948
3335.61 1088.1
3458.49 1064.66
3436.49 1086.81
3491.7 1095.18
3087.04 894.167
3083.01 865.182
4025.41 1209.1
3708.48 1072.31
2811.72 741.327
2893.42 385.167
934.401 380.259
832.734 291.618
892.992 400.879
717.933 307.58
762.972 427.194
795.35 346.21
799.473 350.009
951.855 396.22
800.795 374.193
802.825 366.015
918.184 460.84
749.975 347.897
753.76 431.62
917.832 363.321
889.951 343.29
858.653 409.883
897.779 364.37
851.533 338.426
784.236 364.71
808.651 305.997
896.054 391.682
1287.8 97.7491
2902.35 702.052
2803.96 774.989
2657.9 793.854
2787.95 825.721
2930.06 982.33
2858.22 992.124
2849.16 875.165
3213.81 1100.62
3026.57 992.547
3330.65 1001.39
3238.37 992.925
3556.1 1157.22
2861.75 809.53
3813.95 1226.07
2433.38 687.29
3152.31 992.452
2727.89 847.783
3059.24 943.168
3111.9 915.111
3587.92 964.375
3006.93 740.799
2766.29 442.3
1339.44 357.159
1031.48 306.978
720.137 268.63
722.106 345.487
778 298.783
587.437 234.772
754.105 302.443
980.897 358.848
1385.05 459.154
1215.54 441.156
679.647 325.351
833.596 369.218
745.191 310.929
769.636 379.849
859.641 308.457
758.414 355.173
530.692 211.032
739.962 332.124
716.301 298.401
830.992 323.679
840.399 348.817
832.665 255.992
4067.55 780.738
3392.07 821.943
4558.89 1245.63
3845.6 1054.72
3738.66 1151.27
3671.14 1030.14
3550.44 1139.56
2774.72 827.122
3049.1 976.69
3483.62 1056.09
3439.82 1059.18
3282.26 949.421
3801.61 1145.52
3029.02 890.753
3686.96 1117.55
3606.88 996.422
3676.26 1088.49
3435.74 1010.86
3716.69 1064.11
3341.73 1012.33
3400.82 845.051
3277.05 782.65
1099.9 377.578
1000.89 347.844
989.707 389.254
941.435 395.813
682.891 282.094
998.423 387.465
760.809 377.385
852.886 362.997
900.147 359.531
851.478 378.184
767.941 297.177
768.905 317.395
835.203 369.11
906.673 376.528
886.911 391.697
866.754 319.438
1034.21 471.656
770.578 314.315
727.667 332.545
814.283 341.769
833.944 278.746
929.872 329.789
2865.9 650.453
2872.88 636.586
2780.6 851.773
2623.44 780.043
2548.65 738.897
2869.46 935.124
2633.36 779.293
2657.69 823.73
2804.15 831.485
2925.81 949.315
2852.46 901.392
3188.56 1126.05
2820.02 881.115
3059.23 915.832
3219.92 940.482
3417.14 993.94
2808.77 835.966
2376.26 728.012
2688.48 809.017
2869.4 771.278
2945.26 716.755
2796.84 602.107
902.141 248.871
706.608 233.166
825.23 309.863
612.813 303.473
552.027 218.624
1160.89 409.763
548.395 226.243
619.503 293.464
521.112 236.554
653.504 272.874
822.641 328.594
672.11 283.071
506.261 219.41
659.876 274.383
679.441 286.633
702.352 275.505
549.191 276.08
1033.44 378.011
502.025 217.094
534.853 241.935
625.447 203.104
788.75 296.899
2877.5 614.224
2982.49 749.492
2927.12 797.817
2840.03 733.734
3252.25 1002.65
2809.48 854.971
3011.48 880.533
2836.34 827.265
2484.93 704.575
3204.39 973.084
3372.1 988.889
2625.78 750.955
2334.14 723.833
2574.62 768.179
2681.48 821.502
2708.18 793.936
2998.28 869.278
2972.45 805.471
2988.66 765.569
3301.92 899.686
2932.6 755.633
3196.84 663.081
816.481 219.628
806.773 263.628
715.461 293.335
778.976 301.768
948.139 320.112
863.942 289.955
739.4 292.883
917.668 336.692
714.586 257.306
616.501 253.648
584.782 252.78
850.273 369.14
786.012 285.495
730.972 276.845
810.912 325.916
760.573 315.56
721.269 271.529
896.238 327.348
923.62 346.115
885.099 356.506
720.253 92.6997
937.566 382.731
3889.89 844.414
3527.72 994.393
3707.1 1065.01
3931.79 1246.87
3986.24 1302.87
3752.2 1230.45
3771.12 1292.7
3371.19 1085.93
3416.67 1167.36
3584.3 1191.91
3967.36 1228.87
3393.1 993.449
3865.17 1336.82
3686.55 1245.48
3608.98 1139.24
3355.21 1118.55
3699.54 1197.69
3738 1276.86
3581.98 1256.86
3798.2 1135.52
3942.9 1007.08
4038.98 575.545
750.289 222.391
1136.03 434.307
983.099 358.762
1130.7 469.438
829.034 338.96
806.525 353.969
707.062 319.773
1058.05 470.621
764.064 378.825
1028.39 438.094
783.458 330.038
843.217 378.446
1121.51 455.159
1368.7 529.466
816.137 336.008
932.138 405.582
809.106 343.48
1185.3 455.592
1081.45 381.122
851.523 393.297
891.77 381.27
1015.98 457.168
3035.67 705.123
3714.49 963.366
3519.28 971.669
2967.08 775.551
3605.99 1044.13
3021.59 812.395
3152.91 955.654
3096.72 924.542
3149.84 948.421
3186.16 997.347
3240.34 986.973
3152.59 927.179
3420.21 1059.65
3406.33 999.704
3487.31 1053.33
3933.91 1209.57
3237.19 932.164
3836.48 1083.6
3663.87 1018.65
3429.86 905.258
3393.81 845.568
3356.89 745.005
686.334 228.299
639.587 247.698
691.494 310.331
613.516 233.723
697.35 329.303
592.991 239.707
676.846 285.434
682.738 273.734
761.717 341.907
521.809 230.534
599.227 270.844
623.254 245.648
743.075 319.719
619.141 289.414
695.823 300.024
686.236 302.859
916.983 345.045
704.388 298.424
712.853 313.231
673.945 251.6
772.974 303.022
679.082 250.311
3070.99 857.301
3742.38 1116.01
2894.24 785.885
2656.37 740.486
3467.31 1103.95
3221.32 877.764
3506.13 1061.02
3559.37 1042.14
3607.33 1148.96
2817.13 891.262
3103.25 971.089
3321.03 967.798
3090.32 881.803
3808.47 1151.72
2771.64 774.99
3323.08 1073.62
2948.9 865.76
3072.21 912.164
3179.66 914.602
3068.13 843.484
3211.93 917.16
3726.77 1136.12
903.115 403.254
792.538 285.273
993.683 355.499
985.371 378.805
832.992 410.896
897.406 352.231
847.759 350.583
822.375 378.88
999.045 486.88
876.568 356.776
928.803 415.156
827.772 374.553
691.909 273.084
725.087 282.859
889.746 411.593
928.018 410.071
915.984 343.273
898.44 393.505
900.301 396.331
880.786 360.779
920.854 341.405
1025.84 419.763
3860.73 1039.9
3498.8 973.03
4046.9 1168.21
3470.19 930.636
3916.02 1061.99
3642.12 1060.85
3575.61 1000.12
3594.28 1034.42
3581.02 1055.34
3590.78 1074.31
3853.86 1119.96
3499.03 1052.92
3537.41 1056.89
3243.74 971.283
3366.11 974.213
3778.32 1155.9
3713.79 1041.08
3813.64 1132.86
3663.92 1128.22
3304.24 891.711
4052.36 1191.2
3359.78 1063.54
1655.82 540.741
1694.98 555.144
2036.3 662.016
1850.25 579.355
1529.54 487.248
1896.67 587.631
1612.76 505.603
1689.7 517.371
1993.45 664.998
1706.06 576.752
1823.45 613.331
1740.09 571.255
1738.47 618.249
1809.61 627.688
1660.81 588.639
1574.76 559.13
1629.98 507.677
1501.31 454.886
1355.84 383.886
1552.48 477.015
1732.77 626.852
1348.87 464.288
2688.46 990.482
3164.38 924.679
3253.63 902.141
3004.99 853.416
3430.57 1054.74
3010.38 930.489
2904.08 905.371
3171.89 969.923
3344.16 1066.13
2786.65 827.885
3159.46 999.184
3078.5 985.791
3092.18 869.264
3068.14 890.08
3229.7 943.14
3420.59 1047.24
2945.66 863.006
2988.36 962.869
3356.09 962.531
3190.03 924.885
3098.44 985.551
3188.52 1157.84
2634.74 970.222
2888.35 762.643
2832.54 794.076
3030.63 822.584
3052.1 916.819
3306.87 910.463
3085.67 861.304
3143.2 877.282
2914.85 924.34
3473.9 1024.98
3351.09 1062.53
2919.58 890.209
3094.79 884.375
2875.55 851.228
3100.05 903.614
4114.69 1206.26
2238.67 627.972
3847.45 1160.29
3784.53 1062.21
2698.27 726.859
3061.35 889.351
3686.04 1316.4
