2744.28 1344.03
2693.46 861.384
2658.73 948.03
2355.78 780.687
2201.33 769.905
2692.85 947.667
2811.21 935.542
2623.3 883.712
2497.18 823.57
2604.56 937.153
2264.63 746.576
2272.37 776.917
2410.11 856.446
2031.08 691.235
2595.54 938.433
2034.55 674.374
2419.42 813.498
2923.25 1003.36
2503.17 832.324
2300.16 762.449
2564.78 847.564
3018.15 1443.31
2508.56 1218.07
3021.69 975.223
2750.93 996.914
2537.97 804.529
2557.36 783.523
2623.35 919.227
2265.74 763.746
2646.22 909.942
2645.97 902.331
2438.16 904.806
2310.31 762.124
2114.24 779.547
2621.25 886.453
2720.88 942
2099.79 755.95
2324.66 741.427
2103.53 680.478
2340.13 823.008
2143.25 704.853
2070.28 687.813
2412.31 746.679
2349.29 1119.09
3331.43 1128.2
3260.53 1005.95
3242.99 1111.99
2807.81 860.426
3917.88 1428.7
3332.53 1103.04
2997.59 955.891
3273.44 1091.18
3696.51 1326.4
2879.43 909.433
3010.59 1050.14
2843.83 922.055
3246.41 1105.88
2661.14 835.497
3431.87 1206.76
2665.19 784.218
3352.82 1154.09
2939.41 942.759
2806.34 884.748
2669.65 849.108
2589.01 806.24
3012.31 1169.71
2009.45 748.682
1465.3 543.112
1226.76 468.833
1100.06 427.016
1451.12 587.003
1334.19 490.781
1431.45 534.407
2108.48 761.357
1508.89 565.808
1375.71 496.409
1528.36 559.139
1143.1 448.744
1377.34 553.51
1210.53 451.712
1342.96 542.592
1323.83 496.49
1182.06 465.036
1215.02 462.189
1109.17 449.137
1400.66 534.13
1308.49 503.666
1377.68 595.027
3692.35 1203.33
2787.32 795.952
3085.39 1025.65
2647.3 813.749
3002.31 1037.08
2469.53 755.016
2812.8 944.284
2765.89 886.697
2903.19 956.474
3138.14 1065.37
3276.97 1179.86
2380.46 740.752
2707.74 918.672
2868 977.182
2843.14 961.107
3032.12 1009.49
2906.68 935.619
2820.66 858.097
3370.64 1125.27
3482.6 1102.82
2623.99 746.769
3236.38 1043.97
713.183 322.012
774.368 323.106
769.479 332.404
710.777 306.52
781.517 331.169
679.977 293.77
665.753 284.243
682.029 283.246
701.585 295.958
798.234 351.582
740.128 327.008
807.453 321.654
814.947 338.778
1038.44 429.052
882.925 355.232
764.976 330.411
776.247 323.489
923.091 376.642
747.935 322.331
759.829 330.073
841.038 335.245
795.308 370.349
2893.8 848.067
2846.24 837.126
3059.63 1006.13
3017.35 953.361
2861.26 894.394
3037 1008.51
2759.33 856.69
3138.83 1024.14
2553.43 792.082
3436.14 1216.5
3089.9 998.314
2967.35 977.113
3075.64 971.415
3341.87 1084.41
2848.21 909.097
2816.78 889.232
3370.3 1169.8
2428 756.26
3648.93 1260.87
3176.97 1035.42
2977.76 890.795
3176.69 993.931
1505.61 549.317
1089.57 413.787
1125.75 456.282
751.721 309.863
680.16 282.662
813.378 319.541
661.562 277.309
702.666 281.927
662.703 283.514
661.656 280.158
722.587 287.585
714.115 311.023
893.664 381.454
561.877 249.713
904.058 361.982
513.247 219.775
738.922 320.271
589.29 230.667
832.482 363.815
710.666 302.929
725.179 310.08
793.011 364.379
3215.73 905.086
2868.85 850.909
3576.69 1201.13
3434.39 1131.97
3307.79 1042.55
3277.64 1073.7
2794.19 850.579
3284.58 1105.82
3087.2 962.782
3393.29 1118.77
3042 970.384
3175.29 1039.66
3313.17 1125.26
3403.85 1101.08
3384.36 1117.33
3432.35 1143.1
3079.23 968.275
3080.55 932.885
4093.28 1443.39
3737.49 1330.54
2802.87 864.333
2854.75 873.24
947.187 447.585
852.637 354.943
890.241 404.888
746.056 332.564
813.141 347.225
798.688 322.733
808.073 334.679
930.342 383.984
832.33 368.146
818.074 357.927
954.894 415.132
762.63 321.274
791.417 371.5
911.458 366.249
907.828 373.087
876.464 376.629
893.144 357.001
856.67 348.925
802.248 381.656
795.369 336.528
903.843 386.767
1100.1 492.45
2919.28 848.463
2792.31 876.987
2679.93 897.59
2789.71 933.849
2915.61 1043.08
2891.54 1038.85
2864.79 939.939
3209.58 1146.72
3033.35 988.412
3347.38 1123.18
3203.34 1037.07
3554.2 1233.34
2853.21 880.757
3782.47 1351.06
2426.43 733.8
3109.06 1077.13
2681.99 879.893
3055.98 1031.03
3093.2 1044.87
3573.01 1167.68
3003.62 874.573
2863.97 723.11
1402.01 546.516
1033.95 351.736
728.703 311.337
736.122 319.001
795.852 341.659
594.501 253.252
756.462 296.538
987.797 393.232
1399.4 503.448
1210.31 462.644
705.654 305.882
831.808 352.222
764.636 307.727
787.084 368.744
869.569 329.561
773.873 350.531
537.376 220.377
748.835 324.564
716.276 298.464
839.54 387.94
840.4 389.728
833.704 289.414
4087.72 1050.3
3404.94 934.382
4736.36 1514.09
3864.06 1251.02
3675.18 1210.22
3654.8 1161.2
3553.77 1205.86
2770.19 881.167
2981.74 980.197
3467.3 1115.06
3405.45 1058.81
3334.85 1053.41
3772.43 1267.8
3028.33 922.673
3667.83 1216.74
3609.35 1115.02
3698.79 1223.6
3366.36 1059.87
3729.35 1243.01
3404.5 1219.46
3370.32 982.114
3417.23 1082.62
1050.22 421.733
1021.35 419.587
1027.7 443.16
951.685 394.81
700.895 287.449
989.82 384.423
763.073 336.799
854.237 331.471
889.133 355.808
869.333 355.604
770.126 304.93
787.452 318.012
836.61 357.311
921.677 374.967
883.324 371.436
875.215 343.221
1039.67 435.886
759.55 297.368
735.476 324.592
816.109 365.552
837.725 339.315
968.761 396.564
2953.2 797.951
2909.92 847.454
2736.13 947.101
2637.37 891.404
2566.52 824.657
2851.9 975.282
2645.09 867.344
2649.04 858.029
2807.16 898.961
2928.22 956.874
2844.9 924.944
3189.39 1124.77
2806.96 886.533
3040.03 975.654
3201.22 1009.48
3458.17 1131.02
2825.12 925.308
2364.43 769.153
2680.09 919.957
2850.82 897.768
3036.12 870.209
2816.76 780.138
896.364 369.529
686.425 248.776
839.685 352.227
569.056 249.446
562.714 233.745
1156.8 447.19
558.601 236.583
640.681 279.282
538.138 234.472
661.713 281.542
829.496 332.223
671.244 278.467
518.202 211.968
679.75 296.439
682.868 282.745
714.029 301.388
550.838 246.003
1064.04 426.43
507.812 225.319
550.786 242.002
633.349 261.175
777.186 353.974
2863.02 667.712
3039.07 829.7
2927.78 921.514
2852.63 883.686
3193.22 1099.89
2806.96 926.697
2968.77 941.935
2817.3 903.11
2494.75 780.447
3177.21 1016.63
3345.47 1106.96
2625.74 804.049
2306.94 734.266
2560.67 827.787
2676.63 872.488
2703.7 849.751
2975.9 962.841
2952.78 918.907
2976.86 911.99
3299.76 1098.55
2909.22 798.737
3210.34 793.02
818.575 280.708
804.595 302.961
722.852 312.099
786.406 315.295
943.131 375.282
871.199 324.793
746.722 306.85
937.641 384.548
719.074 269.98
621.456 250.574
595.854 246.96
852.076 340.162
804.289 313.368
738.088 293.474
835.52 336.183
776.965 324.769
731.38 281.039
888.498 347.131
913.22 361.885
881.186 389.58
727.627 272.605
829.171 325.621
4144.89 1313.44
3550.61 1193.16
3778.13 1262.73
4143.54 1489.19
3976.77 1350.46
3685.7 1230.62
3833.13 1351.7
3383.72 1151.57
3385.85 1166.02
3511.45 1171.18
3971.32 1339.04
3385.47 1065.45
3840.15 1360.29
3687.54 1282.62
3624.25 1219.01
3310.5 1099.35
3689.96 1264.02
3641.82 1251.11
3460.6 1254.01
3779.06 1268.62
3895.43 1187.08
4260.06 1165.47
748.577 315.815
1152.25 478.216
980.027 396.697
1156.36 467.697
841.916 339.007
832.379 356.001
716.659 308.444
1095.15 473.965
777.539 331.436
1061.05 442.573
798.475 337.556
848.701 349.949
1149.96 487.684
1351.3 529.6
838.716 346.184
962.138 403.011
800.555 342.203
1216.52 503.5
1089.33 434.105
879.606 404.471
877.319 386.187
947.031 470.694
3156.06 940.465
3694.4 1073.07
3483.19 1063.2
2949.26 887.037
3632.82 1238.07
3015.49 901.105
3106.37 1040.12
3112.39 1039.12
3156.19 1026.59
3142.16 1008.58
3257.14 1070.61
3141.34 1021.13
3427.57 1117.95
3379.22 1078.89
3466.94 1114.68
3923.59 1306.09
3236.57 1012.29
3769.09 1193.81
3619.24 1123.18
3462.22 1056.59
3363.43 986.315
3353.98 934.953
674.902 322.282
630.479 272.886
686.788 297.423
611.304 247.541
701.646 314.442
594.797 233.238
683.875 289.267
681.741 278.708
770.33 322.913
533.179 232.279
600.208 253.98
625.169 245.766
756.499 312.371
642.385 273.492
704.01 288.274
697.045 306.251
918.786 356.21
687.831 286.371
724.262 311.995
683.061 287.54
778.702 331.568
688.81 307.742
3110.62 1101.68
3711.41 1294.83
2925.85 913.01
2677.36 865.811
3452.22 1178.24
3160.84 969.649
3509.29 1190.41
3523.49 1151.06
3551.87 1238
2787.64 907.117
3050.34 1009.5
3340.19 1138.12
3091.09 987.832
3810.66 1294.92
2766.58 853.431
3256.65 1165.67
2948.04 953.01
3078.53 1043.43
3164.54 1021.7
3097.36 979.064
3160.53 1008.73
3859.59 1348.24
953.261 295.591
783.275 310.469
997.536 386.302
975.939 390.809
871.425 405.117
881.809 368.534
840.681 347.496
822.939 359.65
1010.57 445.209
896.927 351.165
955.047 426.936
857.187 385.737
685.051 272.218
742.38 304.762
913.073 371.841
928.095 411.407
923.731 368.079
908.992 402.414
935.901 403.581
903.807 371.286
919.22 385.706
1042.59 491.545
4198.62 1492.06
3485.33 1073.17
4091.88 1368.78
3446.8 1043.26
3945.21 1269.49
3553.45 1127.65
3579 1147.88
3578.83 1184.3
3531.92 1158.85
3536.47 1153.82
3872.68 1235.75
3478.14 1131.44
3528.09 1175.54
3255.15 1056.32
3319.87 1063.73
3766.81 1241.3
3686.67 1190.67
3813.39 1272.54
3626.69 1205.31
3317.94 1017.62
4087.37 1360.55
3400.17 1228.34
1683.53 663.862
1707.94 616.258
2033.31 757.631
1811.41 622.413
1526.11 579.822
1884.32 652.797
1641.31 605.411
1694.4 607.683
2010.28 735.594
1710.7 640.796
1851.32 685.881
1755.32 643.77
1731.03 661.652
1816.94 671.072
1624.93 605.871
1556.12 593.248
1623.9 596.03
1528.12 546.382
1390.35 489.564
1544.79 523.605
1693.04 661.554
1356.55 522.581
2569.55 1327.69
3230.76 1140.6
3275.44 1096.55
2998.78 1008.67
3617.64 1381.5
3018.48 1113.6
2878.17 1026.24
3156.3 1104.46
3252.55 1166.18
2754.11 951.144
3167.29 1166.7
3041.9 1062.94
3103.39 1084.93
3089.86 1083.41
3209.55 1077.66
3405.36 1218.19
2959.43 1014.49
2996.5 1039.21
3371.47 1148.42
3178.46 1089.03
3041.4 1078.76
3110.01 1519.24
2530.63 1351.52
2892 975.176
2890.3 1011.79
3048.75 1021.16
3049.3 1092.5
3299.61 1079.3
3070.91 1048.17
3116.19 1019.53
2913.68 1085.71
3491.03 1228.44
3350.91 1207.94
2919.51 1029.79
3111.28 1082.8
2885.21 988.641
3120.9 1102.13
4180.71 1456.96
2261.04 769.298
3887.57 1360.94
3901.44 1303.58
2671.03 888.36
3059.13 1099.49
3588.09 1739.16
