2414.07 1526.95
2666.51 588.501
2720.21 904.716
2389.07 690.874
2244.51 708.985
2749.81 920.059
2834.2 845.334
2602.41 769.471
2538.51 796.958
2602.63 816.373
2303.3 649.219
2272.24 714.902
2414.85 772.295
2044.99 598.562
2608.77 807.026
2085.54 633.592
2417.45 651.326
2965.69 837.718
2480.14 720.07
2367.12 736.692
2596.55 768.117
3241.77 1140.59
2622.96 920.257
3026.45 828.221
2785.49 902.711
2536.91 651.113
2563.28 679.217
2644.92 844.299
2456.79 808.129
2623.04 803.412
2662.53 817.951
2448.69 765.818
2349.89 624.286
2280.15 906.604
2644.72 765.862
2721.41 868.361
2094.29 611.245
2351.18 654.302
2137.04 568.171
2389.15 710.131
2142.88 608.212
2044.32 552.226
2589.63 849.362
2465.18 821.146
3352.31 966.419
3285.88 877.67
3246.09 1027.33
2785.34 731.152
3918.5 1230.06
3283.48 953.572
3002.83 878.048
3313.26 1007.09
3720.41 1225.01
2861.08 777.093
3021.2 1024.54
2817.29 818.885
3317.79 1003.8
2700.13 786.338
3438.75 1032.37
2678.73 699.911
3416.79 998.652
2940.53 879.031
2799.6 689.836
2594.77 648.555
2649.4 717.361
2989.07 947.55
2206.54 1035.01
1471.36 486.451
1226.7 423.856
1107.46 421.302
1549.75 596.218
1345.29 485.304
1406.92 467.4
2050.3 632.599
1497.6 472.632
1404.92 473.889
1564.14 545.48
1135.01 464.379
1412.07 524.747
1181.53 399.615
1359.45 531.125
1325.67 452.375
1193.6 383.063
1230.02 409.451
1146.42 481.27
1403.5 468.187
1302.66 485.452
1377.89 494.652
3708.45 1009.94
2783.87 706.204
3109.78 833.524
2659.45 747.696
3113.88 982.785
2500.92 713.802
2871.63 879.936
2754.26 774.654
2933 879.423
3185.18 1011.51
3337.57 1110.72
2400.82 692.593
2691.82 835.081
2853.56 938.214
2887.1 878.993
3123.57 996.563
2952.8 886.626
2835.61 769.637
3356.14 994.18
3549.02 961.302
2659.95 695.114
3286.5 673.116
720.641 345.31
860.055 421.65
783.531 321.245
683.519 376.944
775.99 310.962
665.995 273.628
671.384 298.083
656.739 301.931
683.198 291.303
800.013 392.71
725.039 361.752
800.633 358.416
822.191 349.078
1034.95 409.896
872.787 315.068
776.319 331.424
753.008 316.139
937.112 391.988
738.698 300.221
769.897 350.815
840.275 324.604
819.527 299.875
2844.57 692.52
2824.99 682.25
3104.22 932.578
3041.68 799.389
2898.04 816.018
3079.51 951.923
2761.93 774.422
3188.22 918.035
2568.78 730.47
3496.39 1129.63
3113.1 966.619
2979.85 860.705
3126.86 981.266
3359.04 977.225
2870.9 876.512
2830.43 800.23
3370.07 1018.79
2434.29 712.153
3668.32 1029.36
3295.56 1013.52
2996.16 778.13
3652.68 897.715
1454.12 381.379
1117.27 379.539
1124.32 401.971
753.403 313.309
672.658 322.349
828.934 307.434
664.299 256.582
709.626 275.172
645.271 355.027
643.893 279.857
719.564 283.847
696.915 338.598
855.578 381.081
557.117 258.292
893.422 336.446
515.036 243.818
736.112 330.681
592.388 239.832
838.023 308.119
693.36 263.32
721.83 303.057
853.452 404.739
3099.49 552.892
2859.55 728.246
3592.66 1052.28
3456.77 1060.73
3351.74 1024.21
3328.57 997.881
2830.55 817.436
3351.48 1068.48
3141.39 959.855
3447.41 1065.19
3011.97 899.008
3219.82 975.524
3331.11 1040.58
3471.62 1029.32
3459.05 1069.48
3532.31 1128.25
3119.09 961.67
3088.26 856.705
4008.87 1211.62
3662.64 1004.12
2825.94 760.476
2870.37 633.566
981.345 308.58
827.454 299.084
894.095 436.272
697.796 288.628
757.591 432.456
799.706 368.014
807.989 365.806
948.116 392.029
815.235 346.911
795.835 387.712
920.677 445.241
743.22 319.508
757.55 433.063
946.673 390.605
899.61 342.239
850.653 400.812
913.212 416.058
852.43 362.318
780.375 355.641
812.426 291.334
905.699 365.238
1147.58 277.197
2926.18 558.996
2836.82 760.141
2700.43 844.638
2767.84 808.276
2959.95 1005.59
2912.95 1084.23
2909.3 908.141
3233.69 1169.44
3000.26 953.549
3350.34 1004.45
3281.94 1020.31
3567.82 1152.32
2889.52 824.094
3826.33 1206.69
2443.16 704.179
3172.88 958.256
2737.45 833.168
3086.55 978.96
3138.17 951.891
3603.57 958.192
2960.22 699
2792.93 460.653
1366.54 252.068
1040.33 305.97
733.642 299.056
746.186 349.669
778.332 341.635
592.442 252.831
753.887 323.628
990.495 367.621
1377.4 470.274
1219.29 441.298
679.546 338.997
856.192 412.872
737.829 309.143
784.124 343.634
861.123 333.609
770.368 366.468
530.692 204.956
756.661 385.703
716.231 290.31
821.418 297.69
843.575 362.855
672.218 962.021
3983.8 832.97
3296.94 709.916
4547.86 1258.99
3891.34 1031.59
3758.85 1110.84
3692.83 1035.65
3586.49 1162.52
2779.14 840.863
3087.88 1010.77
3561.04 1089.81
3452.8 1026.24
3340.34 1003.69
3833.13 1165.06
3056.61 922.441
3762.52 1129.47
3654.26 1017.75
3743.57 1134.94
3514.66 1091.09
3765.26 1032.92
3450.19 1092.25
3375.25 755.613
3102.67 669.107
1057.45 279.784
1043.11 385.605
974.979 368.131
946.752 407.979
691.698 316.103
999.209 394.604
754.812 372.763
858.507 364.491
889.66 337.165
852.766 362.858
776.653 314.571
768.76 310.423
851.116 383.383
909.801 353.315
876.031 378.152
868.846 316.223
1041.54 489.042
770.792 330.788
722.146 320.051
828.172 356.007
832.7 282.548
906.138 295.364
2891.19 570.791
2857.59 659.601
2757.96 825.134
2607.7 741.077
2595.16 771.424
2899.89 980.385
2653.17 776.008
2722.08 868.135
2820.93 837.663
2901.66 933.043
2858.86 921.143
3190.97 1151.14
2809.41 871.968
3075.89 915.738
3252.29 967.159
3415.53 983.036
2845.58 866.67
2389.71 725.045
2701.41 801.035
2844.51 746.831
3217.72 942.064
2847.93 622.441
887.256 242.273
706.925 244.362
835.78 289.669
560.278 239.87
548.995 210.069
1179.08 419.948
550.108 229.833
618.617 270.178
519.794 247.327
666.014 284.712
823.472 320.733
661.426 288.023
508.295 219.309
664.07 284.643
677.751 277.515
707.177 286.486
545.126 312.482
1058.1 397.966
492.533 220.031
550.623 256.302
626.115 218.456
786.718 268.742
2843.27 531.298
2925.7 668.66
2955.43 826.19
2873.66 737.549
3240.96 969.798
2853.31 858.283
3073.78 883.996
2831.84 852.235
2505.63 739.396
3270.7 1025.98
3447.92 1030.58
2665.52 729.404
2330.39 771.524
2580.67 761.519
2690.35 823.065
2716.75 816.859
3024.65 846.94
2943.44 754.365
3016.44 798.821
3318.86 904.323
2937.41 742.512
3033.1 2651.49
604.502 615.571
819.145 268.812
720.192 268.657
791.257 311.684
951.159 306.915
885.032 296.782
743.813 290.514
929.285 366.467
716.451 266.105
614.285 251.604
592.554 242.877
850.867 370.298
789.373 295.742
730.388 283.408
806.977 324.614
765.015 326.282
717.492 280.05
917.072 323.909
922.127 340.991
879.349 333.614
728.113 219.267
849.79 251.421
3863.33 777.099
3461.79 872.301
3776.45 1123.53
3969.51 1213.68
3943.79 1209.5
3798.82 1263.31
3721.83 1242.1
3361.24 1120.98
3431.13 1169.9
3613.64 1189.84
3972.43 1206.82
3433.4 1038.98
4172.31 1586.78
3739.51 1270.9
3677.11 1132.27
3412.26 1175.92
3716.46 1239.1
3685.16 1180.47
3593.8 1308.5
3860.1 1164.85
3793.24 49.0094
4493.01 1223.55
758.656 223.076
1179.77 450.212
1060.65 423.824
1142.94 488.136
837.47 308.009
824.718 339.038
701.878 291.756
1061.61 544.259
760.301 414.915
1051.22 484.431
775.385 341.312
852.007 377.661
1126.2 455.348
1375.9 519.787
826.014 349.576
929.625 418.829
806.212 343.577
1205.04 479.602
1087.08 414.28
862.801 384.823
873.039 344.743
823.077 712.532
3086.92 608.219
3706.26 949.998
3513.35 920.973
3200.54 1025.85
3617.96 1046.44
3027.06 790.405
3183.61 988.197
3147.92 923.453
3186.93 947.72
3206.4 991.205
3261.6 986.138
3171.5 927.142
3478.49 1057.77
3413.42 976.26
3484.94 1026.15
3974.74 1214.24
3316.5 991.903
3852.22 1066.52
3673.78 1058.74
3448.68 925.349
3388.13 824.36
3331.14 739.19
681.85 153.61
654.505 277.134
676.892 312.442
625.428 245.985
709.746 331.335
588.151 230.103
667.829 274.825
678.605 286.067
777.592 327.204
534.136 237.942
606.079 300.484
633.657 255.043
743.604 321.068
612.723 314.335
703.205 291.845
690.099 301.884
918.675 346.315
708.562 293.848
705.971 305.457
681.798 245.052
798.716 326.18
593.152 612.061
3085.39 685.004
3725.61 1063.74
2916.89 786.448
2641.04 733.279
3500.79 1132.38
3243.03 854.786
3523.09 1052.4
3561.8 1025.16
3683.14 1184.59
2834.51 861.916
3110.59 986.435
3322.87 985.84
3068.94 858.811
3767.2 1139.05
2778.89 784.595
3358.61 1063.69
2960.32 891.259
3060.91 910.63
3160.57 892.532
3111.03 886.558
3174.83 882.791
3693.41 1070.44
897.274 394.113
799.193 288.166
995.467 336.346
1009.99 406.632
863.285 413.927
1008.1 422.388
869.067 362.183
829.38 377.437
1109.6 628.963
872.324 343.936
936.459 395.78
826.005 396.281
703.094 276.248
723.133 271.98
885.478 420.038
925.834 374.884
910.865 334.351
920.77 423.26
897.335 413.467
900.223 390.577
930.75 392.105
1044.02 605.824
3854.77 965.102
3502.65 958.141
4134.83 1175.26
3522.59 990.13
3962.26 1062.47
3661.83 1059.2
3625.33 1036.51
3627.77 1092.63
3610.73 1057.46
3618.43 1110.72
3842.3 1123.28
3544.51 1058.55
3581.37 1124.05
3259.16 1003.53
3372.43 942.195
3825.17 1177.71
3672.91 993.423
3839.24 1154.52
3636.98 1084.34
3320.12 905.641
4085.96 1202.79
3359.88 1078.13
1632.15 556.904
1711.41 551.611
1999.65 612.237
1875.71 593.587
1539.35 502.652
1909.93 601.582
1627.67 554.609
1681.85 513.928
1947.86 612.431
1768.83 633.104
1833.37 647.314
1747.09 587.344
1741.21 642.507
1808 625.381
1669.03 592.9
1589.56 560.448
1635.37 507.025
1523.21 474.878
1373.67 411.437
1559.87 464.951
1712.94 578.553
1354.27 455.746
2702.67 927.115
3174.06 944.25
3265.19 843.292
2996.52 820.456
3467.57 1071.28
2988 868.679
2955.03 960.614
3140.15 1011.95
3326.04 1026.19
2794.68 847.809
3158.22 1019.44
3109.08 1003.27
3095.75 876.645
3158.68 973.919
3269.31 964.471
3462.72 1090.99
2983.59 904.366
3042.41 992.773
3370.22 1008.15
3257.65 946.509
3133.32 1014.96
3214.88 1161.59
2695.43 1035.61
2913.2 795.25
2842.46 795.889
3033.29 825.761
3044.81 912.699
3330.76 936.353
3090.03 859.148
3174.92 906.541
2947.17 947.526
3472.71 1044.22
3349.38 1052.31
2991.26 962.375
3114.28 917.549
2876.59 834.628
3162.11 964.064
4121.63 1186.13
2276.85 664.291
3874.35 1178.73
3808.61 1086.26
2714.18 732.641
3079.24 905.375
3706.34 1321.89
