2742.87 922.875
2705.75 779.587
2650.57 850.57
2348.71 673.165
2209.39 666.591
2681.32 831.017
2810.39 797.552
2589.11 763.89
2520.31 772.565
2571.09 795.475
2270.87 653.67
2250.16 677.064
2386.06 733.717
2043.6 620.537
2597.71 812.716
2043.47 599.198
2389.06 663.82
2945.13 835.776
2489.67 710.427
2329.74 687.547
2555.04 724.914
3228.97 1182.53
2562.77 904.126
3002.62 825.748
2743.08 842.281
2497.1 640.974
2534.56 660.707
2631.94 790.536
2281.82 645.457
2618.03 803.99
2648.06 779.553
2453.94 798.461
2303.18 644.099
2284.32 903.581
2611.27 718.916
2703.39 851.444
2096.12 636.572
2320.67 649.679
2124.04 561.532
2358.86 682.69
2133.93 584.064
2067.34 575.097
2414.12 654.934
2436.02 820.616
3294.06 961.594
3244.03 869.172
3235.67 1017.25
2766.55 756.56
3860.79 1179.92
3295.79 969.761
2996.34 861.013
3291.81 993.749
3709.28 1244.72
2872.17 805.888
3030.81 1012.43
2826.6 842.207
3325.1 994.728
2650.77 767.911
3434.61 1065.44
2661.4 703.184
3383.19 1033.43
2927.15 806.148
2787.43 711.954
2625.07 703.914
2604.36 707.417
2990.95 942.382
1944.91 609.694
1464.15 503.523
1206.49 412.22
1098.57 397.654
1491.65 553.006
1324.56 448.589
1408.9 466.376
2055.16 635.287
1500.32 486.786
1384.58 452.316
1524.07 501.028
1135.5 434.325
1405.86 541.963
1193.5 435.008
1315.46 469.855
1319.35 460.196
1185.23 401.332
1221.62 406.858
1113.47 430.625
1380.92 461.659
1307.2 480.144
1386.81 488.373
3682.79 1060.23
2767.77 703.193
3120.15 895.821
2642.4 751.732
3035.47 926.647
2466.45 672.685
2824 860.976
2734.27 775.773
2911.7 879.603
3147.71 1001.15
3309.39 1113.92
2375.51 681.25
2676.78 842.426
2849.89 937.06
2839.39 874.376
3053.25 932.255
2916.03 826.853
2832.21 766.664
3355.5 989.884
3488.66 925.644
2623.29 674.286
3279.97 754.744
604.459 473.376
783.647 329.851
772.434 320.182
683.715 397.461
778.595 323.514
672.152 299.902
665.638 298.339
670.049 312.77
683.004 295.827
788.111 375.539
731.126 359.892
793.708 345.86
818.921 328.193
1018.49 402.342
865.507 319.095
758.709 346.835
766.132 323.4
923.09 358.54
734.487 295.579
751.027 312.179
824.867 315.481
768.932 327.446
2947.15 787.12
2825.48 695.734
3065.26 855.798
3031.17 831.273
2888.64 835.679
3045.14 909.301
2742.74 780.447
3150.47 900.959
2554.5 741.33
3471.4 1131.03
3099.67 922.294
2953.62 894.473
3078.03 913.863
3367.24 972.311
2828.88 814.742
2817.55 793.447
3391.32 1015.04
2404.91 672.975
3655.85 1066.66
3218.37 967.872
2962.16 747.034
2122.43 981.16
1562.64 197.151
1105.85 407.834
1118.56 402.571
734.254 286.999
665.77 281.969
816.273 308.041
661.235 265.688
706.48 262.277
646.785 318.813
656.187 262.156
720.239 269.916
694.834 322.963
867.209 373.255
546.48 231.261
885.572 365.968
511.059 248.964
731.154 338.122
591.824 237.954
826.263 318.026
691.76 291.836
720.413 279.863
787.969 332.413
3146.22 761.014
2854.52 744.422
3560.81 1046.86
3445.96 991.054
3321.37 985.143
3305.35 988.622
2805.42 780.647
3308.76 1031.31
3084.96 894.044
3392.93 1043.77
2997.08 886.688
3196.09 954.685
3335.09 1081.85
3429.1 1044.91
3431.1 1074.83
3467.88 1072.62
3091.91 885.258
3075.05 862.604
3990.2 1188.91
3703.41 1062.65
2589.26 234.311
2870.92 675.561
905.368 663.904
834.879 295.801
886.76 387.575
728.555 313.943
787.073 408.909
796.591 334.316
797.762 345.521
938.842 380.771
808.189 388.198
795.189 369.971
914.088 453.586
745.541 336.165
766.525 426.957
913.23 365.069
888.441 345.108
846.934 391.118
891.125 359.435
847.807 348.969
780.923 359.497
802.625 306.79
894.623 364.291
1131.23 400.274
2938.75 797.509
2779.72 769.42
2657.45 792.319
2802.4 834.016
2898.69 949.574
2872.1 972.794
2851.63 859.279
3196.52 1074.81
2999.91 946.031
3327.89 1012.58
3231.21 996.081
3521.08 1130.24
2847.47 799.358
3787.42 1215.64
2424.92 682.444
3144.75 996.058
2702.84 822.914
3052.77 924.991
3097.63 914.399
3565.31 951.248
2982.57 105.785
2890.48 632.559
1342.66 342.416
1036.15 309.568
715.768 273.731
725.739 331.675
779.804 306.515
592.823 238.595
744.648 284.064
986.836 358.323
1383.57 456.131
1214.44 444.715
689.125 294.508
838.947 373.499
742.577 313.882
771.313 363.274
849.843 299.709
765.965 370.929
530.357 213.987
743.755 339.689
715.152 286.409
831.311 337.617
831.207 367.313
839.014 270.913
4012.46 787.647
3401.31 799.462
4514.98 1237.01
3825.09 1046.63
3707.32 1121.73
3649.31 1014.32
3541.49 1109.08
2768.9 814.867
3018.42 953.986
3500.4 1081.95
3411.37 1029.8
3294.97 944.943
3793.84 1157.88
3017.37 889.759
3671.39 1099.88
3603.74 1008.49
3670.94 1081.73
3410.52 992.016
3705.06 1062.96
3346.84 1044.96
3394.07 864.355
3349.84 798.393
1098.88 383.365
986.432 338.244
985.787 399.44
940.123 384.657
688.971 280.654
997.555 373.315
762.028 354.029
843.391 345.806
898.973 369.867
852.176 369.929
766.987 313.359
772.451 314.857
831.348 371.602
907.995 392.943
880.196 383.787
863.84 328.268
1025.42 459.036
766.236 302.1
729.872 321.055
805.082 354.145
822.764 269.263
927.591 308.654
2882.21 665.719
2871.39 661.851
2784.25 857.461
2597.37 752.738
2535.22 731.54
2858.33 918.885
2636.34 798.559
2656.58 831.876
2808.58 839.425
2925.16 940.927
2846.84 873.959
3185.27 1086.39
2803.4 864.571
3047.22 905.533
3189.94 922.809
3436.88 1013.72
2804.48 848.129
2375.19 709.875
2685.79 791.337
2853.54 752.179
2992.33 750.27
2793.88 108.221
881.752 270.805
699.955 226.772
835.061 307.388
559.409 246.158
553.517 236.382
1151.07 407.742
551.345 232.74
626.568 295.577
528.341 237.129
646.344 283.908
820.107 329.379
669.737 284.37
507.97 214.138
664.576 289.551
679.273 286.533
707.116 290.127
545.344 271.604
1034.2 373.991
503.886 211.889
534.823 239.518
625.255 209.606
775.79 279.405
2887.49 596.505
2962.32 739.46
2935.73 800.108
2846.93 749.725
3229.99 981.666
2813.51 857.281
2995.18 883.885
2801.65 802.636
2490.31 717.127
3180.8 950.477
3378.19 1003.47
2617.2 743.177
2337.73 745.164
2562.35 755.956
2684.15 812.677
2708.69 789.765
2978.86 866.155
2975.07 797.009
2984.61 759.499
3301.11 901.217
2935.74 735.331
2460.43 2946.7
812.459 217.619
802.844 258.236
715.159 284.187
772.352 291.849
948.369 324.157
871.239 291.739
737.986 285.773
913.078 351.822
712.075 256.841
614.612 251.523
592.235 251.224
847.347 365.941
793.574 297.658
735.095 279.284
814.094 319.171
759.776 316.302
718.148 266.551
902.453 328.333
919.577 337.884
875.134 356.068
712.011 217.456
837.417 285.488
3896.13 915.594
3529.55 1009.64
3698.08 1057.16
3938.67 1256.43
3951.68 1246.51
3708.2 1207.69
3786.83 1291
3363.68 1081.22
3407.56 1190.64
3566.03 1172.84
3934.16 1203.91
3396.66 982.578
3842.85 1313.95
3684.17 1260.66
3567.32 1100.06
3336.62 1088.2
3694.45 1207.31
3707.33 1272.06
3561.94 1264.88
3784.34 1132.83
3933.55 1017.59
4129.29 931.286
733.461 89.8882
1116.01 409.042
976.42 349.092
1134.91 447.98
830.996 328.074
809.67 349.14
704.852 313.733
1058.73 475.195
767.478 354.843
1027.98 442.266
789.105 334.009
835.804 355.448
1121.74 457.479
1351.08 531.362
822.375 339.221
936.495 408.234
803.506 339.293
1174.75 446.638
1072.12 377.473
848.94 385.98
879.846 351.381
982.276 398.524
3071.59 717.055
3700.6 965.593
3489.29 927.543
2954.02 754.131
3613.6 1050.55
3012.35 818.309
3138.96 942
3098.36 928.326
3137.43 945.914
3160.62 967.934
3231.84 964.571
3152.68 925.076
3435.5 1076.65
3402.11 1002.94
3457.72 1015.5
3894.94 1176.79
3225.86 931.989
3820.21 1063.83
3653.22 1024.91
3435.35 935.793
3381.25 852.008
3366.43 810.283
679.136 217.566
637.837 246.251
686.783 307.563
612.188 245.752
697.367 319.202
594.18 239.859
671.458 279.933
683.372 282.357
758.055 341.827
521.861 232.05
595.732 265.082
622.273 243.925
740.995 310.016
628.418 278.128
696.299 298.724
690.63 307.972
924.216 341.649
701.599 288.678
709.219 318.744
675.46 262.231
762.694 323.652
622.054 103.955
3073.29 886.845
3733.68 1133.74
2874.28 778.641
2657.73 748.78
3454.06 1108.94
3201.77 861.312
3531.86 1088.85
3544.33 1024.81
3599.88 1157.75
2801.46 885.16
3080.7 963.514
3322.11 973.202
3071.95 876.703
3776.61 1141.76
2770.38 777.626
3314.21 1086.84
2935.05 849.142
3062.47 909.234
3153.92 916.567
3057.87 855.408
3157.3 887.703
3721.04 1077.86
897.222 412.127
791.779 299.664
983.737 346.776
972.125 382.262
836.433 422.892
888.932 345.163
840.311 342.782
813.414 375.96
998.341 484.759
880.024 358.084
923.317 411.196
832.545 395.482
680.234 271.736
727.498 287.13
898.824 400.505
919.227 398.438
917.904 350.577
890.557 392.279
896.781 401.95
875.287 368.319
914.251 340.284
1024.53 429.978
3908.8 1132.25
3523.53 1000.26
4010.34 1160.7
3439.98 899.715
3927.11 1099.72
3609.45 1056.89
3555.9 1008.33
3582.24 1020.36
3571.24 1050.65
3577.63 1068.84
3841.78 1092.69
3489.5 1053.68
3524.55 1037.73
3249.77 971.453
3345.08 985.306
3770.36 1152.14
3689.71 1037.69
3831.14 1170.55
3667.9 1154.44
3301.05 873.888
4066.86 1157.59
3356.69 1052.27
1655.45 527.88
1689.54 580.117
2012.47 636.403
1819.42 567.468
1525.74 496.464
1891.79 580.308
1615.23 506.493
1688.37 513.159
1963.62 631.956
1703.42 586.196
1835.19 638.333
1743.26 580.58
1735.99 594.776
1801.27 620.696
1645.49 581.38
1565.92 542.962
1629.41 512.948
1510.73 451.434
1363.95 395.249
1540.55 462.471
1723.31 620.764
1340.12 441.019
2664.21 947.054
3145.73 904.436
3251.75 903.779
3014.85 875.709
3428.43 1068.82
2992.03 923.648
2901.82 909.442
3165.88 986.616
3299.48 1045.89
2800.52 856.214
3152 1014.81
3036.93 937.297
3099.33 888.769
3053.84 877.927
3208.99 926.752
3406.51 1043
2925.46 868.073
2974.97 928.617
3346.78 975.704
3197.98 925.297
3071.34 953.269
3186.28 1148.92
2652.6 993.76
2883.99 779.842
2841.37 810.892
3025 831.227
3023.73 875.696
3310.16 912.887
3094.05 882.76
3139.31 879.755
2891.72 904.671
3487.99 1032.43
3344.88 1054.27
2919.73 891.189
3081.78 885.069
2886.83 835.401
3084.78 911.042
4062.77 1167.1
2246.21 639.171
3846.86 1138.53
3807.48 1075.75
2679.94 724.52
3051.25 877.489
3658.57 1303.2
