2764.97 943.316
2683.05 759.577
2643.87 826.848
2349.42 680.79
2215.06 676.22
2687.71 840.513
2809.27 800.855
2582.98 766.125
2532.66 767.62
2576.6 795.691
2282.34 652.248
2263.22 680.799
2394.52 737.442
2050.8 629.478
2599.84 800.409
2046.42 597.678
2405.15 679.992
2961.8 851.068
2491.04 704.08
2330.16 673.974
2569.41 727.168
3164.44 1148.62
2564.13 884.887
2993.03 816.702
2738.55 836.873
2507.42 656.956
2546.27 668.707
2620.06 779.256
2278.82 648.151
2610.18 786.273
2646.82 768.687
2448.94 781.146
2314.86 649.476
2110.69 706.983
2624.19 729.28
2704.81 840.465
2109.58 629.913
2322.77 650.254
2139.77 573.044
2359.34 682.234
2137.97 588.679
2073.98 582.392
2408.6 642.477
2445.45 841.609
3301.18 1000.41
3255.86 878.781
3232.99 1000.66
2764.23 743.02
3843.81 1181.02
3303.14 965.744
3007.59 862.571
3290.9 999.117
3696.31 1225.95
2875.09 812.583
3042.75 1017.11
2835.4 841.329
3321.39 1003.1
2647.58 748.877
3448.91 1073.25
2671.75 709.327
3378.97 1034.74
2920.02 804.068
2794.11 729.984
2633.76 708.204
2610.19 723.169
2970.07 935.42
1938.54 614.903
1457.97 493.397
1206.94 412.992
1097.89 392.528
1480.37 549.564
1335.18 455.3
1406.66 454.952
2050.33 639.509
1496.42 480.808
1385.21 460.301
1521.96 494.247
1136.57 437.031
1395.88 528.663
1188.64 429.998
1315.46 469.556
1317.36 458.058
1179.97 398.307
1223.15 406.062
1108.7 426.513
1382.23 467.293
1304.3 473.167
1368.01 466.196
3664.42 1076.31
2772.98 691.163
3130.47 917.809
2634.99 722.736
3023.52 909.738
2465.91 668.533
2824.55 850.453
2746.06 784.392
2906.13 880.528
3155.09 991.872
3293.38 1109.7
2378.64 671.647
2690.1 859.862
2852.76 923.62
2825.5 858.036
3051.08 920.704
2917.59 829.292
2819.76 760.977
3350.41 975.126
3474.71 932.787
2621.06 661.393
3239.95 778.673
704.39 344.74
780.009 321.589
773.398 324.236
681.09 400.307
775.808 328.692
670.691 311.482
668.13 287.09
672.977 301.169
691.083 301.52
793.187 363.559
729.56 349.636
800.987 347.821
817.982 336.454
1018.22 419.113
865.917 318.788
760.625 352.76
774.267 322.632
922.492 355.402
737.409 303.519
748.947 321.795
821.916 311.246
758.202 304.456
2915.62 752.919
2818.25 714.507
3074.54 870.016
3024.43 837.065
2879.73 833.533
3038.62 905.806
2743.45 789.333
3145.93 901.968
2574.42 750.363
3472.66 1124.06
3107.36 914.955
2950.16 889.429
3096.93 915.616
3371.49 972.93
2832.31 809.03
2832.52 803.559
3380.51 1002.52
2408.91 679.324
3638.04 1069.94
3212.56 959.551
2974.64 779.459
3132.13 788.109
1481.65 455.734
1101.07 393.373
1113.53 397.216
740.927 274.355
666.364 285.738
815.129 304.605
658.623 266.678
703.792 266.391
655.679 311.849
654.739 258.862
723.579 275.831
695.686 321.184
869.322 379.898
548.022 235.878
891.652 361.159
500.916 237.89
730.001 318.493
587.994 234.21
825.201 320.449
698.804 308.554
722.27 282.462
795.175 322.009
3162.16 761.832
2855.21 746.103
3555.56 1028.36
3432.05 985.05
3316.78 964.609
3286.9 983.221
2807.73 788.23
3320.83 1031.25
3079.76 894.222
3407.29 1058.61
3021.77 886.703
3196.39 953.365
3358.69 1080.25
3418.45 1035.44
3419.31 1068.13
3476.55 1064.17
3108.91 898.696
3073.47 841.558
3984.3 1199.18
3707.53 1077.92
2786.08 726.092
2905.71 708.007
916.294 412.557
833.57 280.976
878.492 395.071
726.351 311.588
800.229 404.328
792.682 326.543
799.04 345.891
934.503 381.754
807.929 385.349
798.767 382.518
922.763 455.746
751.921 327.341
768.394 430
912.037 364.573
889.532 346.444
852.583 376.944
886.12 350.682
850.001 338.176
781.393 370.601
805.614 312.624
893.577 334.294
1133.49 459.779
2966.59 803.321
2794.09 779.698
2671.08 776.634
2804.73 835.663
2908.75 963.766
2881.84 1000.27
2854.76 868.624
3186.52 1049.62
3006.91 925.792
3334.62 1008
3215.81 989.779
3533.02 1142.73
2847.21 797.761
3798.22 1235.12
2425.71 688.645
3141.97 998.643
2695.16 815.024
3062.68 936.561
3108.45 916.709
3566.91 954.028
2974.89 709.868
2921.85 680.032
1366.9 408.071
1039.86 310.005
724.436 285.155
725.773 329.261
783.8 312.792
591.845 236.77
744.931 278.934
990.926 365.81
1386.57 459.445
1209.65 426.758
688.395 304.501
829.412 366.464
747.184 314.282
773.402 371.193
850.102 293.312
762.525 361.262
532.299 216.509
740.273 339.204
719.167 296.102
835.195 345.567
833.368 368.65
842.175 284.265
4043.18 844.986
3399.49 814.145
4544.24 1228.28
3826.84 1073.76
3699.06 1113.63
3660.26 1023.96
3560.94 1131.69
2765.16 815.129
3002.84 945.472
3488.88 1068.48
3398.49 1014.22
3303.34 953.916
3799.9 1152.21
3039.23 898.329
3668.25 1106.04
3622.79 1022.58
3681.72 1100.72
3396.52 968.187
3708.48 1080.38
3345.13 1051.74
3400.99 843.828
3361.05 801.062
1086.33 380.811
984.67 325.615
988.758 376.369
947.263 371.412
693.049 275.973
995.617 374.615
757.06 349.541
847.274 328.317
896.997 367.68
848.747 355.557
766.231 312.683
779.529 316.994
834.25 360.167
905.642 395.728
873.116 365.747
864.79 324.35
1032.46 466.595
765.059 307.148
735.976 312.052
797.139 346.323
831.377 274.665
944.462 315.246
2926.54 702.452
2884.07 683.116
2770.83 834.985
2602.07 753.079
2537.24 724.987
2863.99 927.144
2649.46 789.584
2657.97 821.438
2807.62 829.115
2914.42 918.501
2840.79 861.721
3187 1073.01
2807.15 850.548
3034.84 884.845
3199.87 924.042
3455.01 1021.17
2797.64 840.128
2375.05 697.44
2687.75 779.638
2864.15 762.028
3002.12 744.044
2788.54 580.502
880.007 289.46
696.352 229.708
835.524 305.849
559.04 239.533
555.906 242.332
1147.75 407.732
551.078 228.059
630.752 290.027
526.045 234.042
651.088 289.233
816.426 330.7
669.442 276.274
510.297 213.94
668.314 294.561
673.704 293.646
707.029 298.158
544.046 262.826
1040.97 380.238
506.794 220.392
534.516 229.258
628.552 209.155
768.013 262.778
2862.48 614.873
2985 732.754
2950.08 798.096
2867.8 771.354
3215.66 958.056
2818.29 842.879
3013.64 885.886
2801.91 803.551
2501.46 727.493
3194.99 956.829
3383.8 1013.36
2627.17 739.996
2339.86 724.603
2563.34 745.543
2690.31 819.456
2717.36 790.639
2979.85 871.891
2972.82 790.337
2992.49 768.959
3303.26 905.831
2923.27 725.233
3239.87 717.164
810.409 228.962
806.028 250.728
714.455 289.677
772.751 290.406
949.55 331.122
875.877 291.717
741.279 288.838
913.97 355.749
712.723 254.632
615.348 252.584
589.155 251.637
846.286 350.832
800.439 295.489
737.921 284.402
816.229 312.585
764.168 315.85
718.889 264.199
901.021 320.933
915.205 339.453
871.084 352.362
715.965 225.394
828.02 266.026
3953.94 1001.75
3535.29 1006.29
3699.23 1049.32
3949.52 1248.62
3947.36 1224.37
3704.87 1211.29
3800.14 1285.08
3355.95 1072.29
3407.89 1164.21
3547.39 1153.52
3941.99 1203.84
3403.61 1014.74
3860.16 1333.99
3679.27 1252.55
3568.43 1107.55
3330.7 1064.53
3696.52 1194.11
3688.2 1234.5
3540.36 1236.08
3792.52 1112.18
3917.41 1003.05
4119.31 968.122
751.276 262.375
1120.82 419.058
969.507 349.18
1132.8 422.971
835.117 334.499
817.19 352.129
704.818 314.411
1061.49 481.122
766.513 338.686
1033.09 437.925
786.219 335.624
831.014 350.139
1126.68 470.155
1347.65 526.098
831.155 341.887
941.824 397.127
798.917 331.538
1178.34 437.791
1078.44 387.289
860.539 379.584
880.343 336.619
978.915 395.436
3106.31 721.839
3694.16 953.733
3507.66 939.656
2955.31 753.482
3640.12 1060.34
3033.6 823.657
3134.58 939.012
3120.77 943.319
3147.64 949.274
3156.56 960.947
3250.78 988.831
3151.61 926.489
3454.17 1087.56
3401.53 1005.58
3471.85 1027.29
3898.08 1179.3
3224.96 930.127
3821.79 1061.31
3644.49 1020.35
3438.86 934.593
3366.35 856.632
3339.61 775.371
674.136 241.283
633.449 247.803
682.709 298.781
610.403 249.331
695.274 312.219
596.578 244.076
672.17 281.486
681.031 289.649
760.399 352.878
523.818 234.965
594.759 255.527
625.356 246.953
744.253 304.6
633.416 281.909
694.366 289.212
693.153 308.379
919.821 337.507
696.442 282.779
710.872 316.985
675.18 279.019
760.046 310.708
679.195 250.565
3083.83 893.029
3718.56 1122.15
2879.55 768.345
2682.83 785.126
3452.44 1077.45
3192.86 870.021
3529.67 1100.35
3545.18 1020.1
3591.76 1142.3
2793.84 859.887
3069.6 947.78
3346.61 995.755
3075.67 874.16
3771.99 1132.4
2761.98 767.267
3295.98 1057.4
2931.59 848.223
3066.24 903.767
3168.23 916.411
3075.9 854.62
3166.72 893.597
3728.48 1017.86
865.536 381.067
794.762 277.931
990.827 357.483
971.784 368.361
835.218 416.912
886.181 356.332
836.717 345.351
815.496 356.862
1000.53 478.553
887.25 361.415
931.98 429.368
835.011 403.804
677.503 266.525
737.619 278.792
899.83 402.624
915.684 413.529
917.747 348.171
887.901 402.2
915.685 409.137
881.862 367.609
913.915 360.213
1033.2 400.615
3884.25 1118.04
3500.55 964.236
4022.73 1155.42
3451.52 917.737
3908.3 1068.02
3600.23 1043.26
3581.14 1026.95
3593.6 1038.18
3566.64 1039.97
3579.02 1069.24
3862.54 1114.51
3486.31 1068.11
3528.17 1028.76
3248.02 943.533
3340.66 971.302
3787.02 1155.87
3687.6 1039.16
3793.74 1138.19
3646.31 1122.07
3293.75 841.936
4062.85 1159.43
3327.95 1028.79
1651.66 525.202
1687.69 552.382
2013.55 628.987
1813.58 561.011
1522.29 495.522
1879.87 581.509
1626.1 520.76
1692.78 523.129
1952.36 625.016
1709.04 581.29
1837.32 633.794
1749.86 579.276
1740.08 594.441
1802.4 600.395
1650.47 562.933
1568.43 537.043
1623.98 510.776
1515.32 470.307
1372.94 405.608
1554.92 476.102
1698.3 603.126
1339.94 437.041
2658.31 959.08
3168.33 918.493
3241.37 907.363
3012.9 852.123
3431.48 1061.36
3007.61 924.191
2897.56 928.077
3163.25 971.197
3301.71 1043.59
2796.43 862.644
3158.07 1015.41
3039.61 931.283
3108.19 906.68
3059.88 883.228
3207.29 939.315
3402.93 1026.83
2934.46 869.743
2981.18 913.745
3354.59 960.254
3194.7 927.942
3073.81 947.049
3181.96 1130.91
2653.78 986.189
2893.07 780.029
2858 829.643
3050.24 844.957
3035.63 885.823
3302.74 910.728
3078.08 862.617
3129.17 866.794
2897.7 899.967
3491.73 1045.58
3329.4 1032.27
2917.76 889.893
3103.65 885.123
2886.03 839.473
3093.45 915.845
4077.44 1173.72
2249.56 639.011
3839.44 1131.91
3824.44 1070.44
2674.92 718.166
3075.78 894.32
3731.55 1337.04
