3103.68 1033.33
3000.32 843.731
3050.3 898.663
2656.32 742.064
2492.78 760.904
3003.57 902.719
3148.1 891.101
2903.25 846.743
2823.36 836.729
2853.06 862.238
2548.88 717.358
2480.39 726.591
2653.84 799.327
2318.24 699.845
2914.32 884.281
2258.7 637.079
2714.36 764.588
3305.55 922.994
2742.42 755.69
2680.49 769.443
2972.04 846.017
3475.1 1189.28
2849.97 958.975
3366.26 922.161
2977.82 869.017
2825.33 735.887
2842.23 728.493
2872.99 840.248
2529.4 696.016
2935.13 877.173
2894.19 838.442
2764.63 860.786
2555.6 711.312
2405.27 753.84
2858.1 778.345
2993.39 909.292
2409.55 692.381
2614.71 716.896
2355.29 631.599
2674.13 772.49
2373.17 631.021
2311.82 637.816
2630.55 699.58
2729.77 914.754
3576.72 1036.95
3570.3 970.093
3617.86 1119.22
3060.65 827.877
4276.8 1363.25
3645.47 1073.37
3291.69 921.292
3597.85 1069.46
4130.55 1299.28
3125.42 859.019
3321.88 1055.01
3110.38 889.881
3675.05 1086.47
2947.37 804.223
3793.81 1171.28
2946.67 760.755
3697.91 1106.03
3226.78 887.705
3080.52 828.739
2966.78 821.762
2873.88 785.003
3380.25 1067.17
2060.1 658.216
1555.01 494.749
1263.11 418.05
1229.31 427.635
1561.08 587.794
1502.31 486.869
1519.04 514.499
2180.99 704.91
1565.04 489.438
1530.48 486.267
1616.89 498.187
1261.51 479.725
1530.08 529.085
1352.98 469.833
1436.96 490.853
1479.32 477.235
1342.1 453.297
1387.63 462.346
1247.28 457.316
1570.62 527.19
1475.67 509.562
1422.15 472.687
4102.06 1105.59
3073.2 748.918
3468.29 992.108
2926.98 793.573
3347.49 986.942
2765.13 740.855
3133.8 917.185
3054.49 856.449
3175.92 942.668
3474.49 1072.83
3690.04 1204.38
2636.05 739.728
2988.21 964.376
3125.53 994.841
3271.69 978.195
3364.2 979.747
3174.17 896.77
3093.42 835.274
3682.39 1046.56
3839.43 1018.73
2933.39 735.964
3632.94 983.55
789.044 290.04
867.22 333.703
841.006 326.329
777.663 386.431
861.656 336.723
746.749 333.131
727.78 318.676
741.734 302.012
775.604 330.653
861.173 390.876
811.336 340.723
902.741 368.59
892.438 373.014
1135.99 448.895
924.801 349.238
866.061 348.422
854.653 355.227
1031.35 406.397
829.467 325.623
842.478 351.251
909.889 335.762
870.531 376.786
3233.52 807.176
3140.71 799.679
3343.23 907.379
3354.25 930.538
3155.2 880.199
3368.02 991.881
3019.07 844.821
3444.11 972.619
2880.69 822.61
3833.74 1214.67
3452.66 974.187
3275.12 980.761
3390.13 968.814
3720.48 1058.82
3141.53 896.518
3142.69 861.424
3754.4 1099.29
2740.84 761.046
4016.4 1143.64
3658.59 1067.61
3349.17 859.348
3575.32 928.611
1623.88 521.987
1148.18 373.09
1177.69 420.566
837.44 305.764
757.881 299.586
872.896 308.822
738.741 306.089
786.84 294.029
740.1 311.488
707.919 277.333
818.857 302.105
801.933 370.061
996.862 408.791
602.357 252.649
1017.9 401.796
561.775 240.495
836.663 328.123
653.945 236.524
936.928 361.247
800.878 318.615
804.129 318.135
915.88 339.636
3466.72 788.351
3197.79 833.753
3966.02 1132.75
3828.69 1090.31
3627.45 1018.85
3680.04 1101.54
3080.03 810.134
3736.33 1155.32
3518.7 1006.57
3736.74 1136.36
3342.83 964.633
3503.96 1027.37
3734.88 1203.6
3817 1133.29
3784.49 1152.2
3859.8 1154.54
3502.68 993.364
3384.46 923.01
4397.63 1303.95
4128.59 1179.22
3056.92 801.522
3292.44 810.391
1052.23 381.017
946.478 346.096
995.959 414.822
830.832 357.859
924.412 413.402
892.38 345.421
884.689 356.21
1034.06 408.96
928.45 453.564
895.584 379.157
1030.24 441.548
842.614 345.045
869.928 435.217
1017.56 398.098
1004.27 398.877
953.486 405.098
996.267 374.384
964.595 387.818
889.35 395.459
886.532 316.477
983.606 365.262
1229.64 380.844
3372.92 903.183
3135.13 852.808
2774 794.267
3078.79 888.932
3211.34 1004.2
3292.27 1100.07
3179.63 967.046
3645.91 1204.96
3332.46 990.509
3610.56 1051.6
3527.54 1049.04
3882.95 1253.96
3167.21 902.086
4237.99 1350.15
2681.19 716.609
3550.29 1085.29
2976.55 881.18
3445.48 1049.89
3451.32 1017.28
3956.69 1058.14
3273.89 774.755
3248.8 740.524
1532.78 494.435
1115 329.017
757.854 294.219
813.152 342.491
827.333 327.143
658.912 247.047
791.054 287.434
1051.26 387.71
1456.72 480.48
1291.28 448.466
728.063 324.754
895.113 389.339
793.899 324.028
862.891 416.321
902.128 331.017
870.299 381.234
602.085 236.241
864.59 355.668
817.657 310.457
974.335 393.421
979.387 388.031
972.562 306.9
4543.72 1011.41
3770.34 889.639
5088.93 1327.53
4236.1 1168.67
4073.35 1216.87
4022.68 1104.6
3970.45 1243.51
3114.82 941.044
3357.86 1024.25
3896.28 1169.21
3830.02 1123.83
3682.3 1038.34
4266.38 1304.79
3362.23 964.308
4024.79 1216.48
4061.2 1140.95
4130.4 1236.37
3817.56 1083.95
4054.98 1153.24
3742.89 1168.42
3759.77 932.002
3755.23 921.209
1192.63 395.741
1100.89 377.355
1106.06 413.724
1059.96 394.881
757.42 301.457
1105.47 402.031
840.341 379.965
964.743 359.212
982.313 389.973
958.22 372.835
863.234 355.234
878.32 354.741
936.521 373.581
1008.81 405.42
984.869 381.533
971.415 357.615
1173.21 499.615
860.576 346.344
849.871 335.739
899.074 367.532
941.825 306.918
1058.78 317.548
3221.65 747.311
3193.59 746.346
3051.62 906.433
2907.21 825.169
2859.95 811.523
3154.97 991.904
2997.2 893.864
3012.05 905.936
3131.5 907.248
3304.42 1009.09
3163.69 943.819
3491.1 1155.93
3052.51 871.394
3427.46 986.148
3553.93 978.46
3869.97 1116.17
3117.75 912.689
2661.81 745.704
3013.41 851.197
3192.26 840.872
3389.64 841.596
3219.15 719.635
949.715 295.785
745.592 231.122
889.989 305.105
601.686 245.894
587.451 247.511
1231.27 434.916
593.749 251.583
710.227 314.66
611.8 265.278
682.91 313.961
869.888 339.757
696.008 292.065
577.835 245.273
772.618 357.247
767.33 305.168
786.094 311.366
625.91 293.158
1110.98 421.546
586.247 231.197
601.097 244.436
723.835 246.612
899.792 333.055
3204.8 689.239
3400.48 770.997
3295.85 869.425
3188.18 864.254
3641.76 1092.7
3135.94 925.869
3379.97 957.333
3140.59 907.942
2818.54 809.399
3612.91 1062.51
3756.32 1118.65
2943.95 811.164
2598.23 768.529
2873.3 847.76
3040.66 896.512
3013.99 840.544
3359.8 985.768
3287.89 867.613
3368 855.231
3854.87 1070.84
3195.96 782.434
3642.39 757.595
919.553 283.897
938.868 303.312
824.307 302.526
867 316.588
1041.26 348.616
952.486 313.407
841.469 314.504
959.461 375.363
755.03 268.785
692.654 280.173
666.165 268.132
968.214 367.189
895.792 326.044
838.204 327.393
929.421 348.862
874.613 355.282
804.067 288.143
984.858 332.255
1011.04 342.783
997.601 365.724
815.789 240.662
933.35 277.929
4551.08 1206.95
3937.43 1070.24
4185.1 1240.16
4383.13 1299.4
4437.89 1383.57
4093.39 1269.9
4266.19 1366.84
3780.07 1207.13
3761.99 1244.62
3998.88 1310.64
4402.05 1338.97
3745.51 1077.14
4371 1487.06
4083.85 1329.93
4006.99 1228.02
3788.32 1183.78
4202.42 1332.82
4138.03 1290.66
3921.83 1315.26
4221.09 1192.55
4452.35 1087.63
4748.81 1232.31
850.056 327.868
1237.64 439.583
1049.23 369.189
1195.21 432.97
907.025 343.944
879.826 350.355
792.554 324.255
1131.13 501.677
826.327 369.364
1096.69 464.679
881.567 360.764
934.065 380.677
1212.55 514.538
1431.93 533.038
930.106 390.306
1099.32 443.602
920.841 380.87
1239.38 480.687
1151.94 411.197
964.52 411.468
1040.4 372.593
1067.7 408.106
3524.27 829.159
4048.66 978.936
3916.52 1004.59
3377.27 882.335
4223.34 1218.58
3354.93 888.529
3537.99 1058.18
3509.83 1067.51
3556.51 1047.27
3556.03 1054.95
3644.51 1100.88
3515.66 1011.86
3913.8 1192.58
3798.68 1077.37
3802.35 1114.06
4317.73 1282.88
3622.86 1036.59
4235.18 1120.09
4064.58 1116.46
3878.14 1055.38
3713 935.583
3770.51 903.069
780.025 293.589
693.213 271.656
779.301 331.786
692.905 261.767
768.978 341.569
665.559 258.788
754.939 304.229
762.297 309.95
861.123 347.886
624.398 276.419
678.484 286.896
698.784 262.007
826.799 332.752
724.793 296.251
757.581 300.376
812.11 350.178
1017.65 375.7
780.774 304.273
805.55 334.151
758.343 306.954
867.692 318.386
773.397 295.734
3511.77 1172.3
4081.43 1190.44
3203.93 826.671
3024.28 861.59
3907.34 1184.37
3588.59 968.371
3922.98 1241.67
3966.26 1175.5
4002.31 1239.56
3124.25 943.432
3401.1 1019.22
3730.72 1115.17
3415.61 1008.22
4309.91 1324.64
3097.37 858.821
3759.44 1180.32
3300.57 937.406
3547.79 1028.07
3566.16 1015.92
3475.58 967.267
3588.05 989.216
4324.1 1193
950.536 358.017
859.308 302.201
1034.78 356.863
1044.21 390.928
932.902 426.372
993.031 383.915
949.467 370.486
931.523 418.482
1077.8 488.249
965.624 387.896
1000.98 454.539
963.026 414.671
748.091 275.791
847.858 317.321
1053.82 414.736
1013.27 432.406
1037.37 383.835
1027.62 416.536
1065.89 462.327
1025.81 389.987
1036.27 420.876
1172.37 470.911
4872.87 1460.95
3836.89 1027.6
4622.95 1296.76
3972.63 1069.51
4333.02 1158.48
4087.68 1183.7
4070.79 1159.3
4049.99 1142.22
4113.95 1210.05
3878.84 1161.48
4275.85 1222.22
3902.02 1135.14
3946.44 1163.66
3702 1067.48
3813.29 1087.48
4314.16 1281.11
4029.32 1087.58
4400.12 1290.91
4175.58 1202.36
3696.61 971.517
4495.61 1259.83
3869.05 1171.1
1908.82 587.357
1894.65 560.97
2192.15 655.302
2060.57 598.978
1695.72 537.617
2082.7 623.915
1838.69 596.055
1904.53 570.212
2131.82 653.159
2012.55 657.118
2092.22 680.067
1977.31 638.412
1965.73 664.691
1994.35 646.186
1812.05 577.509
1813.17 621.693
1851.13 559.895
1752.46 534.923
1550.91 459.653
1716.57 477.923
1993.53 680.211
1513.28 463.425
2966.76 1036.1
3504.96 998.978
3650.46 1003.59
3347.42 908.573
3904.07 1158.81
3436.38 1066.5
3235.13 979.481
3547.64 1059.33
3653.75 1101.06
3160.32 932.383
3542.33 1080.27
3411.38 1023.54
3511.11 1020.55
3478.79 1015.72
3625.77 1030.25
3848.54 1141.34
3264.19 938.003
3401.57 959.114
3818.04 1081.55
3575.85 1003.71
3526.31 1018.67
3647.87 1259.23
2995.63 1047.26
3214.17 865.343
3259.17 906.594
3525.79 947.728
3402.6 978.375
3750.25 1027.75
3427.47 944.877
3517.46 956.025
3333.74 1013.44
3994.14 1176.76
3743.53 1142.22
3237.04 945.979
3603.69 1028.12
3230.1 916.484
3513.1 1005.98
4667.42 1310.45
2540.86 705.214
4355.26 1254.53
4526.37 1257.66
3000.75 825.973
3491.34 1009.5
4369.66 1493.87
