3320.95 1152.93
3209.03 880.461
3314.11 988.026
2837.16 773.498
2700.82 834.502
3242.25 1009.16
3350.83 955.967
3110.99 890.761
3046.94 852.319
3054.02 905.668
2711.52 780.96
2599.98 760.615
2812.28 823.144
2530.33 753.057
3139 977.416
2402.81 668.6
2906.4 815.581
3531.69 996.614
2894.93 746.209
2907.93 829.01
3255.98 901.76
3807.57 1265.28
3005.46 1003.91
3663.91 1002.76
3194.04 941.189
3064.91 789.688
3053.39 797.906
3050.33 865.068
2692.66 731.703
3187.42 935.382
3081.28 886.581
2956.4 914.627
2753.11 770.963
2611.19 840.395
2995.98 773.226
3178.35 945.922
2645.74 779.565
2841.47 768.213
2494.21 642.809
2902 846.231
2547.57 671.52
2506.39 711.28
2794.34 746.035
2936.66 985.675
3853.34 1148.72
3784.66 1008.05
3833.13 1172.06
3234.18 847.489
4554.69 1368.67
3901.95 1114.07
3476.62 921.04
3803.64 1088.91
4447.72 1389.45
3316.33 886.529
3575.29 1164.91
3316.51 940.342
3952.82 1149.85
3148.22 895.14
3931.04 1183.53
3106.62 788.384
3978.23 1202.63
3456.99 956.609
3296.39 892.225
3101.01 834.235
3060.91 863.086
3593.8 1062.13
2352.95 850.791
1621.82 531.922
1318.37 445.091
1309.19 440.205
1628.71 586.097
1608.39 490.166
1576.19 513.147
2250.88 710.152
1621.19 527.412
1699.95 529.118
1697.63 540.144
1362 481.003
1634.69 575.657
1422.8 471.762
1506.16 539.388
1584.26 504.726
1455.1 495.433
1498.25 455.589
1344.74 464.877
1688.08 533.499
1564.94 524.554
1450.47 494.645
4390.26 1087.33
3268.95 821.247
3751.57 1092.29
3088.15 807.96
3527.23 1013.71
2964.38 796.852
3382.83 1017.11
3305.19 945.607
3306.41 968.115
3675.76 1101.98
4023.2 1310.14
2796.07 805.751
3196.05 996.649
3327.58 1009.73
3595.69 1100.83
3618.61 1087.55
3377.66 926.745
3268.92 879.703
3946.02 1110.81
4032.51 1059.92
3105.1 794.741
3881.21 927.221
922.345 437.566
914.975 359.343
941.419 445.759
822.029 424.255
914.558 355.599
794.932 356.426
789.558 323.271
801.108 327.273
827.545 378.883
926.297 400.914
877.931 384.424
963.204 372.266
964.286 399.287
1221.27 458.572
970.572 383.458
920.54 375.799
905.797 366.661
1103.92 419.324
887.416 358.153
872.542 331.061
961.426 328.992
969.909 662.772
3353.49 806.828
3344.37 874.886
3556.21 969.136
3554.07 971.953
3349.92 903.752
3565.36 1073.42
3179.07 859.966
3665.06 1041.58
3076.79 860.866
4097.97 1264.7
3741.08 1099.02
3514.37 1111.93
3595.76 978.729
3928.81 1117.16
3373.99 970.037
3372.13 945.887
4020.37 1201.67
2920.29 754.399
4226.51 1147.79
3961.82 1159.74
3623.48 943.586
3832.7 1005.77
1669.28 463.757
1198.35 446.651
1183.93 387.362
913.451 334.425
815.645 323.892
905.209 328.898
795.19 316.378
846.512 300.318
795.791 351.136
750.82 289.047
888.365 325.894
872.477 367.606
1078.7 432.867
648.146 260.613
1091.49 414.75
588.866 252.402
909.954 327.598
717.755 267.385
986.137 369.537
835.454 318.344
860.494 335.505
968.066 327.981
3679.49 763.75
3410.7 830.197
4218.79 1215.11
4108.17 1185.3
3883.51 1152.05
3879.36 1164.16
3289.76 864.633
4053 1261.36
3779.12 1094.55
3963.49 1148.86
3527.1 1024.34
3738.99 1132.99
4005.66 1295.43
4095.79 1221.19
4013.03 1226.46
4162.43 1258.32
3710.59 1055.72
3577.17 965.72
4663.22 1347.02
4331.88 1250.36
3205.66 855.433
2565.8 3884.98
1080.47 401.056
998.471 360.045
1053.93 450.355
920.41 397.059
1005.69 439.932
962.407 381.115
946.521 377.72
1104.03 425.373
995.317 392.17
953.649 424.244
1125.81 510.937
903.524 387.752
951.242 480.592
1083.44 447.374
1039.03 391.36
1018.18 416.45
1048.9 402.633
1027.06 409.3
959.504 454.215
924.856 340.868
1155.84 589.589
1451.95 669.65
3567.98 802.656
3392.26 924.907
2822.37 777.397
3288.31 957.291
3425.68 1048.21
3527.67 1114.28
3416.61 1023.57
3895.66 1262.76
3484.07 1023.08
3947.77 1237.14
3775.34 1154.64
4080.16 1313.33
3376.44 926.728
4483.67 1451.26
2873.55 765.221
3902.47 1260.61
3159.43 918.533
3663.94 1061.92
3698.92 1050.12
4183.04 1106.33
3489.33 813.345
3396.82 655.361
1565.33 266.454
1159.63 356.071
793.953 311.729
877.718 315.242
872.136 356.505
709.246 268.964
832.235 293.916
1100.63 385.865
1492.04 486.891
1341.29 465.563
763.611 350.266
896.359 378.932
795.458 330.698
903.405 401.433
931.107 321.363
947.705 397.824
639.691 235.182
938.682 349.743
881.328 345.88
1073.47 406.334
1045.77 401.572
1016.02 306.333
4933.98 1139.88
4023.81 903.177
5454.84 1458.36
4439.92 1224.07
4434.27 1326.97
4268.64 1149.13
4178.53 1305.75
3354.04 1008.52
3546.34 1090.39
4161.07 1194.11
4083.25 1216.69
3904.79 1089.8
4520.63 1375.4
3611.77 1084.93
4177.95 1259.67
4290.33 1152.63
4361.89 1277.85
4074.26 1133.71
4290.42 1197.27
4012.52 1274.79
3960.38 929.262
3850.11 937.229
1264 440.417
1192.89 369.481
1179.7 433.669
1137.54 421.372
811.499 313.008
1180.36 410.825
887.872 418.747
1032.79 362.661
1050.38 413.167
1022.24 390.248
920.23 372.8
938.514 350.336
1007.39 473.691
1081.87 447.543
1071.29 429.998
1029.11 365.269
1226.82 495.962
939.595 357.663
934.237 400.912
971.686 407.548
1009.54 298.555
1272.84 572.96
3441.91 745.573
3409.06 831.48
3307.86 967.568
3121.59 950.109
3064.22 855.605
3306.93 990.917
3278.01 1002.97
3225.77 961.381
3330.1 983.392
3539.73 1135.88
3347.86 1005.02
3730.37 1188.18
3229.26 932.526
3598.79 1036.41
3799.63 1070.54
4092.22 1182.05
3299.64 936.918
2809.34 790.211
3206.67 909.386
3404.43 893.22
3562.47 848.662
3151.3 3743.14
962.861 291.002
778.015 228.408
913.122 338.296
624.744 257.202
595.831 249.074
1249.78 433.527
619.024 261.876
750.008 317.385
656.179 279.461
704.75 319.296
907.379 370.672
714.343 263.909
636.789 258.577
847.25 348.819
827.011 317.384
829.357 325.175
686.523 300.79
1151.28 440.812
638.407 248.148
655.945 248.412
804.53 272.776
904.495 315.123
3321.7 645.089
3591.57 858.612
3533.41 940.201
3361.41 856.097
3831.93 1114.94
3352.89 1005.85
3542.98 961.968
3323.5 990.019
2987.3 871.88
3979.29 1205.61
3999.4 1206.61
3080.29 863.835
2764.92 799.674
3025.97 854.354
3219.87 920.202
3178.91 879.032
3549.98 1005.7
3486.32 932.882
3545.81 884.839
4093.07 1080.88
2322.23 1278.79
3864.77 793.076
701.575 63.3359
986.79 311.455
881.194 318.462
909.732 311.516
1102.8 372.962
1018.91 336.134
907.655 363.414
988.407 386.7
772.52 262.352
738.708 289.61
716.922 291.675
1042.37 404.258
951.826 329.54
888.328 332.614
978.255 368.437
965.212 395.871
865.247 311.603
1062.65 359.111
1086.68 371.295
1072.66 406.789
873.803 265.611
973.669 293.546
4720.82 1137.99
4092.48 1058.27
4477.6 1264.87
4751.71 1456.16
4685.85 1410.03
4300.06 1293.71
4618.77 1531.62
4027.72 1270.4
3995.64 1298.99
4263.22 1414.35
4693.73 1454.37
3899.93 1088.68
4670.22 1592.03
4357.92 1412.84
4189.39 1260.55
4056.9 1310.17
4460.23 1396.31
4388.23 1294.4
4102.7 1399.24
4406.74 1249.3
4739.96 1194.82
5005.54 1977.85
838.282 250.224
1276.31 467.615
1098.17 403.927
1194.21 416.996
945.672 356.162
1052.01 488.874
855.984 340.565
1153.62 553.033
883.803 352.939
1118.92 524.59
934.101 389.055
994.926 381.245
1307.55 545.262
1482.71 573.218
1020.95 434.435
1176.53 493.647
973.483 378.378
1274.77 478.192
1185.91 446.304
1037.48 442.909
1114.36 401.472
1201.57 469.285
3737.77 804.081
4295.44 1052.79
4128.15 1089.74
3596.07 943.602
4456.2 1225.82
3511.58 924.184
3761.57 1113.4
3727 1112.96
3758.7 1121.03
3782.04 1107.48
3816.12 1118.37
3660.14 1012.4
4153.85 1243.51
4040.97 1154.74
3988.11 1130.73
4597.96 1376.74
3833.1 1094.64
4556.17 1254.8
4282.22 1193.24
4059.78 1129.48
3859 951.968
2604.5 1995.96
841.945 293.13
750.721 304.02
826.195 341.776
733.99 280.631
817.242 323.418
707.214 289.425
806.034 322.781
814.712 322.156
899.662 385.284
670.175 265.211
724.972 304.208
738.366 280.633
867.895 344.189
800.426 313.204
801.655 296.207
888.622 355.68
1073.1 385.228
823.503 303.799
870.612 336.919
804.968 337.71
923.844 369.471
821.056 317.758
3635.56 1133.66
4339.5 1282.22
3416.59 906.612
3223.71 907.151
4094.61 1213.41
3754.8 969.753
4142.9 1250.76
4189.96 1203.11
4205.92 1289.8
3357.54 1054.29
3587.58 1110.37
3922.12 1170.48
3545.62 1006.23
4629.17 1413.41
3292.75 888.684
4070.91 1336.23
3483.76 951.977
3792.4 1140.18
3752.72 1058.47
3648.64 946.943
3846.79 1120.92
4830.75 1428.34
1043.75 421.202
890.481 305.014
1064.35 344.933
1076.91 364.714
980.39 500.162
1073.66 444.253
1028.51 381.139
1009.89 449.01
1117.17 499.501
1000.76 378.156
1002.41 446.794
1039.26 460.283
786.532 285.758
898.766 329.157
1124.74 446.18
1103.07 495.111
1106.71 404.3
1080.65 428.745
1131.7 435.97
1081.23 389.305
1102.12 442.974
1275.88 439.005
4632.33 1203.28
4018.64 1015.55
4868.31 1352.61
4237.39 1061.87
4596.41 1204.81
4292.17 1177.82
4354.46 1222.37
4207.65 1193.93
4366.33 1239.11
4012.62 1207.48
4517.22 1313.91
4092.93 1189.45
4103.62 1179.98
3962.4 1180.86
4042.36 1157.38
4565.6 1299.87
4173.14 1100.38
4667.86 1363.04
4420.86 1258.9
3942.35 1071.71
4671.89 1289.31
4168.1 1258.21
2025.45 648.626
2026.69 619.059
2329.95 726.67
2290.62 739.94
1787.47 547.536
2202.77 627.879
1953.59 616.745
2034.81 621.086
2231.07 659.629
2109.66 637.715
2284.43 742.93
2313.97 861.781
2059.85 666.786
2143.36 672.531
1875.86 598.333
1971.26 657.798
1954.3 598.875
1856.68 582.619
1640.11 488.712
1826.09 525.161
2131.45 692.226
1643.7 505.652
3199.83 1076.59
3713 1120.77
3823.88 1118.11
3539.55 965.762
4190.28 1249.33
3597.02 1052.39
3382.26 1000.47
3671.3 1057.57
3823.42 1151.78
3354.63 997.797
3714.36 1141.01
3582.46 1074.79
3651 1023.17
3642.12 1056.48
3811.14 1069.05
4008.87 1150.84
3416.2 988.348
3626.11 1079.75
4019.58 1120.25
3748.66 1006.41
3648.1 1054.97
3896.29 1362.35
3157.57 1114.8
3402.37 890.618
3437.15 919.834
3741.89 983.354
3549.41 1032.44
3937.99 1055.79
3594.88 997.467
3665.94 973.349
3543.4 1081.57
4221.4 1214.63
3929.05 1169.47
3426.33 968.681
3809.29 1063.24
3436.11 976.36
3705.17 1057.42
4920.04 1354.02
2705.15 783.208
4566.6 1316.44
4764.81 1275.6
3197.83 831.001
3645.14 1044.67
4499.78 1541.74
