2018.13 424.633
2932.06 840.616
3012.34 861.378
2684.24 789.597
2455.61 771.783
2983.8 904.624
3164.72 911.203
2851.52 861.329
2797.75 823.513
2814.07 864.537
2479.8 683.921
2469.21 756.477
2636.02 837.496
2275.58 687.859
2855.45 834.669
2229.3 643.031
2652.65 742.984
3257.22 893.273
2674.56 706.823
2614.05 728.004
2871.59 802.146
3516.44 1218
2790.2 901.458
3302.74 906.415
2982.02 852.998
2837.96 774.292
2788.45 752.091
2871.82 833.954
2529.23 732.504
2873.2 857.648
2869.73 825.531
2707.97 840.123
2540.57 695.302
2372.21 707.763
2823.75 763.912
2964.16 872.682
2375.3 664.718
2572.94 707.313
2345.69 625.459
2656.97 736.188
2357.24 644.268
2285.82 615.293
2630.65 742.367
2709.86 877.298
3513.33 954.211
3558.51 947.76
3608.31 1110.98
3013.05 789.411
4277.7 1328.67
3605.76 1076.87
3246.5 928.145
3600.83 1085.54
4119.55 1303.37
3069.11 830.803
3283.06 1022.34
3111.52 923.873
3698.68 1124.47
2912.41 793.227
3705.78 1104.34
2939 771.248
3618.06 1033.78
3193.34 922.996
3041.99 803.151
2964.82 855.754
2889 772.324
3252.81 1029.16
2089.77 748.072
1548.22 500.062
1272 430.311
1220.37 441.033
1550.72 541.231
1476.84 500.171
1548.12 539.04
2198.39 745.501
1582.46 483.306
1505.02 473.891
1617.82 506.157
1249.67 473.329
1517.73 535.141
1316.12 462.527
1474.49 539.944
1453.78 506.624
1338.99 460.02
1372.08 452.234
1214.68 467.707
1537.64 546.875
1447.92 489.871
1450.63 471.113
3952.63 956.614
3072.76 739.429
3446.61 1020.27
2861.91 740.856
3478.31 1219.06
2727.85 725.878
3091.05 920.343
3019.23 841.537
3186.91 962.874
3518.07 1121.68
3599.18 1177.17
2598.82 718.952
2947.75 1004.06
3116.85 1003.57
3192.9 954.534
3358.97 1021.29
3134.18 886.773
3046.14 832.397
3631.94 1028.25
3819.67 926.387
2903.49 724.874
3487.68 778.973
798.229 286.624
855.252 361.264
828.534 324.286
755.079 350.493
844.274 316.344
742.476 337.847
726.099 314.475
731.031 318.541
777.466 317.485
855.676 417.725
805.379 335.002
898.162 381.912
885.782 377.009
1122.33 431.437
926.256 344.891
848.409 357.075
839.726 347.741
1038.68 426.773
823.971 311.366
850.116 382.79
915.626 360.899
880.309 313.311
3056.67 656.338
3123.56 762.622
3402.84 970.863
3305.94 882.175
3085 821.601
3320.96 1002.24
2950.81 853.068
3419.33 967.711
2907.64 872.083
3822.83 1227.94
3428.16 979.513
3249.83 1020.43
3431.28 985.281
3729.11 1068.67
3095.03 879.629
3121.31 852.662
3742.12 1101.36
2715.62 729.302
3967.83 1169.85
3661.6 1106.06
3306.91 855.371
3394.6 655.406
1562.79 343.946
1150.78 353.379
1160.55 380.964
813.886 297.344
755.607 305.862
874.51 318.986
725.998 319.109
769.008 309.084
725.026 325.316
688.994 267.008
798.46 307.256
780.112 339.961
997.937 446.727
603.922 253.562
1007.17 399.374
573.107 257.073
830.872 342.569
649.947 237.244
912.488 334.998
807.453 341.612
811.317 309.143
990.377 401.055
3357.27 651.35
3121.4 715.712
3927.32 1109.79
3826.34 1104.9
3542.28 993.984
3646.07 1077.58
3063.7 820.313
3690.26 1145.26
3455.9 1010.07
3714.92 1175.52
3248.53 908.137
3450.45 1038.5
3645.81 1220.05
3811.65 1165.62
3784.88 1127.19
3845.72 1167.18
3416.18 951.669
3319.42 870.625
4382.28 1342.94
4008.85 1098.78
2993.54 797.277
3150.1 684.156
978.294 332.366
928.23 361.804
982.576 434.148
798.459 328.818
895.365 517.953
881.679 353.869
877.931 331.542
1025.44 410.693
924.921 456.276
895.517 373.98
984.53 437.587
821.975 331.736
857.305 439.361
1003.12 415.812
1013.94 443.229
935.405 427.294
999.26 384.67
970.528 411.279
859.764 464.183
873.539 317.468
994.106 364.2
1194.49 278.446
3161.98 590.359
3134.98 857.701
2814.8 817.657
3088.58 903.386
3138.65 938.122
3294.59 1171.39
3178.3 977.781
3610.86 1155.54
3276.62 954.875
3566.73 1062.06
3519.17 1044.77
3934.09 1361.78
3163.73 866.41
4177.49 1301.59
2637.96 722.463
3537.12 1102.75
2931.64 880.534
3434.8 1081.16
3439.75 1044.52
3944.13 984.048
3282.56 703.699
3110.62 607.874
1494.16 411.119
1145.51 355.256
757.556 312.356
799.43 340.898
824.705 308.033
650.407 246.536
788.873 289.804
1037.28 386.115
1433.33 474.219
1303.84 466.847
725.748 316.296
867.521 370.988
784.495 323.587
867.823 431.616
903.596 353.781
850.355 378.369
590.002 228.984
832.211 339.153
796.979 327.338
965.548 428.898
1010.68 431.244
927.241 261.887
4327.6 819.328
3670.39 813.478
4875.24 1160.04
4195.8 1091.93
4154.5 1236.31
3993.04 1068.85
3928.53 1294.61
3067.13 889.305
3336.61 1034.9
3834.33 1129.25
3836.4 1115.4
3659.04 1015.42
4152.13 1285.58
3342.84 1004.73
3995.08 1196.85
4016.74 1121.54
4101.8 1271.87
3817.96 1101.13
3998.1 1102
3655.91 1116.09
3730.81 861.286
3637.27 919.359
1195.09 298.98
1064.52 391.382
1136.36 438.084
1040.02 408.233
734.407 303.39
1102.02 394.034
843.919 398.191
945.507 329.061
971.953 404.578
977.027 399.717
870.1 373.237
869.825 295.893
929.847 416.508
979.209 394.278
979.992 382.929
968.641 365.341
1157.45 486.259
860.117 353.296
872.405 361.92
893.917 320.952
926.423 301.541
978.018 245.846
3097.51 708.529
3141.77 744.218
2972.67 802.177
2894.72 828.327
2818.79 812.694
3146.38 959.298
2995.5 883.64
2980.61 877.218
3117.93 941.81
3336.42 1035.06
3133.96 952.65
3475.91 1196.4
3031.15 871.648
3435.56 999.378
3516.7 908.375
3803.19 1044.24
3067.72 929.449
2693.01 794.245
2994.59 846.63
3162.47 815.102
3342.26 830.174
3131.84 601.199
862.936 241.237
753.832 223.232
887.326 273.703
593.749 252.282
588.616 278.937
1258.01 451.932
601.455 254.118
687.021 328.13
605.541 252.155
681.955 294.499
884.219 352.221
707.861 312.538
565.846 245.895
798.749 406.932
777.321 321.437
758.791 322.269
606.273 310.477
1108.03 420.135
581.41 231.524
585.044 238.633
725.142 288.001
841.844 166.902
3062 450.371
3347.39 782.562
3232.05 843.44
3170.1 833.18
3596.04 1062.36
3166.54 952.162
3372.7 982.307
3127.56 930.168
2719.22 743.89
3615.36 1134.62
3726.34 1066.93
2930.25 832.982
2612.3 794.821
2851.94 867.417
3006.36 891.535
2991.95 834.18
3310.33 999.781
3240.4 849.167
3306.04 835.229
3804.8 1008.13
3102.09 731.691
3569.63 664.37
1032.35 299.68
924.134 309.561
816.346 310.51
865.054 331.189
1031.29 339.723
942.503 313.704
840.093 325.544
976.323 400.354
745.14 290.596
671.436 262.181
663.853 271.023
959.901 357.706
912.216 373.612
842.5 332.865
925.376 360.615
858.427 324.814
789.494 281.85
965.512 325.516
986.224 348.722
1009.63 382.803
797.054 263.664
897.771 217.88
4305.9 935.952
3875.27 1019.8
4197.85 1264.22
4332.16 1227.72
4545.99 1412.13
4084.09 1273.42
4256.37 1378.79
3746.58 1095.98
3762.31 1239.04
3934.58 1217.58
4288.52 1227.43
3789.04 1125.57
4348.72 1575.16
3991.08 1243.44
4006.71 1262.05
3795.1 1151.37
4155.64 1259.46
4079.24 1221.61
3951.42 1364.5
4247.86 1162.13
4425.12 1020.04
4701.82 1160.33
836.241 298.613
1213.26 467.863
1062.92 370.157
1192.33 413.964
931.191 372.579
860.475 377.534
802.98 362.405
1122.54 459.199
817.845 345.834
1090.03 468.607
875.439 370.644
945.781 400.352
1207.96 476.932
1400.9 528.462
918.636 417.789
1084.53 437.243
927.802 418.944
1236.57 516.635
1142.95 411.824
986.29 478.365
1055.1 342.264
913.917 952.905
3422.14 653.116
4080.94 848.277
3931.27 1032.75
3356.81 904.211
4219.01 1221.36
3340.2 894.322
3522.83 1060.55
3480.55 1089.76
3539.4 1074.6
3537.62 1114.71
3600.31 1084.11
3493.8 1006.32
3908.16 1164.1
3739.38 1009.08
3849.44 1164.91
4237.79 1277.28
3591.14 1039.64
4146.99 1061.2
4008.14 1070.42
3860.82 1034.79
3739.59 950.294
3663.53 817.748
874.636 350.157
686.596 269.32
763.345 317.982
671.64 273.964
759.792 335.308
650.926 240.748
745.676 298.547
748.08 300.865
861.805 368.845
609.291 269.165
656.242 285.333
676.444 262.75
839.848 342.257
706.24 288.045
760.426 312.106
802.294 356.365
1039.77 405.733
789.044 317.706
803.064 297.814
783.541 345.343
869.634 335.38
776.914 314.908
3356.44 967.374
3975.21 1115.39
3208.24 844.84
3016.09 847.594
3857.55 1163.76
3551.86 917.018
3854.61 1202.85
3926.37 1145.45
4023.59 1332.77
3128.9 992.679
3394.96 1012.58
3739.37 1137.32
3416.72 1013.88
4288.74 1369.19
3364.49 1111.62
3769.42 1194.06
3290.03 940.776
3458.9 974.704
3522.23 1035.99
3430.75 929.169
3570.11 971.6
4499.1 1227.52
946.772 340.574
830.074 300.777
1012.06 344.376
1071.79 378.87
926.055 374.278
966.016 400.431
935.614 386.426
913.878 442.77
1063.01 514.284
962.458 397.017
1009.32 409.783
957.67 400.308
737.788 286.328
845.583 322.402
1085.72 523.384
1036.34 469.001
1014.17 356.578
1022.02 430.947
1081.74 496.869
1028.35 414.422
1032.38 390.853
1176.88 463.153
4406.15 1132.55
3827.4 1002.22
4678.33 1404.08
3917.21 1007.8
4316.02 1151.77
4102.61 1239.74
4020.17 1117.85
4003.02 1088.68
4073.43 1193.2
3854.38 1224.51
4228.13 1237.67
3880.01 1133.27
3967.55 1222.79
3669.19 1072.21
3793.55 1088.08
4296.17 1254.95
4037.52 1117.97
4279.9 1153.25
4193.89 1237.89
3695.32 937.317
4379.08 1195.53
3879.45 1122.52
1917.09 597.832
1909.3 569.887
2203.42 665.875
2064.67 626.229
1689.36 536.501
2082.21 627.46
1822.94 572
1860.01 513.524
2076.84 584.131
1969.81 624.663
2096.78 716.697
1965.32 647.322
1967.59 692.444
2016.64 634.779
1773.08 544.485
1794.55 588.982
1841.66 568.597
1735.67 503.827
1548.98 464.203
1706.26 484.118
1984.7 671.87
1494.19 425.766
2982.9 1062.11
3513.39 980.877
3616.24 973.266
3330.73 885.417
3936 1184.61
3398.79 1073.17
3275.02 1033.71
3527.31 1039.62
3727.85 1187.72
3203.61 1058.66
3516.22 1082.14
3413.43 1024.75
3466.09 1010.18
3488.75 1061.81
3605.31 1033.82
3780.87 1082.77
3245.44 894.452
3372.18 970.895
3737.67 1039.06
3537.69 1033.02
3493.67 996.962
3676.92 1192.46
2958.03 1059.9
3225.99 865.717
3228.32 898.378
3450.24 927.991
3379.49 1049.32
3679.3 938.363
3417.96 907.753
3468.04 918.218
3308.65 1070.31
3974.87 1191.68
3696.92 1138.51
3214.59 943.351
3549.46 1045.43
3219.59 914.331
3466.12 962.549
4695.46 1303.4
2548.44 731.088
4300.09 1220.52
4513.22 1254.15
2989.9 806.166
3444.58 978.521
4232.96 1393.71
