3062.11 1067.41
3006.13 853.113
2963.44 926.413
2595.22 797.647
2507.64 816.871
2953.71 842.967
3094.03 924.519
2855.09 843.408
2800.12 794.977
2822.62 848.069
2544.06 774.564
2492.11 776.794
2546.94 797.663
2293.43 726.283
2840.41 899.337
2212.22 637.444
2680.46 772.242
3290.57 989.562
2659.88 724.024
2593.15 746.203
2869.07 817.167
3423.29 1111.9
2816.22 933.138
3335.54 950.873
2949.01 848.078
2741.42 707.811
2808.33 715.45
2867.55 845.225
2505.06 717.167
2951.25 887.667
2892.02 820.284
2685.06 826.98
2495 729.536
2361.4 772.732
2806.1 771.205
2974.4 923.147
2344.7 718.55
2512.37 696.838
2307.11 660.698
2609.07 749.945
2345.34 630.577
2259.62 590.563
2569.1 669.229
2750.73 983.732
3573.83 919.174
3490.92 898.259
3486.2 988.989
2970.55 732.823
4226 1316.1
3593.67 1019.19
3215.49 898.051
3619.11 1074.01
4057.69 1280.69
3110.26 867.907
3274.68 1042.97
3092.05 951.002
3605.89 1034.2
2899.04 813.114
3768.06 1196.46
2862.14 729.383
3670.77 1052.14
3234.02 976.953
3060.57 784.971
2916.84 729.2
2813.65 775.988
3257.97 1041.18
2103.27 612.387
1505.92 503.398
1238.71 433.347
1205.24 445.305
1538 574.924
1494.29 476.844
1511.2 523.516
2159.22 634.345
1577.19 501.199
1519.45 518.665
1607.92 514.594
1260.87 525.415
1520.99 544.062
1305.92 401.266
1439.59 532.186
1471.1 556.029
1296.4 415.826
1348.33 434.759
1266.93 467.235
1550.63 452.547
1426.68 470.802
1453.01 500.447
4055.45 943.765
3022.23 791.215
3423.12 991.576
2884.78 825.871
3266.66 879.483
2707.35 748.654
3062.03 904.371
2973.84 845.325
3117.93 893.304
3421.84 1049.3
3608.74 1174.4
2625.35 753.382
2938.36 942.775
3084.24 969.791
3180.49 925.754
3368.07 1023.09
3195.12 944.798
3062.57 822.966
3611.41 1027.6
3787.87 999.889
2850.44 704.687
3482.77 801.835
764.35 374.879
874.865 377.912
877.739 368.218
798.136 366.089
850.597 346.873
725.194 289.272
748.507 360.323
743.419 345.354
760.585 317.549
865.261 377.237
775.343 286.792
881.853 378.189
892.067 373.088
1128.41 508.836
924.06 352.308
825.935 361.675
824.073 301.479
1031.31 421.519
810.768 346.361
816.091 329.728
894.737 309.142
816.037 302.03
3055.2 600.456
3016.94 740.149
3286.21 890.403
3341.73 964.652
3123.1 862.866
3349.46 994.897
2971.26 846.602
3385.07 961.746
2827.33 875.088
3873.77 1314.17
3476.35 1086.01
3211.18 992.148
3340.84 893.039
3680.11 1062.65
3115.83 918.756
3094.12 945.619
3659.21 1054.36
2706.16 769.282
3940.89 1144.17
3503.61 1000.04
3272.42 776.693
3379.03 665.689
1492.79 324.269
1162.46 399.518
1163.37 420.362
830.404 332.854
736.094 320.605
865.573 348.867
775.458 384.73
753.875 295.042
702.449 311.459
736.633 301.116
812.172 316.068
770.355 313.895
957.552 423.653
602.292 282.69
1003.86 376.049
556.138 279.211
817.42 316.351
635.601 242.081
930.172 366.546
748.756 319.289
814.197 289.25
912.252 327.432
3445.46 777.821
3101.8 701.032
3895.63 1089.03
3776.33 1006.95
3543.2 1022.24
3632.22 1102.1
3066.72 874.334
3668.84 1139.68
3511.36 1051.85
3658.42 1104.75
3285.78 966.405
3482.11 1043.78
3683.34 1208.32
3825.81 1292.23
3714.05 1143.39
3849.36 1137.59
3441.23 1033.55
3349.19 931.79
4258.64 1284.19
4084.47 1233.92
2979.76 735.992
3100.92 569.508
1013.22 273.423
960.974 332.232
1008.41 485.258
820.532 323.454
886.763 432.558
853.111 332.478
839.657 386.003
1000.41 405.066
965.61 514.056
888.505 374.167
1028.64 465.836
801.361 326.136
845.557 436.682
985.06 387.334
987.876 406.398
996.004 434.427
982.049 390.661
942.678 360.661
869.142 409.12
877.286 341.398
977.539 383.966
1057.84 441.372
3204.67 774.604
3035.12 696.188
2773.07 752.411
3029.99 919.751
3101.72 993.452
3265.05 1095.29
3105.44 884.469
3560.82 1170.33
3269.14 1031.59
3579.84 1059.01
3515.17 1106.72
3898.65 1248.24
3116.8 868.619
4130.25 1335.75
2678.96 772.309
3486.58 1101.87
2919.96 806.815
3394.83 953.233
3340.34 972.197
3947.75 977.601
3235.26 695.362
3113.13 557.746
1516.6 398.103
1115.05 340.008
771.983 291.564
825.047 336.965
816.68 315.009
629.7 243.387
792.044 308.402
1046.35 379.028
1472.68 486.07
1325.55 457.384
711.198 301.97
886.534 379.295
801.824 361.672
837.421 403.107
903.232 356.4
827.849 382.316
587.843 237.497
862.228 385.759
827.457 337.345
942.37 373.346
927.038 352.02
904.645 237.945
4378.96 1126.55
3641.54 679.947
5193.17 1388.48
4155.5 1074.82
3946.6 1162.36
3987.04 1106.71
3823.46 1203.12
3076.57 923.073
3315.23 1068.02
3874.08 1195.35
3763.26 1098.32
3604.8 1009.28
4217.41 1245.2
3330.05 946.01
4010.3 1212.15
3984.08 1062.01
4172.46 1282.69
3646.81 1064.72
3931.26 1001.08
3622.09 1132.75
3627.65 869.548
3622.95 726.513
1187.48 336.103
1052.03 384.387
1127.2 398.944
1037.35 377.34
753.395 297.651
1077.64 395.299
838.639 332.489
959.491 367.049
956.611 384.737
961.792 404.836
826.533 352
868.569 375.634
929.342 425.425
1013.48 407.55
987.525 409.221
931.736 348.253
1145.75 460.372
830.463 290.859
825.63 336.018
868.185 432.419
929.813 308.345
978.878 249.384
3067.83 549.547
3068 657.218
2960.94 857.947
2847.37 830.091
2806.75 887.523
3127.5 936.388
2949.98 875.049
2876.67 828.624
3015.68 873.318
3219.34 980.681
3093.7 906.449
3462.35 1127.88
3018.87 859.839
3346.52 954.156
3479.14 1009.33
3837.15 1134.76
3068.48 856.528
2608.35 732.641
3005.63 919.94
3142.94 866.676
3193.39 686.313
3094.3 601.988
924.134 225.329
718.265 221.001
883.888 332.332
586.726 231.471
569.852 249.278
1204.01 452.882
598.507 266.567
686.854 291.137
601.929 248.911
675.066 283.875
864.378 331.047
694.089 296.461
577.482 238.971
744.703 396.789
746.338 292.962
784.767 297.726
629.8 287.222
1135.21 419.559
571.717 232.762
576.562 221.822
684.301 212.892
799.97 212.759
3017.56 617.13
3374.77 792.622
3202.12 831.377
3125.01 799.07
3585.76 1043.83
3128.01 889.821
3272.06 933.612
3094.58 892.527
2788.61 803.618
3557.31 1056.12
3730.06 1136.17
2848.52 790.263
2550.51 747.126
2774.6 758.269
2972.64 880.084
2918.71 818.609
3302.89 963.194
3255.76 872.019
3234.8 865.226
3701.53 1024.07
3114.56 668.877
3539.65 731.048
907.703 196.192
903.446 312.948
798.992 337.717
850.041 317.956
1042.3 346.26
959.349 325.079
827.446 333.374
952.47 404.147
739.947 275.432
684.712 275.807
669.433 280.087
957.122 439.819
900.136 341.186
810.946 304.777
903.624 337.332
852.713 376.106
814.753 292.437
961.472 327.485
989.957 347.48
982.623 462.943
828.265 255.632
879.686 250.487
4157.12 950.701
3848.72 999.045
4130.1 1209.73
4287.32 1278.11
4346.77 1245.09
3973.86 1248.73
4166.99 1371.77
3716.91 1141.67
3664.17 1153.84
3853.89 1217.39
4343.04 1279.66
3690.6 1019.91
4260.91 1425.27
4125.53 1472.03
3885.16 1162.35
3665.59 1167.86
4081.95 1290.03
4058.86 1364.18
3889.81 1309.44
4205.34 1148.28
4288.3 974.366
4621.62 1345.19
803.072 217.358
1241.36 408.314
1049.27 371.868
1192.82 410.53
884.28 338.877
882.944 366.837
791.342 360.827
1097.58 401.673
825.284 366.544
1097.42 453.593
892.261 363.63
903.434 430.585
1208.82 467.531
1425.46 544.752
901.091 337.108
1046.97 468.075
890.381 384.181
1233.35 485.353
1184.75 479.941
929.542 394.212
1043.45 481.812
1013.78 208.486
3381.74 659.728
3993.58 948.066
3907.2 1010.5
3315.38 805.213
4082.35 1158.75
3262.01 831.439
3468.22 1046.77
3470.87 1075.45
3549.52 1088.98
3558.58 1161.87
3573.59 1096.62
3445.83 966.56
3898.69 1175.11
3756.65 1131.51
3728.95 1083.03
4234.02 1176.66
3542.13 1032.78
4133.44 1036.81
4032.09 1101.86
3798.3 1018.3
3652.58 874.778
3796.32 2664.85
729.854 286.627
702.122 282.805
744.031 286.082
730.892 322.004
799.28 423.488
669.763 249.545
743.986 300.213
740.433 308.809
849.162 351.935
595.919 271.325
674.206 306.086
680.298 257.253
816.348 325.7
720.739 258.999
768.971 314.18
795.461 322.583
1040.17 363.718
752.59 297.079
802.718 339.913
748.821 316.054
855.811 299.353
721.369 278.493
3247.72 1030.34
3940.38 1111.2
3154.97 801.024
3002.45 819.301
3759.67 1138.08
3562.76 998.907
3919.01 1180.85
3912.91 1108.78
3894.28 1218.97
3123.9 957.335
3394.28 1034.09
3665.7 1108.78
3328.57 1018.55
4201.11 1274.73
3063.92 877.323
3663.11 1084.53
3251.87 863.776
3466.34 1078.44
3499.8 954.247
3449.14 919.304
3524.68 1001.26
4154.15 960.384
975.285 271.728
847.64 331.777
1067 447.727
1035.92 374.763
946.473 437.688
960.003 390.619
935.384 400.292
901.601 392.018
1069.02 445.68
960.681 366.173
985.098 416.698
964.034 453.234
743.892 288.539
829.839 349.229
1014.29 435.34
1020.73 413.62
1018.21 350.7
1037.44 468.883
1029.73 394.838
1031.44 416.259
1041.52 462.958
1103.93 311.976
4247.27 1009.5
3807.1 956.986
4549.26 1377.16
3893.25 971.762
4281.14 1142.47
3920.66 1059.6
3998.01 1160.18
3997 1177.81
4002.81 1136.67
3850.17 1192.58
4180.36 1205.77
3889.52 1154.96
3926.57 1153.04
3680.96 1033.59
3731.51 1038.44
4250.6 1248.97
3913.52 1062.17
4213.94 1199.94
4011.46 1191.56
3654 964.121
4454.58 1220.66
3771.21 1181.9
1812.21 552.823
1846.23 533.396
2199.26 689.082
2026.52 594.411
1676.37 560.773
2126.94 673.676
1844.12 614.888
1867.63 611.957
2139.42 670.413
1938.53 670.19
2042.54 705.411
1909.83 629.177
1943.53 660.283
2002.54 647.936
1774.94 618.434
1783.41 581.336
1838.31 589.334
1717.82 531.302
1496 456.175
1693.87 484.264
1941.17 620.926
1507.11 454.582
3006.73 985.915
3514.72 1094.49
3576.43 993.967
3316.95 957.495
3856.93 1112.54
3459.36 1141.36
3191.11 1053.25
3441.45 1007.63
3621.28 1065.66
3173.42 927.047
3660.57 1269.78
3355.45 1002.74
3487.51 1086.24
3446.26 1035.6
3595.32 1016.02
3748.21 1127.73
3317.99 1012.31
3387.04 1043.13
3782.53 1028.37
3493.75 911.201
3421.03 1050.82
3710.55 1250
3010.82 1032.23
3216.1 875.696
3273.13 929.566
3384.72 933.655
3421.69 1048.96
3696.11 1027.13
3392.99 938.273
3434.66 924.853
3249.31 990.839
3961.09 1174.5
3728.93 1111.74
3254.18 994.106
3520.72 974.467
3182.89 830.256
3566.02 1105.82
4588.01 1229.62
2563.87 771.428
4322.14 1363.19
4400.01 1161.29
2948.24 806.412
3368.35 891.409
4422.38 1456.2
