3336.82 1163.61
3218.2 888.205
3302.97 986.643
2841.88 796.815
2708.16 827.142
3242.58 1000.91
3363.43 943.609
3103.9 882.019
3033.3 860.115
3045.3 887.32
2716.42 781.097
2605.28 765.875
2806.96 821.338
2522.84 747.035
3141.43 959.554
2410.41 670.353
2901.92 792.664
3526.8 1006.72
2903.54 759.959
2902 818.056
3234.1 903.638
3791.35 1280.2
3030.65 1030.29
3628.06 963.406
3177.26 923.831
3060.44 812.207
3053.37 809.158
3052.44 868.277
2714.33 744.487
3192.99 955.161
3096.43 901.619
2961.14 924.399
2729.14 755.949
2606.71 833.878
3002.77 780.488
3178.79 927.585
2631.46 755.093
2831.65 760.023
2482.11 631.001
2864.33 804.384
2542.11 674.849
2495.86 710.382
2790.91 741.694
2932.55 991.592
3821.57 1092.92
3778.23 1003.95
3806.04 1149.73
3235.24 852.297
4555.36 1379.79
3883.13 1103.27
3473.53 942.728
3791.51 1093.39
4408.78 1412.61
3323.93 894.642
3542.72 1110.83
3325.04 948.025
3961.72 1166.82
3140.28 884.26
3908.54 1174.14
3121.48 794.177
3945.61 1164.84
3461.1 960.155
3289.21 877.515
3102.76 823.456
3037.86 831.975
3583.8 1093.45
2124.12 658.894
1626.28 547.336
1295.37 430.853
1322.73 452.641
1640.54 589.692
1612.87 495.918
1571.92 511.041
2260.53 712.572
1610.8 532.385
1706.37 541.778
1693.56 537.882
1355.92 485.917
1634.08 567.227
1426.06 474.207
1515.59 538.965
1590.78 523.069
1456.17 490.713
1495.19 464.633
1341.91 456.403
1688.55 518.881
1572.99 538.657
1444.17 491.688
4429.21 1163.22
3257.55 799.146
3702.41 1075.76
3086.53 822.334
3533.54 1014.43
2945.92 759.872
3412.37 1007.32
3288.77 935.886
3323.01 975.493
3682.38 1124.77
4010.26 1301.53
2769.74 777.075
3212 1003.09
3329.23 1002.69
3600.92 1088.41
3592.37 1064.32
3396.85 926.199
3277.93 880.413
3905.59 1092.02
4043.44 1053.26
3107.94 785.511
3760.5 477.861
842.807 347.961
914.99 358.528
876.972 347.905
829.116 407.836
909.008 372.995
794.14 343.615
786.386 319.52
802.067 324.633
824.866 355.478
936.542 417.884
873.419 377.065
965.001 380.197
972.401 398.431
1216.01 450.318
974.535 382.969
927.645 394.783
910.139 356.735
1111.9 427.301
892.905 349.219
880.165 335.706
963.972 330.974
961.763 396.025
3353.95 799.847
3348.81 882.961
3546.08 960.943
3580.83 980.445
3343.76 889.792
3570.29 1058.37
3178.63 860.798
3647.44 1040.37
3081.73 867.563
4089.73 1268.87
3721.35 1070.4
3482.39 1069.96
3604.35 992.455
3935.58 1127.07
3367.42 955.188
3353.91 934.27
4012.53 1202.48
2922.68 763.836
4233.34 1176.37
3954.51 1137.65
3631.99 930.972
3797.83 1029.86
1663.14 475.268
1203.68 466.139
1190.14 403.166
911.623 335.804
812.556 319.482
909.083 336.356
794.538 312.037
840.613 297.283
792.258 341.079
747.459 287.505
890.959 324.658
869.52 366.264
1084.27 440.691
646.43 268.433
1097.23 403.764
591.025 261.248
909.215 332.735
708.63 267.024
993.113 377.414
841.499 313.984
865.519 342.719
978.926 320.696
3706.18 816.139
3416.15 829.464
4202.65 1180.28
4076.12 1161.51
3861.13 1114.77
3889.71 1160.85
3293.27 863.579
4047.43 1257.86
3768.14 1075.44
3979.41 1161.48
3530.31 1021.72
3714.15 1107.17
3969.75 1269.97
4076.47 1209.57
4032.41 1232.33
4174.96 1265.11
3709.4 1052.79
3566.99 956.598
4625.21 1314.09
4353.65 1241.76
3242.85 864.926
3781.53 1026.31
1111.98 415.91
1006.15 360.784
1046.97 449.123
922.865 393.241
1015.63 450.731
957.069 369.84
949.065 385.634
1098.72 417.608
996.181 406.654
953.916 411.638
1111.92 499.913
900.105 373.442
948.908 456.602
1077.55 443.504
1042.43 402.151
1013.81 417.965
1045.56 395.02
1021.77 399.463
961.606 443.657
931.802 348.294
1032.93 408.662
1317.21 527.044
3614.4 855.377
3405.43 916.208
2834.39 799.288
3291.96 955.597
3415.49 1051.81
3531.78 1113.68
3411.52 1014.36
3932.42 1290.38
3496.13 1027.48
3922.19 1206.81
3746.01 1133.99
4078.52 1310.05
3380.98 932.026
4525.17 1489.08
2872.89 786.555
3859.96 1211.06
3161.93 907.012
3673.06 1064.04
3692.38 1050.9
4203.18 1118.28
3504.77 830.58
3377.03 723.964
1615.17 431.003
1143.74 342.825
792.637 301.739
882.434 328.516
865.981 362.392
705.823 271.223
833.817 294.069
1099.19 396.677
1481.04 473.577
1342.75 464.706
760.347 346.905
900.572 380.581
804.839 330.107
905.939 395.928
932.793 326.528
949.096 408.258
642.453 240.562
939.754 352.055
883.855 345.16
1082.93 411.907
984.693 40.5994
1009.56 304.371
4973.96 1163.79
3999.12 891.22
5473.07 1466.77
4426.8 1188.39
4419.7 1315.63
4266.88 1162.48
4192.6 1304.93
3338.17 985.006
3534.72 1083.37
4151.96 1182.45
4057.77 1186.63
3924 1090.41
4547.72 1381.28
3603.57 1056.6
4187.03 1265.57
4301.94 1155.64
4400.87 1298.58
4065.39 1145.55
4299.46 1216.54
4023.35 1297.32
3968.51 947.29
3892.1 987.587
1259.33 451.698
1178.85 368.984
1200.77 444.894
1146.48 431.509
809.584 310.304
1175.19 408.534
892.139 407.61
1035.66 363.556
1060.03 413.805
1019.16 394.259
926.551 373.06
944.848 352.72
1007.39 435.445
1084.63 428.192
1074.32 437.537
1026.57 372.85
1233.82 499.573
925.567 337.996
927.599 389.838
968.265 397.58
1007.77 305.798
1157.74 389.411
3470.89 726.989
3415.15 828.638
3275.78 950.385
3107.65 919.156
3067.21 847.941
3318.78 1026.34
3264.14 985.939
3245.73 962.502
3342.17 969.381
3524.57 1092.87
3380.34 1029.06
3732.21 1202.89
3224.42 932.423
3599.88 1046.54
3791.92 1067.99
4109.69 1206.43
3300.45 957.979
2817.52 788.945
3213.57 909.861
3401.04 897.275
3541.72 828.553
3529.77 844.303
959.422 289.261
780.263 230.184
919.355 328.907
628.292 247.086
600.502 245.136
1248.68 434.705
618.604 263.483
752.82 315.914
659.329 278.452
706.562 316.121
906.84 364.433
717.677 278.617
638.723 258.632
846.057 351.9
822.188 314.104
839.378 332.722
687.759 315.933
1143.67 434.717
635.127 247.834
656.878 253.219
795.85 262.125
941.348 339.552
3317.25 693.299
3850.35 590.062
3520.04 943.066
3359.52 871.74
3843.46 1109.52
3341.44 986.147
3551.79 985.635
3317.76 977.757
2998.17 863.104
3981.83 1191.99
3976.22 1180.14
3083.11 863.755
2769.15 789.076
3031.11 865.295
3216.6 927.676
3175.97 890.206
3538.25 994.698
3495.34 925.581
3519.43 858.218
4112.22 1111.91
3309.23 761.183
3848.39 761.144
977.066 292.466
990.362 324.093
884.602 337.249
909.748 310.728
1101.21 373.056
1017.13 328.06
902.677 357.96
978.401 385.215
775.887 265.808
733.823 279.146
715.323 282.398
1034.69 390.695
958.447 344.866
890.935 341.304
980.634 360.994
956.394 391.258
856.364 297.13
1068.35 370.914
1073.61 370.112
1063.74 411.061
871.74 254.277
983.28 301.992
4714.63 1121.9
4135.73 1107.01
4485.7 1270.55
4787.19 1458.23
4705.04 1437
4290.45 1273.72
4612.55 1520.71
4036.7 1282.84
3997.36 1293.76
4260.84 1367.03
4676.38 1426.45
3920.4 1119.02
4656.62 1559.59
4362.74 1418.17
4202.84 1278.76
4019.17 1279.27
4446.08 1351.17
4405.76 1315.53
4079.57 1321.97
4359.68 1198.63
4743.46 1197.56
4116.2 4238.29
855.872 283.551
1277.1 438.17
1087.63 388.708
1208.73 437.577
947.221 347.414
950.263 400.493
853.382 350.46
1154.91 528.545
874.891 347.24
1121.98 504.319
941.49 384.594
1000.56 382.568
1311.29 532.927
1487.47 568.397
1015.6 433.704
1179.23 501.486
980.932 394.214
1275.1 487.739
1174.23 430.253
1030.44 437.274
1117.06 395.863
992.082 678.484
3728.42 795.88
4298.94 1057.46
4127.17 1070.47
3598.49 947.76
4507.47 1285.14
3522.99 909.866
3749.97 1088.79
3731.35 1092.56
3754.59 1101.31
3762.93 1094.84
3849.81 1148.1
3678.44 1044.7
4156.96 1247.09
4077.19 1199.09
3983.26 1148.47
4574.31 1355.39
3821.62 1081.69
4540.14 1244.63
4288.44 1180.7
4045.51 1120.35
3886.79 972.763
3962.58 957.357
807.582 305.273
743.317 287.634
822.894 320.432
723.374 271.074
934.601 438.719
707.715 277.716
801.39 313.399
818.595 325.426
905.659 375.77
668.429 274.479
719.031 303.975
737.997 275.146
863.351 342.211
799.435 320.619
800.828 298.218
887.398 352.439
1078.82 383.092
829.347 301.574
869.897 336.658
797.508 322.153
925.008 351.994
826.872 327.372
3630.79 1103.33
4332.22 1263.05
3412.12 904.387
3203.32 890.211
4123.68 1224.63
3770.37 976.053
4100.8 1224.87
4185.8 1213.63
4197.64 1276.82
3346.65 1047.31
3615.84 1114.13
3908.48 1158.54
3528.01 995.207
4598.69 1370.19
3286.71 884.428
4023.77 1317.48
3492.24 966.89
3788.96 1148.52
3767.79 1068.52
3634.25 954.353
3796.03 1084.04
4528.66 1194.57
1011.31 410.855
898.08 292.575
1069.2 357.281
1058.51 364.099
1004.37 489.081
1067.77 417.522
1029.5 370.214
1008.21 426.38
1116.62 504.76
1001.37 374.834
997.79 454.559
1030.13 459.874
783.844 282.299
903.8 338.052
1132.25 443.416
1097.84 504.655
1111.37 422.642
1076.98 412.249
1134.14 438.575
1083.01 394.944
1093.93 439.824
1265.11 450.311
4619.74 1192.36
4017.64 1042.55
4848.88 1344.03
4237.48 1076.45
4578.41 1214.34
4307.64 1202.71
4343.98 1200.75
4229.59 1177.81
4375.86 1259
4015.43 1186.9
4488.29 1282.09
4103.03 1182.67
4125.67 1198.64
3941.05 1153.05
4051.69 1148.55
4547.19 1313.49
4157.43 1112.12
4685.53 1385.26
4379.85 1220.3
3917.44 1054.75
4692.63 1267.51
4160.51 1265.73
2026.82 634.014
2005.68 609.457
2321.53 720.54
2200.3 675.346
1777.81 531.811
2197.98 626.759
1945.26 617.223
2033.72 612.723
2241.88 671.363
2125.65 644.934
2269.58 737.589
2097.28 656.345
2053.12 671.997
2131.43 673.199
1875.93 615.657
1952.71 657.158
1958.88 601.252
1852.68 568.31
1625.08 477.401
1826.5 534.195
2137.68 684.908
1637.6 503.664
3174.57 1090.55
3700.73 1092.7
3806.41 1085.51
3515.11 939.368
4207.69 1294.78
3593.81 1058.37
3356.88 1012.36
3680.94 1074.98
3833.63 1174.11
3344.07 985.69
3714.92 1144.99
3554.33 1051.97
3667.35 1037.94
3637.44 1034.76
3810.88 1053.27
4011.22 1167.69
3414.07 982.79
3625.36 1091.13
3981.84 1083.96
3752.83 1056.3
3665.57 1057.08
3915.61 1387.34
3129.81 1074.82
3421.88 900.151
3448.39 945.927
3755.2 985.236
3540.72 1018.3
3935.44 1055.26
3585.02 981.902
3677.93 989.705
3506.67 1048.28
4218.4 1223.13
3923.25 1176.27
3425.07 971.888
3812.24 1081.09
3446.31 983.184
3733.39 1090.43
4942.41 1388.72
2684.77 755.789
4577.73 1336.67
4779.14 1293.22
3184.25 839.156
3622.76 1035.7
4494.24 1555.52
