3058.36 1025.39
2959.28 829.605
3039.4 890.097
2634.44 745.586
2470.66 753.991
2984.1 885.506
3132.48 892.417
2870.4 841.404
2812.16 832.992
2812.88 841.057
2521.61 710.561
2469.05 733.571
2637.96 805.073
2302.62 707.525
2891.22 869.095
2240.41 629.843
2685.31 755.208
3286.67 916.814
2727.18 755
2669.17 778.318
2948.25 858.836
3495.64 1201.94
2862.32 971.72
3358.01 937.882
2963.47 875.495
2805.11 747.764
2811.9 708.367
2860.06 836.992
2531.72 717.771
2913.93 883.294
2882.69 844.359
2748.96 857.249
2532.17 700.941
2387.44 725.469
2837.22 767.281
2980.41 892.964
2389.51 679.735
2598.12 706.976
2337.61 625.692
2657.46 777.85
2357.95 629.443
2294.14 629.969
2610.91 695.021
2719.03 912.245
3584.26 1065.3
3548.96 973.738
3605.84 1112.63
3072.19 861.836
4267.46 1357.87
3616.68 1049.95
3275.92 933.44
3598.92 1102.47
4119.06 1304.71
3114.88 854.279
3288.73 1039.15
3096.01 889.616
3676.37 1091.73
2927.22 782.645
3753.54 1167.35
2931.7 768.517
3662.37 1076.85
3227.36 914.669
3062.85 833.534
2946.17 828.834
2869.57 780.842
3401.26 1123.24
2049.49 643.619
1555.57 509.458
1261.14 420.524
1211.64 418.857
1546.97 582.572
1499.49 486.005
1522.59 516.944
2189.23 722.72
1565.71 467.017
1514.74 478.499
1611.38 506.458
1256.4 485.839
1520.36 526.419
1339.08 470.579
1432.21 503.248
1473.44 495.826
1329.78 456.669
1381.77 468.427
1234.39 451.338
1546.65 526.857
1464.96 491.948
1425.43 462.905
4067.86 1088.37
3057.33 757.491
3440.09 978.724
2906.31 787.914
3321.17 1019.12
2741.29 740.879
3123.19 905.644
3031.41 861.262
3172.3 937.123
3466.05 1052.55
3672.68 1206.17
2613.16 727.644
2958 977.776
3111.86 990.655
3227.54 937.971
3323.27 979.24
3166.56 888.643
3077.64 836.542
3663.3 1046.08
3806.77 988.346
2926.22 747.054
3574.85 928.762
783.945 279.001
865.192 323.334
833.903 326.115
772.27 387.788
853.25 339.19
740.87 325.439
726.425 303.819
736.405 300.543
771.852 318.672
860.522 398.59
806.073 347.638
898.034 373.836
891.354 378.825
1128.02 445.013
918.644 341.696
853.707 345.523
846.501 331.81
1029.04 392.726
819.7 305.696
836.426 363.455
903.353 336.199
874.718 362.091
3174.84 785.003
3142.87 805.891
3327.98 904.78
3328.56 923.849
3109.41 836.114
3324.07 962.453
2989.79 852.484
3413.68 957.093
2859.02 812.975
3813.82 1214.3
3419.53 966.051
3250.4 976.522
3372.75 967.216
3698.63 1047.25
3117.21 887.837
3122.58 846.389
3739.16 1088.52
2726.2 739.194
3986.8 1138.69
3666.05 1082.96
3316.31 845.537
4202.16 1049.93
1596.43 470.083
1142.1 373.902
1176.34 415.447
829.393 305.819
759.491 297.176
866.479 312.21
725.015 298.631
777.698 297.204
730.771 306.854
703.87 280.707
808.479 291.627
788.426 352.542
986.208 411.647
598.496 251.435
1008.83 395.71
557.771 249.456
836.302 331.742
649.753 233.505
924.738 355.258
800.233 323.745
802.168 308.896
910.495 328.834
3440.05 727.234
3165.29 828.039
3956.87 1139.59
3785.45 1073.57
3604.69 1020.58
3660.37 1071.37
3074.91 823.622
3690.93 1106.12
3489.89 1023.17
3716.13 1134.23
3332.25 969.69
3493.75 1025.31
3712.29 1219.93
3804.38 1133.24
3737.47 1110.53
3849.6 1164.69
3476.45 971.591
3356.12 926.46
4373.96 1310.62
4063.64 1120.74
3040.99 796.655
3275.15 806.75
1049.72 350.685
931.861 348.208
976.276 403.787
818.002 354.677
898.457 460.949
890.054 343.403
874.054 352.992
1018.49 398.52
934.417 441.809
887.292 376.538
1016.48 444.792
831.441 334.739
860.399 440.307
1014.39 395.575
994.413 414.018
943.656 417.054
1002.34 383.836
955.46 391.296
878.433 404.8
884.729 318.993
985.299 373.011
1111.55 868.993
3302.74 843.07
3118.11 834.372
2766.07 784.968
3047.42 888.136
3168.3 992.366
3266.51 1085.67
3152.76 959.498
3612.86 1222.42
3319.23 975.961
3580.52 1054.2
3527.06 1077.4
3874.99 1257.52
3158.88 912.358
4206.93 1313.86
2671.05 716.715
3518.48 1114.55
2957.81 873.461
3419.7 1041.19
3449.51 1028.85
3928.06 1047.12
3273.73 789.19
3244.41 724.644
1523.7 436.63
1129.44 351.933
756.096 290.534
797.179 327.173
820.884 319.777
653.19 241.559
791.138 291.721
1048.36 383.994
1452.34 484.935
1283.14 436.663
731.295 322.205
885.414 390.787
798.357 329.703
860.596 416.991
907.664 333.825
860.377 376.312
598.976 232.627
854.668 355.955
806.206 305.157
956.389 385.917
973.721 390.456
984.539 322.323
4390.66 859.254
3739.32 874.711
5026.41 1286.8
4216.03 1155.04
4074.55 1224.31
4002.08 1088.25
3952.83 1245.63
3080.05 923.531
3344.53 1024.87
3881.06 1165.02
3816.13 1130.02
3657.5 1019.36
4224.91 1287.13
3328.26 956.95
3998.51 1202.51
4028.48 1131.15
4102.2 1255.83
3795.32 1091.87
4041.08 1139.77
3715.77 1148.34
3769.04 975.927
3815.46 982.125
1281.08 572.784
1093.04 381.217
1107.2 426.821
1054.36 406.668
750.212 297.023
1096.39 394.392
825.609 374.812
960.863 361.906
979.653 392.602
955.155 373.015
866.128 357.343
873.405 349.607
1034.07 509.769
995.886 409.683
978.586 368.624
961.722 361.726
1158.87 494.614
860.403 337.263
849.845 340.829
886.559 363.361
943.182 304.332
1071.95 333.198
3186.86 716.962
3190.85 757.887
3027.81 893.791
2896.44 809.517
2841.95 798.688
3131.71 971.072
2981.91 882.118
3000.01 911.885
3111.22 905.382
3306.91 1015.02
3129.39 925.95
3461.79 1147.04
3030.56 861.127
3414.26 993.783
3529.72 957.202
3838.86 1097.58
3097.35 909.061
2652.87 759.039
2998.71 840.529
3174.25 843.102
3370.24 824.079
3206.77 715.928
950.209 315.789
744.341 230.087
886.609 297.614
605.076 254.42
586.809 248.676
1231.55 430.298
596.989 257.992
701.1 306.771
605.248 259.015
681.083 304.645
864.38 341.934
694.8 288.852
578.153 251.69
769.131 374.988
767.341 306.84
780.459 306.329
625.408 298.573
1116.25 427.883
582.445 232.485
600.44 242.697
717.988 249.954
889.634 285.71
3156.28 621.627
3361.68 779.565
3276.94 862.36
3168.48 866.038
3612.98 1089.97
3120.53 916.635
3360.8 972.107
3103.25 889.132
2782.42 792.801
3587.35 1067.71
3752.01 1106.97
2934.65 809.886
2583.96 765.536
2856.71 848.244
3022.23 885.02
3002.79 837.652
3324.75 957.383
3275.96 866.649
3333.21 845.844
3829.33 1055.08
3193.07 803.914
3700.77 803.173
982.708 381.052
929.013 291.328
819.583 285.194
855.508 316.912
1034.5 351.712
949.052 314.188
836.499 319.648
961.11 369.144
750.227 275.605
689.664 279.021
664.292 268.469
969.16 372.612
896.335 323.204
834.279 326.091
922.607 353.034
869.948 346.786
798.185 278.921
982.52 333.311
1007.55 350.009
990.595 359.442
807.944 238.141
923.864 283.559
4534.41 1272.99
3905.25 1076.7
4206.54 1260.98
4334.33 1263.66
4429 1375.74
4102.69 1300.76
4233.98 1350.14
3778.79 1213.85
3722.1 1211.8
3994.36 1329.86
4353.98 1310.03
3735.84 1084.54
4348.86 1514.87
4062.32 1332.74
3969.43 1212.12
3752.29 1160.6
4192.47 1323.85
4106.69 1228.87
3912.43 1310.8
4210.57 1194.03
4426.38 1105.38
4721.8 1076.88
827.987 274.722
1233.49 449.249
1056.45 380.401
1188.82 427.905
908.688 343.603
880.236 353.274
788.658 328.558
1123.66 481.711
820.227 356.446
1098.76 474.066
877.03 369.661
931.203 384.104
1206.87 491.032
1424.03 517.665
922.342 390.15
1098.3 447.59
912.798 377.5
1231.79 484.565
1150.25 427.674
942.039 392.516
1045.21 386.466
1056.73 386.827
3537.84 852.277
4033.9 970.517
3914.49 1009.55
3346.09 868.988
4197.61 1222.24
3330.58 886.223
3516.89 1061.49
3482.64 1067.04
3558.12 1070.92
3549.61 1073.61
3612.46 1092.28
3516.8 1027.15
3882.19 1163.73
3769.92 1075.45
3795.15 1112.25
4281.45 1271.03
3660.77 1076.66
4204.93 1115.64
4068.23 1126.51
3870.74 1050.77
3701.63 960.314
3757.25 870.949
794.687 304.583
680.432 267.047
782.017 331.899
684.414 265.592
765.551 337.814
663.729 258.648
748.829 308.352
754.837 313.168
857.342 342.208
621.237 268.987
672.099 284.814
694.839 264.786
828.277 340.531
720.099 290.205
755.677 296.533
799.773 348.536
1016.99 387.803
777.931 300.579
799.923 319.605
752.975 306.205
864.6 334.683
740.047 757.138
3494.8 1182.86
4081.26 1234.08
3185.12 825.103
3016.86 876.52
3884.95 1189.67
3559.69 962.398
3911.4 1247.88
3947.01 1175.3
4001.11 1246.01
3107.23 945.426
3384.74 1024.39
3739.28 1740.83
3418.23 1009.18
4266.31 1301.63
3071.48 857.551
3749.02 1188.98
3302.95 954.669
3508.74 1007.09
3556.04 1016.43
3457.55 974.802
3573.42 977.461
4328.41 1216.23
1019.09 519.211
856.14 304.608
1035.54 353.229
1045.63 397.844
926.461 406.055
987.013 395.048
951.045 382.084
916.735 404.244
1059.57 473.619
956.337 386.119
993.781 445.341
957.729 417.716
745.971 278.089
846 319.513
1049.22 420.407
1006.52 422.964
1037.02 380.779
1023.65 407.803
1064.78 454.004
1021.77 384.174
1033.2 407.989
1166.84 460.74
4452.46 1211.32
3829.27 1040.92
4594.05 1305.52
3952.69 1062.29
4300.19 1144.07
4069.63 1198.12
4063.81 1156.73
4055.23 1144.85
4073.12 1191.12
3866.02 1179.21
4261.89 1240.69
3876.7 1130.08
3919.73 1143.16
3692.39 1080.7
3802.69 1090.3
4285.38 1255.58
4039.95 1096.66
4383.52 1300.08
4169.08 1220.44
3675.85 961.087
4457.31 1250.85
3879.66 1196.97
1926.04 608.139
1887.59 546.876
2186.61 651.817
2047.35 591.235
1676.69 515.199
2068.47 619.344
1830.75 584.123
1887.84 554.786
2115.16 635.253
2004.61 656.618
2082.45 676.737
1968.91 648.806
1947.46 661.392
1980.4 623.91
1812.51 578.835
1795.89 610.692
1845.89 569.147
1742.01 541.746
1544.19 466.459
1698.22 463.519
1980.99 681.707
1509.33 459.444
2984.89 1067.02
3505.63 1014.12
3642.41 985.99
3325.73 891.422
3878.98 1150.85
3410.95 1067.47
3233.76 997.68
3547.31 1081.43
3649.62 1130.35
3140.46 927.693
3524.7 1100.5
3387.93 1008.21
3479.12 991.503
3464.33 1025.88
3579.31 1005.23
3804.87 1110.36
3240.64 906.441
3385.39 977.972
3833.38 1103.35
3566.48 1014.25
3513.28 1047.18
3633.74 1233.63
3003.41 1085.09
3211.3 859.219
3263.91 898.822
3525.86 961.926
3391.78 988.393
3698.36 1007.88
3413.69 947.876
3488.55 926.419
3305.02 1015.96
3985 1172.06
3715.19 1125.19
3225.16 948.663
3583.55 1040.26
3219.43 918.278
3483.04 991.704
4644.01 1284.96
2529.48 713.841
4322.77 1244.04
4493.79 1240.88
2985.52 823.359
3482.95 1030.13
4260.88 1474.55
