3217.99 1095.49
3134.54 862.888
3195.01 955.341
2779.5 802.827
2598.62 803.461
3129.92 927.249
3273.59 909.716
3053.33 905.375
2941.85 821.839
2989.48 904.34
2649.77 739.536
2574.72 766.54
2771.15 829.527
2456.97 744.753
3012.32 898.445
2345.07 660.189
2827.58 809.606
3428.43 968.445
2845.1 773.312
2804.28 801.331
3148.24 912.268
3679.39 1240.59
2954.77 995.203
3507.06 954.318
3111.52 926.055
2969.4 801.841
2971.31 785.789
2976.94 837.505
2651.47 743.409
3078.17 875.745
3018.53 860.267
2896.97 892.458
2663.36 725.483
2543.17 815.259
2957.93 807.444
3113.37 946.649
2549.37 733.07
2751.33 748.218
2444.9 635.134
2794.42 789.153
2472.66 648.607
2426.55 678.638
2695.94 691.536
2861.19 988.518
3798.7 1107.87
3683.65 971.93
3741.25 1148.06
3172.34 824.595
4479.99 1416.61
3805.66 1109.59
3427.74 971.042
3738.95 1104.62
4337.84 1389.47
3273.75 881.292
3465.97 1134.68
3244.67 949.541
3853.87 1123.41
3072.29 857.73
3862.88 1170.47
3060.04 786.396
3879.74 1174.84
3377.8 940.355
3208.07 844.51
3050.55 849.284
2992.56 811.462
3447.62 1038.84
2111.04 654.36
1580.54 504.33
1266.5 405.746
1284.6 437.074
1614.07 581.734
1576.03 496.268
1540.13 488.032
2206.03 688.295
1604.07 505.899
1628.32 517.746
1672.31 516.035
1319.86 459.509
1607.72 547.648
1393.08 476.856
1494.2 532.454
1558.12 514.992
1413.45 470.724
1469.73 471.002
1305.29 458.072
1639.71 512.915
1538.95 517.601
1434.71 515.396
4240.57 1179.86
3185.12 784.719
3599.18 1037.62
3015.1 791.687
3474.45 1026.11
2873.23 748.358
3344.98 1006.21
3201.48 911.063
3294.41 1001.27
3604.56 1088.84
3852.86 1269.81
2747.91 783.964
3122.94 1001.85
3281.75 997.969
3453.99 1031.27
3501.07 1014.28
3321.72 934.908
3178.1 837.723
3854.94 1088.4
3967.63 1069.01
3016.87 767.838
3702 921.301
822.868 308.295
895.604 353.85
865.816 334.271
818.145 361.893
886.294 344.986
771.844 336.075
766.408 313.036
758.4 319.603
803.244 326.758
908.917 381.362
847.726 334.753
945.216 376.128
936.963 373.594
1178.74 441.679
959.601 366.892
916.597 391.838
887.888 344.823
1064.97 401.859
869.685 355.106
870.659 344.677
948.561 364.888
913.339 329.874
3277.02 769.908
3257.63 856.614
3455.63 940.644
3503.96 953.649
3268.99 868.494
3511.55 1024.57
3136.93 868.794
3598.36 1010.17
3014.78 868.683
4031.05 1272.95
3587.87 1007.73
3386.32 987.795
3557.02 1006.13
3862.78 1095.46
3270.36 914.073
3251.76 888.243
3911.07 1147.59
2839.64 786.487
4141.27 1129.86
3797.72 1097.65
3496.72 872.149
3675.83 895.21
1690.37 496.098
1176.08 395.351
1184.09 413.705
876.738 312.531
784.604 283.296
895.687 325.655
786.562 316.047
829.244 296.42
773.265 328.105
731.584 283.082
858.693 322.234
842.258 363.392
1040.15 425.891
619.183 282.574
1071.55 397.221
584.489 261.528
884.251 345.14
690.759 252.883
956.016 359.88
824.009 315.271
853.573 303.17
954.923 361.498
3584.07 832.744
3317.57 856.193
4128.02 1192.76
3955.91 1140.19
3780.89 1053.77
3754.29 1083.78
3220.7 870.002
3938.09 1210.01
3677.81 1047.36
3883.63 1147.08
3466.49 994.52
3648.68 1088.85
3907.18 1247.41
3994.81 1190.02
3924.5 1192.66
3980.87 1195.6
3631 1040.52
3509.41 943.27
4531.43 1298.19
4301.7 1203.34
3167.42 826.836
3436.83 900.775
1090.36 433.004
980.457 335.768
1033.43 441.461
901.687 402.654
953.759 486.149
922.074 355.353
922.067 376.864
1076.63 435.104
967.608 446.662
928.942 421.18
1088.7 464.47
891.447 357.29
914.483 424.488
1048.53 391.472
1035.63 407.758
976.342 404.901
1029.1 400.932
1004.38 384.142
922.567 433.781
917.388 329.97
1014.95 384.243
1290.65 429.26
3527.62 883.279
3285.36 872.005
2822.98 820.662
3207.15 933.567
3386.94 1088.56
3423 1092.37
3320.07 990.372
3832.54 1252.11
3447.53 1021.48
3755.16 1115.21
3646.55 1082.8
3998.26 1270.51
3310.85 919.603
4394.92 1379.76
2800.31 758.036
3739.18 1171.62
3111.52 925.574
3597.79 1074.43
3611.51 1060.62
4091.63 1120.01
3414.39 816.49
3322.43 765.036
1577.08 471.959
1130.17 329.346
772.156 290.421
855.574 343.676
853.612 326.817
689.475 258.454
822.803 301.644
1081.31 394.27
1483.81 485.49
1310.67 439.567
747.861 316.182
903.62 385.353
798.009 315.923
885.829 403.667
919.256 313.042
908.72 402.73
629.863 235.958
915.807 373.985
859.256 311.083
1025.61 389.433
1041.18 415.227
1007.34 295.741
4754.63 1043.96
3983.04 1022.7
5350.43 1397.61
4422 1226.6
4187.78 1227.6
4167.85 1137.08
4097.19 1280.28
3249.46 952.355
3485.8 1080.98
4058.28 1203.67
3968.52 1154.21
3814.67 1079.58
4440.1 1357.9
3528.95 986.497
4078.97 1195.87
4205.6 1153.78
4363.08 1334.91
3965.45 1162.95
4247.16 1223.95
3890.53 1186.28
3912.51 946.824
3902.79 1069.04
1241.01 427.601
1152.94 377.885
1160.64 420.341
1113.29 411.157
780.759 306.196
1151.64 406.996
863.297 389.38
1004.71 373.047
1017.56 402.436
992.41 379.75
899.549 339.59
922.41 349.916
989.426 410.755
1063.83 430.287
1039.29 419.049
1018.64 367.729
1204.47 481.481
898.429 352.449
900.415 365.12
949.555 381.256
992.713 334.152
1100.68 365.515
3381.72 825.023
3329.73 765.793
3205.87 933.744
3017.14 857.208
2997.19 855.356
3277.43 1028.34
3147.74 927.56
3147.7 971.063
3270.33 954.135
3427.01 1029.88
3268.74 945.029
3663.43 1222.87
3174.59 914.766
3554.22 1028.02
3695.87 1053.62
4001.63 1166.78
3238.2 936.6
2765.24 791.985
3131.26 903.114
3312.95 867.733
3474 798.443
3402.27 843.216
978.47 328.894
767.383 230.278
918.432 346.885
619.043 249.713
598.136 248.748
1246.5 437.53
614.875 256.622
726.772 329.629
638.804 267.627
684.166 313.367
894.251 350.827
706.549 285.944
618.197 253.887
822.054 373.464
808.014 326.088
819.798 317.948
661.354 309.887
1141.07 422.259
614.09 249.657
634.658 244.989
763.081 235.331
920.381 338.112
3303.34 740.972
3531.7 837.712
3445.71 923.717
3293.39 852.877
3755.62 1082.54
3236.2 939.062
3465.28 1000.8
3266.68 922.846
2934.03 827.06
3824.51 1140.7
3880.96 1156.74
3030.77 810.607
2712.74 781.982
2960.03 851.614
3142.17 932.763
3112.29 894.833
3486.96 995.209
3426.15 906.319
3437.11 851.52
4025.53 1093.32
3312.08 779.078
3781.3 755.726
957.441 296.332
965.585 300.097
856.422 327.289
911.095 314.355
1086.7 378.917
990.936 327.87
868.334 320.31
989.073 393.716
770.138 273.336
722.066 281.189
697.543 265.194
1001.01 389.343
935.396 337.89
878.913 331.951
958.517 361.254
925.583 382.059
838.583 289.155
1031.72 362.439
1054.58 358.409
1051.38 415.692
857.707 256.114
945.224 264.131
4665.94 1179.9
4067.24 1067.61
4400.61 1258.15
4665.12 1464.34
4645.15 1433.58
4231.8 1308.05
4454.44 1463.77
3888.28 1240.77
3890.4 1218.68
4154.78 1314.19
4590.88 1407.86
3855.9 1093.82
4578.41 1554.73
4246.51 1372.88
4123.22 1229.57
3905.18 1191.46
4374.24 1365.98
4356.09 1346.52
3987.09 1293.66
4369.49 1248.95
4657.06 1171.14
4831.42 1131.27
852.35 299.223
1266.11 453.227
1066.32 356.801
1190.11 441.473
921.992 324.28
916.488 357.882
831.446 346.212
1160.39 536.913
856.168 358.374
1105.36 447.269
919.318 354.465
973.852 375.356
1254.58 511.754
1491.73 556.78
988.998 387.758
1156.71 484.648
954.091 387.901
1257.1 455.136
1142.26 407.599
1003.2 401.992
1078.47 352.764
1151.72 425.772
3665.96 856.487
4228.57 1029.78
4069.94 1054.24
3483 881.731
4405.77 1255.4
3475.6 892.153
3658.03 1101.79
3672.58 1125.02
3706.35 1075.84
3638.67 1082.94
3796.9 1138.89
3649.62 1063.82
4075.48 1215.57
3971.35 1130.59
3934.34 1159.5
4413.31 1280.02
3739.11 1041.42
4410.29 1174.52
4236.01 1166.47
3983.3 1076.03
3784.58 933.616
3896.13 922.768
768.862 288.786
729.1 279.69
792.975 317.295
704.923 268.269
799.62 330.016
695.361 254.482
780.918 301.337
797.576 318.186
887.916 344.652
649.365 273.176
698.56 289.052
723.432 273.75
852.421 333.429
770.747 312.865
790.308 312.603
854.14 368.003
1065.37 375.31
808.177 290.076
846.18 328.699
788.92 304.332
904.367 335.548
808.905 274.726
3619.88 1053.66
4248.97 1222.94
3338.7 857.681
3154.8 879.922
4070.08 1249.93
3702.3 985.657
4051.41 1235.4
4093.74 1166.21
4119.31 1236.78
3267.65 992.618
3533.21 1038.27
3843.82 1123.72
3504.2 978.316
4474.75 1345.59
3218.82 881.688
3864.9 1213.75
3445.32 954.677
3668.12 1077.83
3670.46 1004.8
3588.83 967.611
3695.27 1018.08
4399.32 1188.78
980.373 407.571
884.729 304.6
1074.4 373.634
1067.63 383.817
972.33 450.711
1033.55 385.325
993.076 374.998
976.165 416.552
1110.28 486.795
981.804 362.539
1006.85 455.921
1019.18 425.951
774.267 284.032
882.695 320.84
1104.19 448.555
1058.37 459.913
1063.35 383.537
1073.65 452.706
1114.94 463.011
1045.36 409.183
1069.26 419.676
1222.11 448.996
4553.89 1281.51
3964.53 1036
4811.97 1361.17
4102.2 1076.26
4459.83 1174.32
4216.43 1216.49
4211.05 1171.11
4179.45 1179.44
4278.06 1258.1
3952.8 1123.97
4382.02 1218.82
4006.26 1157.46
4069.4 1156.94
3842.89 1108.27
3964.1 1114.45
4460.99 1306.17
4116.81 1108.95
4616.07 1355.14
4281.01 1202.52
3833.82 1008.29
4632.28 1347.56
3999.76 1137.62
1963.63 602.207
1977.06 586.165
2269.96 718.665
2139.56 630.936
1754.34 565.714
2175.08 627.429
1895.76 621.661
1979.56 589.198
2231.96 699.282
2076.74 638.803
2200.67 729.034
2053.84 674.146
2065.14 696.288
2083.55 670.073
1868.36 594.125
1894.03 634.933
1945.17 581.263
1817.43 566.369
1604.85 466.951
1795.09 520.549
2052.18 663.465
1578.68 477.034
3094.91 1068.4
3597.4 1018.8
3734.52 1040.51
3462.77 964.884
4059.53 1238.63
3586.65 1117.69
3334.17 1004.08
3624.94 1057.02
3790.77 1149.76
3267.12 958.769
3649.55 1138.69
3491.78 1060.54
3605.2 1047.2
3575.27 1040.64
3749.84 1062.6
3952.04 1143.93
3337.85 955.403
3546.05 1046.56
3909.98 1096.41
3735.15 1055.64
3624.88 1065.2
3804.3 1284.13
3076.22 1092.65
3358.45 907.487
3372.68 952.631
3652.29 998.847
3512.14 1032.17
3917.46 1095.3
3541.77 985.984
3604.79 967.009
3473.24 1059.53
4094.73 1193.3
3854.97 1180.26
3340.5 992.519
3735.11 1077.05
3365.01 935.544
3672.31 1109.27
4859.06 1374.27
2615.05 727.684
4553.09 1353.32
4656.01 1263.44
3102.01 824.433
3571.5 1025.9
4644.78 1589.76
