3194.54 1093.82
3142.5 866.175
3173.67 946.679
2756.98 784.258
2588.11 795.599
3102.2 916.124
3258.69 906.213
3079.34 951.146
2932.6 827.471
2990.29 929.754
2634.04 746.403
2551.39 749.064
2750.75 833.156
2445.75 737.723
3010.1 900.893
2338.81 666.46
2809.07 796.022
3420.82 962.326
2834.91 768.199
2779.96 823.823
3132.18 925.56
3639.62 1209.83
2939.17 989.916
3504.03 966.744
3121.4 954.622
2931.23 768.541
2960.01 777.505
2959.39 834.055
2620.59 741.131
3051.17 853.671
3002.84 853.65
2877.42 891.582
2654.2 726.365
2523.07 808.367
2949.56 815.348
3111.52 956.877
2520.64 730.915
2739.74 752.078
2438.06 618.14
2794.2 792.684
2469.27 652.12
2408.05 672.61
2688.2 700.28
2854.48 984.256
3823.92 1161.46
3660.71 965.662
3740.78 1161.9
3163.15 824.606
4500.08 1434.26
3785.96 1105.5
3433.7 976.611
3710.99 1081.9
4339.06 1410.9
3255.17 881.217
3446.54 1146.18
3254.58 962.362
3833.99 1123.98
3066.56 859.603
3838.36 1157.48
3045.29 776.273
3878.55 1186.42
3368.51 952.357
3197.03 823.479
3029.98 827.891
2982.02 796.838
3457.19 1105.74
2119.06 657.401
1571.24 507.774
1259.1 399.941
1276.03 425.604
1596.94 563.91
1568.09 494.574
1543.64 485.802
2206.03 688.3
1599.01 501.975
1617.24 515.183
1674.37 514.682
1314.04 454.76
1598.76 537.398
1387.62 466.97
1489.36 521.415
1552.86 524.783
1397.25 474.836
1458.67 471.065
1296.57 454.061
1637.76 521.3
1531.54 508.574
1425.76 510.546
4258.37 1202.4
3193.33 786.809
3576.28 1015.06
3006.6 807.332
3457.81 1004.37
2864.33 759.196
3347.84 1020.64
3188.44 900.292
3284.65 1008.99
3588.94 1084.94
3817.25 1254.02
2725.36 757.263
3097.46 984.98
3257.42 988.157
3439.51 1042.41
3494.15 1011.25
3306.22 956.499
3169.39 827.644
3846.69 1099.48
3957.13 1077.13
3005.91 774.912
3677.8 889.491
827.323 307.011
890.905 350.981
863.247 342.15
799.981 382.037
885.116 336.997
773.091 335.078
758.281 311.22
757.109 313.196
794.359 319.367
912.793 383.446
843.967 336.803
940.383 373.68
928.653 367.574
1179.35 432.919
957.955 364.425
918.978 386.573
878.027 353.969
1065.08 390.425
859.766 354.114
871.294 336.686
945.248 369.555
933.914 366.739
3289.79 784.77
3254.62 857.817
3454.75 943.892
3482.38 958.107
3237.22 865.289
3495.22 1007.29
3127.41 856.859
3583.62 993.887
3007.08 869.083
4013.92 1280.37
3569.13 1004.67
3370.53 975.209
3558.94 1008.69
3859.68 1090.6
3250.56 920.115
3244.77 887.695
3916.94 1160.41
2828.6 796.38
4136.68 1151.08
3811 1113.03
3497.62 880.963
3683.32 901.841
1298.41 1010.08
1182.28 394.632
1179.79 406.44
877.904 326.139
772.829 281.892
892.875 318.622
780.12 306.523
817.431 281.121
774.303 325.284
732.162 285.931
855.772 317.943
843.103 372.759
1039.98 435.408
615.301 282.872
1066.7 398.794
583.76 268.923
881.552 345.712
684.935 248.953
947.806 349.618
820.354 312.161
856.737 307.699
797.098 712.66
3599.4 822.001
3317.85 836.144
4128.06 1204.15
3947.89 1138.98
3765.01 1045.88
3734.89 1085.98
3218.95 878.481
3930.62 1211.7
3678 1054.35
3878.9 1161.08
3447.15 982.718
3644.74 1083.05
3890.51 1237.49
4009.83 1209.74
3917.32 1201.44
3973.23 1205.33
3610.13 1029.44
3494.8 951.039
4505.68 1309.49
4280.18 1203.49
3146.01 819.936
3355.45 965.02
1104.26 424.353
980.052 335.227
1031.58 453.316
901.764 398.298
948.655 500.742
914.971 360.948
917.053 376.115
1070.49 425.887
971 426.784
921.256 431.659
1084.28 442.144
879.446 355.967
915.181 456.085
1051.01 394.598
1033.19 413.718
973.239 409.121
1019.79 404.194
1009.15 392.571
910.867 431.321
909.67 332.437
1019.25 394.447
1290.49 420.605
3519.93 836.162
3287.64 872.195
2813.33 798.468
3192.63 941.851
3374.44 1078.77
3420.3 1116.95
3312.94 999.738
3822.3 1250.57
3465.95 1032.92
3740.15 1112.41
3649.26 1091.58
4002.35 1278.14
3289.35 906.638
4389.83 1378.5
2791.67 768.027
3723.15 1167.09
3119.46 947.062
3563.05 1050.01
3590.26 1044.3
4096.45 1133.28
3404.7 813.954
3123.42 124.946
1567.7 397.404
1129.34 325.385
764.723 297.422
845.391 351.786
854.917 329.014
686.456 255.725
823.594 308.287
1082.17 382.115
1487.2 489.744
1309.51 449.23
738.555 303.692
896.849 376.001
790.119 312.855
886.061 387.574
918.216 315.08
901.726 389.966
630.138 241.134
911.967 362.411
855.43 303.176
1019.24 405.679
1047.67 414.732
1087.68 365.049
4726.72 971.777
3944.47 942.683
5326.9 1380.53
4403.72 1219.27
4176.69 1203.48
4172.4 1141.51
4089.73 1275.03
3241.8 947.316
3461.32 1099.79
4022.63 1190.03
3956.55 1151.36
3788.2 1077.91
4425.51 1349.26
3518.91 989.503
4066.6 1186.66
4184.89 1162.67
4342.67 1331.73
3953.12 1153.48
4238.07 1199.53
3866.78 1168.3
3836.12 878.249
3881.45 1049.15
1239.59 433.46
1161.45 394.897
1162.72 414.299
1104.68 408.229
782.182 320.698
1151.94 410.913
863.991 401.167
1001.88 367.331
1013.81 397.895
985.045 381.958
897.015 343.1
920.994 358.698
991.119 419.176
1063.53 435.535
1035.2 402.604
1008.59 361.468
1202.42 489.099
892.655 346.802
900.312 365.627
971.269 404.792
981.58 321.416
1115.46 394.046
3388.38 813.697
3324.14 760.055
3193.99 920.582
3020.05 848.803
2981.94 848.606
3266.65 1043.32
3132.14 943.471
3134.49 963.838
3255.16 960.043
3424.04 1024.9
3251.59 942.766
3634.06 1195.99
3174.73 900.697
3541.85 1016.72
3682.66 1066.99
3985.04 1170.13
3235.33 943.845
2762.22 796.839
3136.46 929.865
3305.38 875.076
3469.66 809.99
3352.87 785.014
967.424 328.713
760.449 221.29
920.289 364.03
614.549 252.796
601.53 254.884
1243.74 433.118
609.012 252.974
726.684 335.203
640.208 270.61
683.914 316.288
899.719 365.274
707.644 286.562
613.753 240.964
812.674 366.811
801.887 330.658
814.114 307.249
649.635 292.876
1135.67 418.925
607.934 254.784
629.509 240.848
758.779 239.447
899.128 329.476
3300.17 768.83
3543.25 846.371
3440.67 941.392
3289.6 849.98
3764.47 1085.7
3212.82 942.582
3456.43 989.446
3255.75 919.207
2934.93 831.599
3797.77 1125.26
3882.61 1169.91
3003.93 800.47
2698.85 783.341
2938.17 822.24
3126.63 917.543
3087.69 883.546
3465.85 980.834
3417.77 903.064
3426.51 850.941
4008.68 1096.82
3313.51 764.622
3774.8 717.017
940.824 275.115
964.216 308.035
854.9 344.679
906.351 312.954
1078.1 366.533
991.237 329.52
862.042 327.034
990.983 389.382
763.602 264.202
719.358 271.813
696.851 269.165
992.075 388.339
928.838 338.329
875.599 334.796
950.795 356.028
914.772 383.364
833.127 287.894
1022.05 357.271
1054.14 360.12
1048.61 421.783
864.577 260.735
945.137 285.462
4634.08 1194.76
4061.99 1040.56
4414.89 1263.33
4612.53 1438.02
4581.45 1387.77
4269.97 1357.14
4427.31 1445.8
3891.78 1264.26
3904.93 1233.58
4152.84 1303.75
4576.9 1397.72
3849.68 1086.17
4608.86 1566.85
4231.57 1342.61
4113.55 1242.16
3890.18 1194.68
4349 1353.1
4336.82 1370.9
3991.18 1304.08
4322.76 1204.72
4670.66 1165.18
4835.36 1082.14
840.011 288.869
1285.82 489.56
1061.32 357.835
1193.57 447.677
917.559 329.801
916.238 370.972
830.645 354.636
1159.23 557.113
857.569 364.39
1101.98 419.411
917.608 360.135
967.219 382.238
1254.39 510.006
1502.18 566.825
978.63 385.798
1158.69 488.407
948.187 389.835
1357.14 654.878
1143.17 411.706
993.539 394.227
1080.73 348.957
1146.9 426.902
3665.9 855.972
4209.24 1014.84
4082.92 1055.87
3459.92 876.846
4387.57 1246.55
3488.03 913.924
3652.29 1120.05
3674.72 1125.75
3690.97 1090.01
3625.21 1073.1
3780.56 1124.68
3660.77 1105.69
4046.36 1217.23
3947.87 1133.56
3921.39 1154.11
4380.41 1269.63
3735.57 1038.95
4412.26 1169.57
4217.49 1144.16
3996.61 1089.35
3790.58 957.795
3908.97 920.707
763.554 290.822
724.037 270.944
795.768 301.466
698.453 263.314
791.311 325.307
689.709 245.852
778.321 298.382
791.619 318.519
882.178 349.433
650.193 285.01
694.937 290.796
724.815 273.895
849.414 334.02
765.661 311.994
781.658 305.448
905.427 443.551
1059.41 373.662
804.372 287.52
846.644 330.165
785.07 292.551
905.711 337.459
805.534 302.762
3682.1 1080.94
4246.02 1250.08
3333.88 857.676
3117.29 857.829
4061.09 1227.48
3692.68 967.101
4067.54 1256.33
4089.68 1167.26
4102.58 1232.3
3251.14 980.565
3521.89 1043.35
3853.52 1148.75
3500.65 990.538
4474.32 1377.19
3223.52 887.879
3855.08 1192.97
3447.54 951.458
3656.88 1074.52
3668.44 992.114
3595.18 1004.42
3687.3 1022.78
4393.48 1182.94
993.516 418.194
889.536 313.76
1058.56 358.851
1060.55 381.984
1056.66 589.126
1030.28 397.552
990.278 384.613
975.32 418.177
1100.15 480.629
987.383 371.284
1004.42 456.214
1012.68 446.148
779.469 290.062
882.128 322.047
1099.61 432.824
1044.42 454.13
1055.47 387.325
1067.48 443.173
1136.53 478.612
1042.2 413.34
1063.83 425.303
1232.6 440.044
4520.25 1270.08
3971.72 1060.77
4800.18 1348.62
4106.79 1073.34
4456.54 1150.99
4210.25 1209.12
4187.68 1169.29
4180.09 1197.72
4243.74 1241.52
3951.88 1135.62
4397.51 1231.45
3999.58 1176.85
4070.84 1177.43
3835.1 1108.97
3957.28 1112.84
4426.17 1314.62
4110.88 1112.43
4577.84 1332.46
4250.14 1203.24
3850.38 1008.56
4599 1333.18
3993.29 1155.74
1956.43 594.057
1960.96 585.694
2275.14 743.316
2131.57 617.253
1745.67 560.348
2168.87 619.088
1881.01 614.428
1970.07 590.395
2434.61 826.724
2065.79 606.788
2186.99 730.255
2043.6 680.968
2048.69 681.585
2082.31 660.738
1852.28 602.677
1882.88 640.483
1946.48 592.627
1828.13 583.518
1606.78 472.914
1808.44 544.996
2058.34 681.391
1569.14 491.101
3090.37 1061.29
3609.68 1025.21
3752.65 1065.07
3436.45 940.567
4048.41 1235.58
3577.09 1133.01
3335.82 1030.83
3629.38 1073.32
3770.43 1163.92
3263.54 947.805
3647.32 1149.33
3482.38 1057.82
3606.9 1063.77
3572.76 1052.71
3729.94 1053.45
3942.45 1149.17
3319.95 927.469
3536.95 1030.77
3900.6 1087.91
3726.44 1057.07
3604.5 1048.11
3763.11 1273.83
3050.5 1110.36
3358.71 896.05
3377.17 953.221
3654.57 1007.52
3508.51 1036.53
3885.68 1074.96
3544.92 1002.29
3592.8 964.8
3463.92 1074.48
4091.76 1192.14
3837.6 1202.72
3339.39 1003.28
3717.34 1078.72
3360.42 922.003
3658.52 1097.7
4850.02 1365.3
2621.62 738.569
4551.43 1347.32
4639.5 1267.63
3099.69 831.407
3586.32 1049.36
4569.92 1571.58
