3062.09 1030.3
2944.07 822.545
3012.05 858.877
2640.53 769.596
2458.37 741.294
2957.26 885.275
3124.08 885.16
2859.52 839.979
2798.15 829.109
2800.4 858.054
2495.95 702.05
2459.44 726.538
2632.53 804.351
2295.75 699.079
2875.04 853.982
2221.55 628.056
2681.56 739.97
3301.55 927.431
2706.13 742.172
2633.66 759.485
2919.85 854.313
3474.15 1166.25
2817.88 948.698
3342.36 943.109
2976.51 868.673
2805.14 749.031
2800.68 715
2865.71 837.245
2565.51 756.684
2899.55 871.257
2855.7 833.235
2744.49 872.348
2520.48 689.21
2372.72 729.859
2844.81 768.944
2968.72 892.816
2376.96 671.373
2582.48 726.259
2332.43 616.877
2660.81 765.097
2357.21 643.385
2286.51 620.998
2613.94 717.571
2693.97 889.938
3621.86 1105.92
3541.84 970.619
3603.66 1116.29
3037.94 838.842
4234.09 1346.51
3605.13 1057.5
3271.61 934.439
3617.26 1115.3
4099.35 1284.63
3094.79 834.159
3269.41 1006.79
3086.52 877.731
3672.62 1094.51
2906.72 792.323
3761.36 1167.2
2925.52 747.772
3629.35 1055.88
3205.16 936.77
3039.72 812.509
2945.52 845.926
2874.3 758.551
3342.44 1076.74
2049.89 660.784
1551.74 499.139
1270.3 432.208
1209.62 428.873
1553.44 592.051
1490.71 484.333
1528.27 535.991
2194.32 727.593
1566.44 466.281
1512.08 490.768
1611.4 507.668
1257.72 483.197
1510.88 520.807
1325.37 476.291
1425.7 500.861
1468.85 490.477
1332.96 472.337
1359.72 459.468
1222.76 461.828
1541.97 551.541
1455.53 494.33
1433.79 466.15
4029.7 1059.68
3066.57 748.966
3423.56 975.075
2886.94 792.094
3572.28 1248.76
2755.04 756.252
3103.88 909.527
3022.27 857.539
3212.87 985.75
3477.21 1091.14
3660.92 1209.16
2607.28 708.753
2949.23 1002.2
3095.69 991.028
3187.22 935.65
3321.44 970.528
3160.56 903.745
3045.63 827.492
3641.92 1029.29
3803.23 976.668
2912.92 733.799
3583.71 938.392
792.65 302.777
866.015 343.588
829.201 316.576
758.871 398.647
845.763 324.466
734.856 320.9
729.66 311.168
731.391 300.273
774.405 314.413
855.293 395.525
810.022 345.23
888.861 362.616
892.116 390.397
1131.14 453.784
920.565 344.533
846.402 344.743
847.866 347.723
1031.25 397.217
814.245 307.459
826.18 358.722
913.668 361.961
912.455 411.478
3146.14 754.398
3147.02 805.603
3385.11 967.177
3332.29 919.842
3106.55 830.477
3340.14 999.225
2958.79 817.08
3413.85 952.751
2857.06 820.871
3798.17 1232.63
3411.65 955.985
3233.43 970.808
3379.37 959.88
3697.95 1043.44
3121.08 898.579
3133.32 872.001
3737.34 1093.8
2717.85 725.608
3983.96 1146.66
3652.29 1112.77
3343.53 874.67
3503.46 876.562
1771.96 660.265
1135.12 377.396
1172.82 409.809
820.567 300.519
761.066 315.183
867.066 315.3
725.703 299.021
776.768 306.314
724.619 306.709
697.718 289.18
802.328 299.153
782.233 348.813
984.755 402.468
598.37 244.865
1007.12 399.975
559.835 243.704
827.008 335.953
652.506 235.886
915.056 347.179
791.239 324.232
798.021 310.333
894.937 290.728
3409.87 633.826
3138.48 757.63
3950.65 1135.99
3778.85 1073.86
3581.43 1013.42
3656.77 1084.83
3068.69 816.161
3702.36 1145.75
3479.08 1005.08
3736.42 1168.25
3293.76 945.806
3466.21 1025.82
3711.85 1254.94
3772.7 1142.15
3757.33 1128.47
3825.39 1156.33
3462.61 970.578
3342.31 904.674
4358.2 1294.58
4032.54 1122.85
3043.71 813.333
3256.39 717.221
1110.67 495.057
949.302 352.544
979.384 415.71
803.303 328.887
883.688 499.287
883.176 348.797
880.897 341.702
1022.92 402.382
927.342 439.836
889 378.9
1007.12 444.945
832.973 339.051
860.019 453.789
1009.19 409.507
995.751 411.32
940.33 413.73
1008.45 401.192
952.653 385.287
880.19 426.034
878.78 321.403
987.517 404.599
1220.26 462.3
3244.79 753.491
3103.42 825.971
2782.21 789.01
3037.43 880.204
3161.25 972.635
3258.48 1084.13
3143.72 955.646
3594.73 1218.68
3298.87 966.708
3580.8 1068.55
3538.1 1079.65
3874.72 1276.54
3159.92 912.062
4183.13 1284.56
2655.87 715.223
3507.69 1085.01
2938.81 861.82
3428.71 1050.38
3421.13 1026.07
3918.88 1037.11
3275.81 774.836
2431.43 1456.71
1548.26 881.819
1129.19 337.771
745.396 280.463
897.994 433.627
827.266 337.779
649.027 234.889
786.222 282.019
1041.91 381.936
1438.67 474.691
1284.68 442.271
723.52 315.767
879.992 385.738
791.534 337.507
857.521 431.637
905.831 336.035
850.491 373.715
597.595 232.867
848.8 345.985
803.902 315.167
941.202 387.737
784.47 178.33
973.684 314.576
4361.71 843.697
3690.62 849.779
5005.54 1283.65
4197.67 1157.63
4073.42 1212.31
4008.59 1093.04
3912.82 1242.26
3072.09 940.862
3335.58 1025.79
3857.04 1159.05
3804.48 1131.39
3654.57 1031.61
4200.89 1286.78
3350.79 991.869
4004.04 1204.73
4030.45 1151.42
4092.8 1239.49
3801.98 1101.38
4024.99 1147.53
3714.64 1168.92
3775.66 945.19
3680.68 887.916
880.264 803.71
1096.5 402.843
1125.5 447.952
1050.13 402.246
745.038 298.751
1092.99 405.701
821.225 362.484
957.737 350.048
979.243 377.342
952.944 364.163
865.882 368.089
868.275 318.688
920.604 386.851
998.631 410.636
971.63 372.258
958.408 362.824
1157.91 482.797
853.205 344.928
856.616 342.587
883.145 339.301
945.971 314.791
1051.05 326.811
3145.43 677.47
3192.86 780.208
3011.7 890.009
2896.36 836.282
2831.68 788.541
3135.24 964.91
2971.8 870.006
2979.54 902.331
3118.63 934.974
3321.68 1026.75
3116.4 919.117
3442.85 1126.01
3025.86 876.039
3411.62 997.839
3508.09 952.877
3821.53 1080.74
3079.85 902.832
2662.12 764.862
3015.14 877.879
3166.84 841.975
3379.44 846.095
3208.07 643.083
1013.55 413.998
753.391 243.85
973.413 441.524
604.25 267.71
583.018 253.328
1231.17 424.312
597.759 250.109
691.648 313.923
607.587 256.029
675.827 288.452
865.325 339.976
703.706 297.054
571.634 247.345
784.644 389.172
766.703 306.638
776.545 312.312
623.747 301.52
1118.49 434.774
582.321 229.498
593.12 235.244
720.33 264.607
661.054 688.269
3138 576.762
3345.62 777.314
3237.93 821.124
3164.5 854.787
3588.39 1079.34
3119 911.273
3343.28 960.983
3109.26 898.62
2747.66 766.007
3577.68 1096.8
3735.07 1104.5
2923.33 816.907
2588.19 776.362
2856.39 844.871
3012.78 879.989
3002.55 844.596
3325.58 987.122
3271.81 864.913
3328.76 850.372
3836.07 1051.88
3151.72 762.153
3562.41 691.788
894.964 254.576
934.792 299.558
811.466 291.318
855.521 318.012
1029.15 339.911
946.374 317.373
835.332 324.607
960.508 374.741
752.651 279.434
686.395 280.868
664.849 259.822
968.065 376.639
887.185 323.681
835.913 329.246
913.077 341.675
861.966 354.155
791.787 276.46
978.931 339.383
995.549 349.174
994.809 361.349
803.874 238.713
911.409 248.473
4433.08 1182.85
3875.99 1070.09
4247.79 1317.81
4334.94 1280.77
4430.7 1347.36
4078.62 1290.21
4214.24 1345.5
3765.51 1181.17
3722.81 1196.3
4005.81 1341.67
4305.11 1288.08
3723.15 1069.79
4296.58 1489.79
4042.12 1315.08
4238.15 1467.81
3775.83 1158.6
4149.15 1282.86
4117.41 1230.72
3968.1 1377.3
4197.29 1156.9
4427.78 1109.61
4737.64 1073.84
817.894 497.328
1240.13 472.472
1056.21 377.839
1177.82 408.991
913.852 346.035
876.94 353.037
785.282 322.507
1128.64 481.879
823.472 351.909
1088.77 471.31
870.511 368.452
929.067 385.893
1197.26 474.745
1414.06 511.385
906.51 376.114
1095.43 456.082
911.647 378.805
1237.58 497.491
1144.45 436.101
938.619 412.607
1045.62 385.746
1063.7 424.073
3456.02 780.59
4030.29 945.787
3916.23 1029.01
3339.46 868.461
4181.06 1188.4
3324.63 898.914
3497.98 1048.04
3488.16 1075.03
3531.41 1086.06
3526.11 1075.88
3592.74 1059.59
3505.97 1038.14
3877.16 1162.91
3752.42 1070.09
3813.28 1153.07
4274.83 1284.53
3610.85 1028.96
4194.64 1096.11
4047.95 1098.53
3888.1 1075.37
3713.02 964.785
3725.78 836.187
805.348 313.063
685.548 288.01
776.783 346.518
677.3 267.584
767.003 339.643
664 260.534
738.097 301.536
750.473 313.435
856.63 345.095
615.71 269.82
665.222 289.462
692.751 267.248
831.26 338.406
711.408 289.473
756.607 305.052
797.375 347.017
1018.23 387.181
780.827 318.452
800.756 315.186
753.142 311.37
867.225 328.079
770.032 283.772
3364.16 1050.66
4058.25 1229.42
3192.24 854.667
2991.11 850.975
3872.18 1176.21
3559.56 948.375
3895.3 1248.76
3916.54 1166.3
3983.38 1254.06
3121.52 957.59
3365.81 1015.64
3713.81 1112.66
3419.45 1016.44
4255.92 1300.1
3072.83 866.706
3722.59 1185.21
3324.66 964.714
3477.74 998.932
3542.79 1011.44
3432.23 960.628
3612.39 1024.24
4323.72 1128.85
945.158 374.126
846.547 299.578
1030.09 352.345
1050.14 398.619
926.232 406.531
983.909 400.769
943.22 372.778
918.827 431.632
1054.52 481.044
957.734 392.856
996.604 439.428
958.754 405.795
745.245 286.94
844.461 319.096
1055.58 441.95
1019.36 429.881
1027.03 370.034
1025.24 434.304
1073.02 483.98
1017.98 387.993
1037.47 388.604
1173.01 437.529
4445.14 1184.55
3845.25 1049.88
4584.61 1311.75
3934.63 1045.19
4297.09 1156.92
4046.75 1176.52
4027.53 1129.51
4014.18 1104.13
4060.81 1194.9
3895.05 1219.01
4242.08 1245.33
3866.94 1152.06
3925.59 1164.97
3700.41 1090.7
3796.87 1094.98
4281.04 1245.73
4064.86 1115.72
4318.64 1218.43
4151.67 1202.24
3670.1 970.469
4430.92 1238.33
3840.94 1170.88
1999.93 672.533
1897.47 564.611
2189.63 648.789
2034.54 593.604
1667.4 505.324
2082.5 624.082
1825.83 595.899
1867.91 534.564
2099.11 630.838
1981.99 637.291
2073.55 690.282
1964.88 634.857
1987.37 722.074
1982.54 616.861
1795.3 575.331
1790.54 592.253
1841.95 562.16
1728.49 534.617
1541.53 459.731
1703.75 479.54
1990.14 704.571
1511.42 462.054
2977.55 1074.5
3497.19 983.618
3654.57 1023.11
3317.92 887.555
3904.44 1158.46
3403.38 1067.29
3204.89 981.111
3539.52 1087.08
3647.01 1149.41
3148.49 953.029
3502.75 1082.46
3355.36 1012.26
3473.78 969.515
3461.9 1035.04
3571.27 1004.09
3772.35 1070.81
3264 930.75
3396.41 980.682
3787.59 1084.31
3559.08 1011.13
3496.67 1050.7
3591.63 1189.66
3002.84 1089.87
3217.18 862.141
3248.15 892.219
3489.87 948.252
3398.41 1002.72
3695.72 993.803
3422 952.314
3477.56 947.883
3302.82 1042.78
4022.62 1241.71
3703.68 1130.28
3231.77 961.496
3573.34 1041.54
3220.12 911.423
3469.94 964.813
4615.11 1264.52
2534.39 728.863
4345.03 1285.44
4486.3 1249.68
2971.38 811.742
3447.87 1007.32
4262 1453.53
