2191.27 3403.03
3112.95 808.1
3374.55 1010.56
2864.03 791.777
2719.63 868.486
3278.47 1060.54
3341.72 943.641
3116.19 899.49
3057.71 846.398
3075.54 948.488
2686.34 768.091
2594.95 755.023
2813.64 836.205
2565.5 794.174
3188.74 1001.64
2413.01 661.251
2891.81 826.031
3535.18 992.688
2917.45 754.284
2929.96 876
3207.81 867.841
3857.76 1311.43
3066.42 1005.92
3638.64 987.756
3204.02 907.875
3091.57 798.936
3068.69 831.344
3060.87 876.462
2683.08 719.092
3166.6 899.481
3081.16 877.57
2932.6 892.624
2744.09 758.889
2596.19 840.057
3019.9 805.494
3207.88 957.045
2632.9 785.81
2857.25 774.524
2509.06 671.67
2889.42 825.402
2553.13 671.23
2500.37 672.955
2775.5 727.381
2960.38 976.47
3818.56 1056.85
3769.77 957.407
3808.53 1204.27
3232.38 897.025
4575.14 1334.07
3948.84 1114.46
3518.91 915.008
3790.22 1040.27
4510.05 1408.59
3365.68 911.034
3564.62 1141.4
3328.41 965.586
3955.62 1158.31
3114.18 863.758
3982.36 1232.14
3119.15 788.147
3969.65 1183.49
3491.76 970.593
3253.84 847.412
3081.32 782.612
3117.81 884.389
3557.41 971.022
2300.25 797.586
1630.32 538.031
1328.57 438.979
1317.99 456.819
1651.68 593.733
1626.74 498.266
1599.72 549.155
2253.32 699.7
1638.47 540.404
1709.98 523.685
1698.16 542.538
1346.84 457.531
1636.51 599.048
1411.42 454.517
1509.03 558.248
1613 497.975
1439.71 499.663
1494.61 432.611
1360.05 478.862
1670.9 521.993
1598.43 590.28
1441.81 488.488
4288.69 1019.48
3286.49 812.95
3689.22 1056.18
3111.1 805.716
3597.29 1055.25
2985.97 802.142
3403.09 1073.38
3318.83 950.59
3361.81 1000.11
3665.62 1049.67
4118.56 1375.59
2819.34 820.111
3166.84 968.529
3356.08 1075.36
3622.3 1138.28
3598.43 1075.18
3377.65 926.227
3318.3 939.93
3949.46 1072.48
4021.52 1074.49
3099.29 775.426
3997.23 1018.54
834.864 350.894
969.282 423.142
866.122 346.235
829.882 418.555
926.505 366.987
859.813 400.402
795.871 331.417
793.042 322.441
830.818 388.093
933.151 423.892
869.724 402.855
970.218 368.35
971.056 383.629
1233.24 457.702
984.794 401.544
934.798 403.577
910.407 383.149
1093.62 413.526
884.939 342.732
875.739 347.163
986.299 349.419
964.656 349.289
3337.07 728.13
3336.15 828.312
3582.9 967.897
3555.43 974.107
3372.52 919.915
3587.24 1085.08
3187.52 869.158
3647.82 1020.21
3079.25 828.547
4130.3 1238.58
3756.06 1139.1
3480.16 1068.32
3624.01 1000.99
3982.14 1153.54
3379.36 951.268
3367.93 950.653
3995.01 1212.32
2911.25 742.31
4272.25 1159.15
3977.03 1111.67
3579.74 807.61
3618.06 787.222
1675.43 431.41
1197.27 408.23
1208.97 400.696
901.992 319.532
811.951 314.789
913.557 338.481
782.386 311.691
838.065 304.309
803.938 349.912
748.896 293.16
893.703 343.06
888.885 393.983
1085.28 406.897
644.785 261.361
1099.42 400.726
588.507 251.692
922.27 333.295
713.601 255.965
1000.76 376.411
834.693 298.951
863.136 345.735
797.123 607.783
3628.73 722.49
3411.15 734.71
4266.28 1240.63
4119.74 1196.04
3889.38 1149.35
3922.68 1138.04
3324.63 903.287
4028.69 1252.92
3782.2 1078.43
4018.24 1167.98
3544.66 1029.93
3710.46 1114.95
4069.64 1338.02
4094.5 1193.77
4015.54 1186.85
4184.19 1232.29
3684.96 1062.21
3587.66 986.986
4704.65 1365.12
4400.28 1333.31
3219.16 756.074
3645.01 815.055
1089.01 439.403
1020.08 400.158
1054.24 435.507
920.581 376.19
1011.9 392.575
981.83 381.387
953.142 372.396
1109.88 423.567
980.674 423.416
961.174 446.319
1131.26 541.966
883.927 399.954
954.384 452.598
1083.01 452.063
1040.59 409.05
1025.75 429.651
1046.22 410.223
1063.22 447.394
941.606 445.599
914.123 325.142
1041.36 408.078
1286.99 318.441
3526.33 613.772
3391.09 839.079
2864.22 759.317
3288.37 932.404
3431.87 1082.3
3472.01 1025.91
3430.21 1028.27
3893.22 1275.95
3505.43 1028.13
3971.37 1238.38
3802.38 1180.45
4120.14 1295.89
3394.06 914.445
4496.37 1449.33
2867.06 783.81
3935.58 1237.54
3187.16 929.247
3762.69 1115.68
3674.32 1043.66
4216.45 1123.5
3515.43 770.841
3439.3 640.578
1585.82 289.249
1145.14 354.021
796.531 334.516
878.528 289.884
863.915 368.081
701.529 266.919
840.913 295.957
1111.07 387.307
1515.15 515.065
1370.08 486.773
748.972 353.779
897.106 415.133
793.002 320.378
927.436 404.564
935.338 309.002
953.178 411.806
634.467 228.117
944.342 361.172
874.991 333.349
1070.52 413.203
1045.76 363.622
1015.61 274.386
4675.37 1095.42
3997.34 866.875
5335.24 1360.16
4447.25 1243.34
4470.32 1320.54
4286.7 1149.7
4191.23 1324.08
3369.57 1010.25
3563.07 1110.31
4167.75 1214.4
4071.05 1229.49
3914.44 1110.35
4524.03 1337.92
3590.86 1037.62
4202.45 1248.84
4283.74 1137.37
4396.69 1283.46
4063.3 1138.71
4330.28 1236.05
3930.46 1151.49
3889.37 858.643
3714.4 750.265
1275.22 296.777
1178.11 337.241
1176.86 434.912
1140.07 443.859
806.558 296.661
1177.91 423.935
884.732 432.88
1029.71 360.83
1057.47 422.396
1022.76 386.747
920.212 362.586
935.507 367.292
1028.03 511.446
1085.37 457.054
1063.73 409.651
1027.53 348.956
1264.56 541.961
953.342 392.034
973.744 429.576
983.994 456.242
1003.1 295.673
1059.14 240.981
3357.91 664.733
3363.74 771.853
3252.76 916.476
3099.05 943.47
3084.98 894.46
3306.84 980.002
3269.18 994.199
3217.99 941.815
3309.1 995.077
3508.42 1092.46
3369.98 1001.77
3714.08 1160.12
3212.03 945.178
3624.23 1067.88
3784.76 1082.55
4067.94 1178.13
3305.98 935.428
2792.54 780.743
3214.57 926.191
3432.5 893.486
3539.02 786.715
3460.6 722.698
925.445 222.576
776.339 237.757
906.382 301.553
621.456 262.011
605.659 248.739
1262.39 431.762
622.795 258.685
751.561 325.754
657.896 289.587
696.438 289.179
905.906 375.662
704.96 276.481
639.807 262.611
841.764 331.973
826.379 314.987
819.695 316.425
687.904 313.993
1161.33 445.61
632.352 245.93
665.436 268.029
796.536 295.065
909.29 208.221
3175.34 493.503
3602 856.367
3483.83 896.013
3347 875.837
3849.98 1121.96
3336.89 987.703
3547.48 944.106
3350.93 970.815
3006.53 884.379
4030.59 1265.13
4018.09 1216.7
3092.54 846.808
2785.61 842.843
3021.31 846.673
3221.65 921.051
3209.86 891.246
3590.76 1042.94
3483.99 891.584
3519.04 865.157
4113.27 1070.46
3285.15 738.628
3738.11 690.621
915.603 298.84
979.319 283.164
878.222 316.231
909.725 297.558
1096.79 366.646
1028.06 319.429
915.36 366.77
1009.29 397.789
781.527 264.922
722.308 292.438
710.058 270.389
1036.42 402.075
951.73 343.663
886.465 344.365
991.567 386.634
982.347 408.862
873.651 319.376
1057.36 364.688
1110.27 392.924
1072.89 397.414
885.201 260.755
931.535 225.414
4642.99 1000.89
4099.98 1058.24
4521.51 1311.11
4949.08 1562.82
4803.6 1519.29
4321.26 1339.8
4596.76 1475.48
4078.11 1362.94
4007.45 1307.5
4330.9 1477.89
4726.42 1468.92
3950.83 1162.49
4756.47 1627.95
4382.95 1464.81
4199.6 1263.03
4022.97 1301.88
4474.19 1434.68
4381.19 1315.59
4110.23 1415.71
4401.98 1172.81
4725.1 1165.1
4811.06 1225.45
838.259 260.551
1285.88 453.184
1115.98 407.029
1200.84 414.151
950.393 368.193
974.9 450.297
860.869 328.432
1166.48 550.569
900.803 353.33
1121.17 529.921
948.686 409.428
986.174 371.411
1327.83 554.567
1483.46 585.745
1024.47 446.176
1183.73 528.25
971.473 391.773
1277.11 457.655
1197.93 458.112
1046.58 439.623
1115.35 376.942
1284.42 878.383
3666.09 740.028
4342.58 1008.94
4102.55 1018.7
3609.62 932.775
4464.36 1217.14
3535.62 959.858
3789.1 1125.21
3723.43 1096.66
3799.51 1156.03
3841.71 1135.75
3820.85 1166.09
3683.48 1028.37
4208.34 1276.48
4053.15 1179.24
4012.28 1159.11
4600.38 1372.07
3844.62 1087.5
4577.54 1279.07
4263.84 1189.76
4070.08 1065.2
3872.04 976.505
3899.02 874.058
788.879 232.442
764.318 310.187
829.075 324.556
751.399 305.39
821.288 303.85
699.597 293.677
813.579 347.489
823.499 327.244
898.065 394.478
680.549 264.402
743.981 322.977
742.517 272.01
897.81 350.825
817.018 328.524
813.489 311.26
907.29 389.579
1083.26 384.089
823.133 296.773
879.545 338.324
822.915 346.525
936.898 406.141
835.832 483.249
3483.19 922.978
4455.26 1294.32
3430.53 952.52
3187.76 873.019
4422.86 1452.4
3770.84 969.794
4184.81 1280.92
4203.26 1254.03
4238.29 1261.52
3346.15 1015.28
3560.39 1049.64
3949.42 1165.54
3573.31 995.688
4619.27 1427.31
3329.25 941.483
4067.99 1300.14
3509.59 967.433
3758.48 1141.18
3727.19 1042.71
3662.66 962.286
3821.23 1079.65
4450.38 1057.53
854.272 787.87
889.775 308.704
1060.28 332.328
1061.08 338.01
1002.06 516.568
1083.19 435.541
1035.54 411.736
1025.93 433.206
1122.1 467.531
1000.28 380.999
997.746 454.188
1136.91 584.272
786.89 287.796
912.022 351.758
1115.32 460.572
1095.59 495.193
1113.43 397.321
1078.73 436.163
1123.21 438.388
1072.48 378.911
1124.47 508.847
946.482 515.323
4642.8 1134.01
4016.82 1014.77
4844.18 1271.38
4267.31 1077.32
4564.52 1158.37
4351.88 1181.52
4383.35 1256.89
4232.47 1237.87
4367.4 1241.48
3976.9 1143.08
4535.68 1306.9
4123.97 1238.81
4110.08 1143.04
3946.26 1141.22
3998.09 1104.34
4653.09 1351.71
4167.57 1092.27
4666.23 1339.62
4396.42 1245.66
3905.18 973.535
4781.61 1453.18
4201.24 1168.02
2024.37 606.041
2024.73 620.225
2318.49 668.664
2249.98 687.586
1790.39 551.232
2226.35 636.288
1974.42 640.872
2029.73 640.996
2222.15 639.329
2114.67 636.608
2282.95 742.56
2083 669.22
2068.14 684.713
2165.51 700.07
1921.43 618.665
1994.96 679.075
1972.54 623.271
1897.29 579.498
1640.19 486.871
1852.24 510.353
2153.07 725.158
1650.1 490.441
3215.08 1089
3705.12 1154
3847.14 1137.05
3560.34 932.348
4295.18 1326.15
3686.21 1124.92
3393.47 1048.41
3682.91 1059.47
3820.43 1119.26
3357.51 1008.84
3725.19 1152.19
3552.09 1049.84
3652.67 1025.1
3689.28 1050.06
3792.99 1051.17
3968.81 1148.67
3474.75 1064.16
3637.92 1069.39
4001.84 1122.97
3794.71 1024.08
3672.14 1066.92
3911.12 1312.86
3155.02 1125.15
3383.13 877.039
3428.06 892.657
3722.15 934.024
3581.52 1033.48
4032.47 1100.92
3618.54 994.647
3675.4 971.31
3554.57 1074.51
4238.35 1208.97
3956.17 1216.55
3429.84 992.446
3821.57 1047.18
3491.46 979.586
3753.22 1082.37
4998.07 1436.6
2705.08 751.767
4611.51 1326.05
4811.74 1344.94
3206.72 788.772
3677.39 1042.14
4496.74 1534.76
