3321.79 1087.72
3174.81 818.302
3249 948.652
2893.05 897.334
2624.42 686.496
3196.54 913.34
3340.71 955.653
3154.75 931.83
3121.28 957.024
3090.42 900.446
2687.82 730.279
2669.61 807.491
2862.9 858.177
2518.1 770.256
3133.22 973.9
2407.5 671.252
2887.37 799.868
3617.97 1085.69
2854.58 734.498
2867.61 792.887
3267.98 942.086
3613 1110.58
3053.61 957.464
3628.98 962.758
3196.07 891.909
3023.5 810.824
3069.74 842.317
3032.11 873.4
2763.97 793.211
3175.12 934.916
3115.49 893.152
2955.16 982.915
2716.73 720.641
2653.3 868.798
3030.61 816.246
3178.63 948.1
2704.19 803.605
2796.35 782.04
2481.14 672.791
2879.69 866.255
2542.38 659.46
2457.9 634.386
2765.52 745.12
2998.95 1020.8
3764.83 904.639
3741.59 1028.43
3825.26 1125.11
3248.67 810.453
4553.5 1489.85
3850.84 1081.79
3451.03 936.819
3887.61 1141.77
4398.17 1318.92
3297.5 915.928
3579.18 1145.77
3390.88 1020.82
3965.71 1196.02
3146.25 885.874
4009.19 1201.93
3125.28 807.927
4001.12 1205.8
3435.1 917.827
3251.65 833.484
3126 841.397
3038.19 820.313
3591.36 1028.23
2122.55 608.797
1615.89 510.106
1306.67 444.785
1316.91 427.478
1653.51 608.713
1618.23 489.66
1577.06 564.538
2262.11 681.589
1598.65 488.356
1673.61 542.012
1735.33 560.471
1339.43 494.444
1687.41 615.253
1458.7 520.111
1497.22 499.978
1601.01 508.316
1462.63 464.535
1464.64 409.087
1370.58 505.664
1707.55 512.858
1584.22 555.617
1434.87 542.766
4218.27 901.481
3219.5 801.994
3636.94 964.206
3079.14 802.892
3577.29 1065.86
2908.86 747.237
3425.57 966.765
3322.13 954.012
3390.03 1027.14
3729.99 1044.44
3987.32 1302.72
2766.99 740.415
3238.38 1061.41
3302.36 997.9
3586.45 1114.85
3621.21 1112.63
3387.52 998.294
3244.3 858.345
3981.2 1104.67
4124.1 1076.66
3133.47 823.715
3899.93 858.915
825.104 305.667
895.274 379.053
899.919 357.062
834.687 402.359
907.297 335.205
792.666 329.882
776.988 290.035
809.009 364.965
830.843 337.489
930.142 407.943
871.16 374.546
971.871 385.347
979.873 396.365
1238.26 480.006
990.836 415.856
915.132 369.583
921.826 345.695
1100.74 483.256
909.813 309.195
903.891 388.261
957.837 312.282
952.635 338.69
3282.17 683.321
3284.58 752.903
3561.98 918.873
3603.47 940.853
3312.71 900.036
3644.44 1087.71
3214.09 860.564
3635.05 1048.59
3040.5 857.899
4086.99 1255.24
3652.9 1066.24
3481.01 1119.07
3600.54 972.623
3959.99 1151.26
3360.99 903.389
3399.75 967.131
3929.54 1103.26
2949.23 801.344
4350.13 1232.24
3929.03 1186.93
3585.92 802.594
3671.17 654.593
1618.92 356.942
1261.79 398.524
1177.38 431.084
903.689 368.278
785.757 264.617
899.327 346.661
811.905 367.503
845.104 338.33
783.414 327.073
729.486 270.514
857.307 326.027
851.448 383.865
1055.26 369.055
654.017 248.521
1109.55 392.68
593.608 308.036
899.927 365.138
703.041 225.75
958.123 348.725
875.805 374.396
912.47 316.368
944.505 265.305
3528.81 716.298
3327.78 794.387
4183.43 1146.25
4010.69 1120.96
3799.54 1073.05
3835.72 1094.74
3299 946.602
4088.81 1286.86
3749.82 1072.72
3951.91 1178.51
3533.58 1037.97
3730.12 1115.19
4029.58 1285.54
4053.31 1245.68
4001.36 1176.87
4145.05 1239.44
3752.61 1048.21
3561.72 963.87
4787.37 1380.62
4490.63 1324.23
3174.09 717.415
3386.82 870.317
1067 396.806
1000.38 337.07
1039.71 404.648
925.278 424.666
962.745 450.198
942.596 363.874
986.795 458.883
1103.42 451.587
1016.78 445.974
943.566 383.76
1108.77 520.423
895.767 327.772
929.387 506.299
1085.52 416.83
1034.33 463.635
1039.39 488.155
1061.56 400.309
1026.49 375.708
1033.12 505.762
949.086 359.81
1051.88 420.061
1280.2 495.081
3426.08 785.403
3298.6 791.905
2809.04 762.364
3261.28 965.319
3476.57 1120.93
3543.15 1115.93
3411.27 981.591
3981.34 1360.93
3596.89 1107.64
3903.46 1194.59
3767.34 1159.39
4062.03 1306.38
3375.01 925.978
4545.3 1455.83
2862.58 791.46
3924 1251.79
3225.19 989.073
3725.91 1067.69
3642.28 990.03
4204.28 1089.1
3446.42 778.289
3197.63 2355.37
1534.17 586.261
1128.08 281.655
794.5 298.984
856.684 331.022
870.449 374.282
716.174 263.992
838.364 262.582
1103.35 416.635
1504.86 528.889
1319.21 436.951
761.594 337.74
907.029 394.093
821.323 342.323
922.014 408.799
930.191 318.817
958.684 449.727
641.353 245.826
939.854 381.097
883.886 310.529
1078.64 454.46
1062.72 376.734
995.73 279.865
4855.62 1090.29
3906.2 796.769
5403.2 1256.19
4712.18 1372.07
4267.34 1181
4310.78 1217.54
4149.6 1236.25
3327.62 958.945
3657.7 1194.22
4189.65 1235.21
4076.66 1204
3948.25 1095.19
4556.27 1360.01
3605.98 1050.29
4152.44 1200.34
4333.14 1254.9
4433.26 1298.39
4060.74 1171.69
4351.9 1183.26
4001.57 1247.41
3909.21 837.223
4070.62 3389.89
1276.3 250.13
1169.03 408.257
1207.18 384.61
1196.78 491.912
818.938 300.077
1165.62 378.211
886.288 434.813
1041.36 371.253
1101.69 456.565
1037.77 437.117
932.055 367.862
942.554 345.523
1027.97 405.139
1100.66 480.154
1074.23 405.603
1022.58 366.268
1248.07 503.503
927.954 358.154
941.511 392.406
1014.98 486.751
1011.85 314.963
1118.75 211.304
3339.41 691.138
3329.42 656.673
3249.91 898.148
3111.49 891.681
3039.14 828.904
3279.81 981.639
3245.98 911.759
3335.74 1039.13
3390.06 945.379
3478.69 1020.31
3416.73 1027
3749.54 1220.93
3207.2 925.087
3681.95 1140.99
3742.89 1033.36
4123.86 1188.74
3408.85 979.654
2814.05 769.916
3223.27 923.237
3440.2 771.359
3798.98 983.34
3344.39 759.954
970.874 209.819
781.882 234.961
926.117 364.943
633.006 262.907
602.783 264.066
1274.62 494.494
624.421 262.312
764.231 360.996
646.605 262.733
736.568 387.481
916.155 367.926
720.34 301.599
625.772 239.343
827.871 387.261
826.814 334.793
861.881 332.97
679.305 302.87
1151.79 414.434
650.211 283.23
652.04 237.109
784.059 241.641
930.29 250.243
3857.05 1027.33
3584.53 727.83
3521.39 932.99
3321.2 859.595
3887.04 1161.13
3328.02 969.355
3568.97 996.616
3357.23 996.59
3052.25 913.804
3854.32 1125.37
3970.58 1162.71
3082.93 818.956
2817.52 845.938
3032.95 913.478
3171.41 885.916
3192.27 897.116
3572.33 1004.67
3491.74 950.261
3474.15 842.174
4192.16 1105.2
3417.58 738.441
3814.64 686.389
896.653 113.382
983.843 305.314
879.11 323.335
922.314 301.87
1096.75 374.086
1027.93 369.37
911.601 351.919
986.311 416.323
776.789 261.206
730.209 239.913
720.148 305.698
1081.69 448.761
959.446 323.631
912.163 321.586
981.608 395.664
946.701 361.849
900.915 371.419
1059.35 355.202
1065.44 348.751
1100.02 445.081
878.129 232.96
965.959 226.513
4386.79 920.694
3998.39 1002.12
4518.06 1309.49
4692.34 1358.76
4965.87 1635.79
4374.45 1298.06
4378.94 1271.28
4040 1214.66
3982.1 1187.14
4562.13 1609.07
4641.89 1304.03
3934.25 1141.71
4645.37 1545.99
4312.81 1338.12
4273.1 1292.93
3959.75 1157.95
4443.95 1355.7
4333.68 1190.47
4094.29 1365.24
4418.27 1241.33
4689 1023.96
4745.17 1156.34
822.792 165.855
1292.75 447.912
1076.11 348.165
1179.47 484.179
963.816 411.882
949.043 409.523
856.227 335.678
1205.68 513.838
879.232 377.146
1128.51 514.573
954.725 385.655
991.786 420.728
1324.36 595.678
1501.36 604.106
999.393 376.411
1226.86 551.215
968.137 421.909
1300.14 520.688
1212.97 473.404
1062.9 469.788
1083.77 359.478
1123.94 256.82
3674.11 734.244
4323.06 939.767
4112.26 1033.12
3574.61 951.838
4542.11 1287.78
3538.16 899.989
3777.19 1133.92
3739.48 1074.76
3796.93 1143.51
3753.31 1146.81
3876.61 1127.26
3763.97 1102.13
4220.12 1229.18
4021.52 1176.18
3997.5 1150.72
4553.35 1328.75
3794.95 1033.93
4511.52 1217.07
4269.93 1149.21
4008.77 1039.12
3846.46 922.311
3951.12 862.482
767.757 259.072
739.521 299.331
809.034 252.757
726.152 300.281
829.301 370.325
695.917 232.898
819.308 367.062
826.485 335.658
886.865 384.782
659.53 282.774
714.415 298.765
743.831 286.388
855.738 380.328
809.571 352.545
790.425 332.049
869.639 374.736
1101.78 399.568
804.223 309.305
890.47 404.813
822.587 255.713
884.523 359.858
844.21 269.375
3725.02 968.637
4379.46 1309.58
3355.74 830.117
3168.59 846.054
4110.36 1216.86
3736.33 978.764
4133.32 1205.59
4102.87 1123.93
4428.27 1482.8
3363.64 1029.32
3656.98 1078.09
3928.57 1158.11
3556.06 941.498
4624.09 1370.82
3307.24 914.12
3996.18 1344.36
3427.71 936.645
3818.89 1143.71
3829.33 1097.66
3719.72 982.244
3721.25 1041.02
4442.12 1037.99
1011.52 380.232
937.91 320.736
1087.76 442.099
1054.72 378.943
993.462 524.86
1045.6 447.982
1043.78 418.547
991.146 449.931
1128.19 459.91
990.551 353.88
1059.43 492.191
1007.07 430.836
775.678 270.956
912.41 350.463
1080.41 424.595
1101.1 449.49
1067.55 393.624
1069.33 413.767
1188.14 479.934
1085.02 393.391
1127.89 493.238
1200.43 385.831
5000.81 1468.3
4043.01 973.557
4932.84 1349.44
4182.74 1069.12
4508.29 1109.47
4256.57 1094.48
4329.32 1203.97
4245.72 1162.6
4353.63 1291.18
3948.25 999.239
4524.68 1360.02
4057.06 1172.23
4215.73 1244.03
3974.8 1090.08
4123.32 1123.63
4528.67 1346.6
4131.88 1146.49
4824 1412.13
4349.27 1254.9
3848.86 935.009
4631.43 1219.03
4172.69 1116.86
2018.02 598.425
1997.3 564.016
2294.87 629.03
2139.36 536.145
1840.98 573.55
2178.47 623.674
1948.11 595.616
2082.83 654.633
2255.7 743.325
2187.46 691.214
2283.1 761.146
2145.36 752.828
2102.92 667.04
2120.45 641.783
1956.66 670.642
1932.68 690.844
1934 573.865
1861.98 502.305
1654.3 532.627
1812.66 517.195
2133.14 702.387
1646.51 516.49
3187.85 1128.74
3704.59 936.153
3834.84 1081.9
3525.65 986.236
4192.21 1276.82
3649.69 1087.68
3420.31 1001.58
3728.17 1130.86
3955.82 1208.61
3353.27 973.17
3674.33 1157.63
3566.13 1028.29
3641.32 1079.53
3645.66 1113.14
3839.44 1027.2
4061.55 1159.27
3458.52 969.938
3614.27 1039.9
4025.91 1076.57
3742.01 928.428
3753.7 1132.12
3846.22 1178.82
3268.72 1144.29
3400.29 867.179
3423.8 949.081
3734.59 1063.35
3585.27 1034.12
4039.34 1125.92
3617.47 1012.34
3654.09 950.847
3507.48 979.047
4240.96 1228.51
3922.44 1132.46
3478.99 1083.7
3818.51 1086.93
3396.88 958.861
3757.69 1179.2
4876.36 1303.55
2692.94 748.879
4872.87 1505.28
4795.08 1277.33
3135.01 802.558
3671.4 1072.46
4511.56 1434.23
