3154.33 1082.05
3144.39 851.655
3153.86 940.589
2748.25 795.542
2578.56 789.316
3090.38 893.043
3256.41 888.109
3057.66 904.834
2916.47 825.451
3010.61 940.627
2636.41 766.259
2541.03 740
2747.83 817.51
2453.97 753.08
3018.12 909.511
2358.33 683.059
2812.62 799.054
3404.71 941.299
2822.81 759.652
2747.82 793.024
3105.54 942.462
3663.39 1216.19
2977.21 1019.47
3530.47 991.601
3106.05 958.956
2919.17 761.574
2965.29 770.935
2975.77 856.081
2613.72 717.491
3061.51 882.032
2992.5 856.802
2880.53 902.544
2651.15 717.712
2515.73 809.834
2959.07 821.343
3108.27 947.051
2526.98 743.45
2719.22 711.197
2442.5 619.439
2803.95 803.88
2472.55 653.64
2407.62 671.107
2692.68 712.873
2876.31 995.805
3750.5 1114.48
3689.43 974.567
3726.28 1167.26
3184.85 843.485
4488.18 1406.09
3756.34 1086.16
3458.66 1012.38
3710.7 1078.82
4326.95 1404.08
3258.26 880.195
3436.93 1143.8
3239.62 963.694
3845.44 1136.09
3061.79 861.787
3822.11 1138.75
3035.09 774.017
3865.02 1166.86
3383.07 996.367
3200.21 823.98
3034.87 836.904
2960.32 769.948
3446.53 1083.62
2157.27 696.758
1582.42 506.991
1253.07 393.694
1273.16 416.739
1611.22 605.387
1596.12 540.004
1560.52 516.682
2212.46 694.517
1607.02 510.879
1617.24 525.44
1667.11 508.365
1323.43 482.689
1595.07 530.323
1387.42 493.757
1484.35 516.411
1561.56 535.561
1388.37 484.581
1453.77 480.746
1301.97 463.114
1641.27 527.939
1529.27 503.926
1402.74 506.937
4253.19 1203.42
3234.6 806.182
3596.44 1041.38
3003.47 821.458
3449.93 999.97
2861.19 764.967
3354.14 1003.85
3177.76 895.201
3280.53 1032.05
3587.46 1090.08
3810.45 1235.47
2733.34 765.391
3098.19 989.139
3249.92 979.535
3417.55 1027.29
3493.39 1015.65
3309.44 952.987
3172.72 817.127
3856.45 1076.04
3931.75 1062.39
2980.5 764.525
4073.6 900.422
831.469 296.229
904.609 370.768
869.528 349.532
801.066 383.616
884.496 329.226
755.395 316.502
753.065 307.655
754.942 311.806
798.01 323.366
910.204 383.567
840.159 330.304
938.998 366.71
926.415 358.348
1170.15 432.333
961.179 369.815
922.673 414.233
888.217 357.978
1070.67 393.767
856.569 358.37
868.537 344.776
936.422 359.495
973.075 355.946
3656.53 954.308
3249.79 857.36
3441.62 928.852
3486.29 953.882
3231.94 872.359
3472.05 972.37
3136.31 850.946
3596.53 1008.21
2998.08 860.789
3990.28 1273.38
3568.8 998.384
3364.16 973.191
3553.35 1001.56
3842.04 1082.14
3227.88 894.018
3259.19 901.676
3950.4 1189.18
2841.97 799.508
4124.92 1154.72
3829.82 1119.1
3519.67 912.227
3641.42 881.436
1707.29 521.975
1178.61 414.952
1176.67 405.525
878.063 331.763
770.191 281.039
891.22 310.061
781.774 306.357
814.812 281.205
774.502 337.4
731.028 283.539
847.76 309.811
838.412 359.032
1034.63 447.161
608.99 277.563
1055.82 402.353
582.701 280.173
881.323 330.978
681.167 251.719
940.069 338.973
807.427 302.892
855.976 327.548
955.282 345.181
3662.87 766.254
3312.94 861.45
4165.04 1255.57
3951.25 1139.91
3760.31 1066.09
3736 1113.04
3212.63 880.198
3918.73 1203.08
3648.58 1027.51
3879.82 1146.03
3445.23 990.67
3640.34 1056.32
3941.2 1290.88
3985.57 1194.4
3900.54 1180.43
4007.29 1227.86
3609.74 1023.91
3495.28 952.27
4540.54 1325.78
4284.19 1190.21
3154.23 844.769
3398.34 805.667
1084.57 389.417
982.917 310.473
1032.7 448.883
912.354 414.977
969.774 499.691
917.138 352.775
910.19 373.626
1067.67 433.657
962.127 425.35
923.382 433.658
1079.82 457.512
886.534 355.773
926.945 460.965
1049.46 410.432
1030.25 398.757
972.178 412.472
1011.06 399.857
1009.58 404.501
905.951 432.489
904.967 332.039
1029.58 405.968
1269.29 356.665
3553.85 756.146
3352.28 940.202
2808.6 788.151
3200.02 976.687
3362.11 1059.67
3399.7 1108.49
3291.6 984.637
3817.95 1258.72
3463.22 1028.92
3744.74 1152.07
3669.63 1100.23
4005.56 1285.03
3292.87 908.526
4391.91 1403.68
2776.9 756.359
3715.98 1187.5
3120.69 954.437
3550.72 1049.72
3589.3 1039.81
4078.84 1136.95
3384.44 766.708
3237.21 667.72
1546.03 354.111
1129.08 314.297
766.813 296.375
834.842 342.104
850.91 313.536
688.223 259.282
817.94 307.484
1080.78 370.572
1493.58 495.314
1308.53 449.995
738.765 300.363
893.43 376.854
788.35 308.1
883.473 397.535
923.988 319.557
896.688 381.446
625.909 240.58
906.098 362.964
854.02 305.39
1024.75 446.892
1073.61 455.529
1260.48 516.14
4666.4 895.289
3978.05 957.821
5286.1 1358.82
4413.33 1246.85
4158.78 1186.7
4173.69 1131.29
4089.42 1310.03
3257.6 955.946
3471.53 1116.02
4008.75 1190.04
3940.41 1136.11
3787.38 1082.67
4438.05 1354.52
3519.67 985.076
4069.82 1205.69
4167.19 1163.68
4313.52 1304.36
3929.8 1123.8
4197.3 1179.04
3863.78 1196.78
3912.61 954.211
3703.51 906.032
1217.9 388.885
1147.43 383.895
1166.46 420.423
1104.87 397.863
782.812 316.029
1146.07 408.207
862.638 404.319
1001.85 348.485
1011.4 404.333
985.934 379.994
896.061 343.548
920.573 364.247
984.987 413.82
1063.75 428.399
1031.51 400.061
1008.16 367.078
1199.39 491.514
887.885 363.946
885.524 357.786
969.617 389.159
988.033 336.434
1062.38 346.345
3319.88 717.414
3315.56 754.696
3226.09 964.675
3019.7 853.937
2986.44 844.648
3255.38 1047.95
3154.46 971.952
3128.88 958.265
3244.37 951.825
3406.02 1004.99
3249.85 968.524
3639.71 1173.57
3179.95 912.965
3540.92 1010.41
3655.9 1035.12
3979.39 1154.31
3237.04 970.106
2768.07 796.436
3165.08 968.643
3319.85 891.253
3498.11 824.353
3755.29 1485.67
958.218 309.821
754.99 219.023
917.265 365.713
615.576 253.667
601.996 242.745
1248.46 443.785
607.151 243.074
729.456 330.136
638.647 277.511
683.596 321.687
897.548 383.225
708.83 291.914
613.42 242.477
811.829 367.853
800.656 328.494
818.963 302.78
647.95 306.111
1139.05 419.718
608.079 253.018
628.177 235.494
757.334 240.789
918.795 367.999
3308.8 754.031
3553.59 840.094
3436.53 939.554
3285.39 847.512
3756.5 1102.99
3198.65 932.495
3469.66 1017.21
3270.03 919.407
2954.09 845.623
3809.54 1131.57
3882.42 1185.02
3008.9 785.126
2691.31 794.51
2924.75 815.31
3114.85 916.133
3061.35 873.747
3455.59 972.401
3397.85 900.561
3413.4 863.679
4064.93 1160.2
3313.02 777.757
3032.09 2776.23
955.066 285.037
974.124 307.695
857.112 347.279
914.486 328.873
1083.76 365.822
986.321 333
866.063 332.239
990.369 399.936
760.496 256.305
722.424 269.967
697.757 273.749
990.066 389.173
923.33 330.774
873.237 339.742
947.975 357.87
905.109 365.592
830.599 295.28
1020.96 362.859
1060.98 356.421
1053.27 426.602
877.916 282.645
927.2 290.651
4642.98 1040.07
4066.79 1060.24
4367.02 1248.15
4614 1424.57
4545.64 1373.54
4309.14 1369.76
4433.82 1462.12
3896.97 1254.78
3921.36 1226.42
4145.89 1307.23
4576.7 1399.56
3848.16 1094.49
4626.36 1587.23
4227.1 1331.05
4153.24 1270.09
3874.68 1191.76
4341.91 1340.25
4325.73 1353.44
3976.98 1293.45
4358.87 1211.6
4641.49 908.753
4772.33 1024.04
846.163 266.202
1290.2 503.99
1062.4 362.041
1202.63 442.216
921.314 338.874
911.74 359.18
836.952 370.133
1162.35 567.133
852.251 373.233
1095.14 430.326
915.604 358.774
956.527 373.622
1254.19 520.002
1503.75 561.714
974.085 393.172
1139.43 495.296
944.242 387.887
1272.35 463.6
1146.72 408.544
994.894 411.49
1094.05 371.239
1116.73 400.27
3667.01 837.708
4198.45 1015.96
4101.88 1083.17
3460.86 875.632
4362.38 1207.89
3492.23 919.822
3644.92 1111.45
3669.16 1113.12
3704.75 1093.31
3618.22 1040.16
3768.53 1116.73
3623.19 1047.45
4045.48 1219.11
3911.96 1109.23
3894.79 1128.39
4379.19 1269.66
3784.47 1074.47
4402.01 1151.77
4200.13 1142.26
4014.15 1130.68
3796.75 964.955
3894.55 857.341
767.381 265.606
728.512 278.904
797.02 306.906
699.247 252.404
788.382 311.866
690.159 261.052
780.256 300.538
790.375 313.338
890.737 359.096
653.236 297.518
696.919 282.953
722.725 272.751
844.714 325.01
764.988 323.424
779.515 304.275
844.158 350.414
1055.91 354.085
799.631 281.146
839.701 332.923
785.767 299.865
906.041 326.799
792.728 284.092
3625.44 981.3
4234.83 1221.75
3316.99 833.265
3114.94 874.627
4060.79 1238.43
3705.7 989.109
4100.52 1278.39
4087.21 1164.14
4096.83 1218.97
3250.92 986.022
3530.16 1049.67
3846.44 1132.01
3487.07 1010.03
4479.01 1406.73
3224.6 897.459
3837.45 1185.79
3450.84 968.676
3645.49 1084.84
3691.47 996.224
3589.23 998.349
3703.83 1029.26
4345.74 1096.44
768.838 364.666
889.467 325.831
1058.44 359.752
1056.73 378.985
969.402 469.885
1034.93 408.011
989.317 382.477
973.896 398.388
1107.7 489.197
992.623 378.954
998.175 474.806
1010.28 432.321
778.784 293.534
877.928 332.946
1104.18 451.064
1045.61 444.786
1057.49 396.322
1062 469.547
1130.17 472.688
1046.23 418.745
1055.68 426.335
1253.54 461.468
4497.86 1227.7
4016.09 1118.52
4783.79 1321.21
4114.61 1103.32
4454.22 1153.09
4191.04 1181.49
4175.75 1185.74
4157.63 1155.12
4227.77 1218.89
3965.21 1154.14
4398.69 1240.71
3990.09 1168.07
4074.23 1197.94
3837.61 1106.79
3936.53 1129.04
4401.56 1291.94
4117.79 1132.31
4447.56 2170.36
4232.62 1192.03
3825.07 980.069
4603.41 1297.2
4007.35 1180.07
1962.44 617.01
1964.21 589.587
2276.34 753.595
2131.79 596.815
1742.24 573.397
2148.67 604.123
1898.27 644.643
1956.61 586.036
2216.59 677.772
2058.2 603.416
2183.8 735.097
2030.11 671.52
2052.47 691.207
2070.68 642.683
1852.55 613.61
1885.54 636.138
1934.93 589.729
1833.87 574.881
1608.45 470.256
1810.84 541.344
2056.15 657.692
1582.92 514.227
3089.28 1039.57
3613.14 1026.87
3746.25 1076.71
3444.78 945.612
4031 1197.82
3626.18 1202.47
3350.17 1046.72
3641.48 1088.97
3760.4 1171.66
3280.68 980.689
3650.95 1156.44
3504.33 1074.63
3627.26 1070.14
3599.33 1064.37
3731.18 1065.39
3949.01 1149.77
3298.26 898.362
3564.92 1063.92
3891.66 1048.84
3731.27 1059.68
3626.05 1063.68
3738.49 1250.65
3011.17 1062.76
3388.23 931.599
3365.23 944.972
3641.17 1008.37
3508.44 1044.16
3876.58 1064.97
3545.25 1032.81
3578.86 971.895
3445.81 1064.26
4119.18 1222.38
3835.37 1218.71
3337.96 998.682
3736.36 1098.84
3374.57 928.621
3643.42 1084.53
4796.67 1329.27
2612.45 745.169
4534.05 1335.41
4641.8 1270.07
3090.39 815.09
3591.89 1053.78
4518.79 1579.99
