3255.69 1072.98
3128.53 897.103
3174.91 1000.64
2699.39 736.104
2602.67 788.076
3146.09 946.634
3268.33 883.379
2992.32 866.922
2979.14 889.51
2962.16 907.966
2597.47 768.312
2563.17 761.941
2684.44 782.124
2472.03 773.526
2999.67 873.233
2321.57 653.289
2831.3 818.371
3418.47 961.89
2845.75 761.635
2736.78 760.943
3061.43 816.092
3718.03 1265.02
2946.51 961.381
3418.86 926.407
3155.97 920.342
2906.16 744.687
2980.18 743.265
2946.98 816.84
2648.54 758.449
3044.51 925.975
3048.73 866.657
2918.59 911.968
2648.99 782.471
2503.42 838.529
2922.02 857.742
3082.59 921.338
2530.83 746.45
2692.01 712.261
2448.13 657.154
2803.48 818.057
2464.58 663.889
2397.63 650.98
2736.4 726.777
2867.44 934.526
3643.76 884.525
3622.12 893.209
3691.7 1119.06
3138.16 828.312
4423.28 1347.64
3769.85 1018.14
3414.75 956.21
3707.2 1060.92
4366.6 1388.26
3185.15 848.569
3372.96 1102.03
3301.62 974
3891.11 1156.14
3025.81 884.799
3872.08 1172.36
3039.61 801.73
3853.43 1145.34
3352.19 948.779
3154.01 790.855
2973.88 783.999
2899.27 752.161
3460.06 1001.59
2124.66 657.499
1586.7 505.8
1313.45 470.157
1291.61 488.28
1615.23 538.665
1525.2 464.081
1570.79 540.017
2311.85 752.949
1622.55 534.888
1588.26 527.9
1671.72 520.453
1308.19 477.105
1559.95 567.772
1361.38 471.682
1482.93 467.064
1555.64 511.507
1387.53 476.111
1442.75 472.224
1287.97 426.131
1602.66 539.316
1507.59 488.299
1408.57 593.236
4088.48 1109.45
3146.83 734.691
3539.18 954.77
3025.74 810.064
3491.91 1017.97
2890.78 809.252
3286.56 987.059
3200.69 925.841
3245.16 1020.98
3550.33 997.414
3764.5 1224.78
2731.29 767.718
3051.58 995.965
3344.94 1036.39
3419.1 1003.37
3534.58 1096.31
3354.75 970.572
3155.17 872.331
3861.88 1078.94
3976.44 1004.37
3028.31 787.268
3683.47 651.193
846.243 302.251
874.567 349.128
857.131 353.132
781.155 356.662
897.196 326.225
729.231 357.153
740.106 313.231
779.027 321.535
785.621 317.768
897.805 356.411
853.778 379.907
951.365 362.883
971.206 431.064
1208.81 496.082
960.129 389.281
934.01 430.964
915.542 368.057
1076.85 454.057
855.084 294.777
866.534 371.333
919.253 294.264
922.576 334.779
3080.7 646.243
3148.99 760.952
3429.35 969.184
3456.41 969.711
3208.49 931.879
3465.57 989.193
3074.91 826.263
3571.9 979.276
3015.33 921.045
3984.25 1239.47
3615.11 1072.54
3410.53 1005.97
3521.77 968.874
3838.18 1130
3202.86 873.008
3218.27 855.575
3924.73 1126.73
2879.73 833.525
4194.17 1175.9
3744.39 953.877
3539.29 921.035
3542.24 746.26
1618.72 510.119
1176.33 384.682
1187.93 469.467
859.651 315.269
760.571 246.075
885.365 320.72
776.145 303.876
830.03 330.126
759.213 328.977
733.536 279.221
832.542 289.491
840.791 345.72
1057.18 420.996
615.889 227.233
1048.93 406.916
585.07 259.718
855.509 339.412
673.468 239.696
968.818 390.987
831.41 380.73
867.066 360.632
914.941 286.237
3361.58 539.826
3310.47 801.871
4066.54 1205.31
3951.8 1134.52
3797.05 1061.72
3816.66 1094.53
3176.65 871.408
3880.45 1243.9
3599 968.484
3874.36 1158.3
3388.74 903.32
3591.45 1016.95
3797.34 1153.77
3941.64 1110.82
3867.83 1216.77
3994.72 1162.51
3601.15 1076.44
3504.53 947.729
4600.02 1379.9
4315.19 1218.93
3101.89 678.068
3310.17 541.698
1165.8 366.703
978.668 345.306
1036.43 535.196
867.749 401.052
968.071 428.389
912.031 358.689
900.587 369.967
1046.1 397.765
962.334 459.875
937.366 416.538
1084.39 471.806
868.258 336.638
927.417 461.421
1048.34 396.885
1015.69 405.676
1014.47 448.748
1046.83 427.824
1004.88 431.12
957.95 385.676
906.551 326.872
1013 416.114
1240.13 0.00392599
3489.47 695.487
3192.06 762.992
2830.06 758.801
3260 913.519
3454.63 1221.24
3395.79 1161.39
3344.48 1029.69
3759.92 1272.38
3385.3 1063.99
3732.23 1073.8
3624.68 1038.95
3923.08 1242.98
3306.53 922.829
4468.68 1424.92
2779.37 779.327
3708.23 1144.13
3111.65 936.128
3548.73 1076.26
3544.3 981.478
4013.17 1035.65
3337.09 643.888
3645.22 1139.24
1588.78 335.608
1266.89 407.151
765.314 287.282
844.915 342.695
863.29 368.513
682.651 268.094
823.408 299.233
1067.79 412.99
1499.18 476.687
1306.43 431.84
737.168 310.448
894.517 390.383
811.795 332.999
918.149 448.981
924.069 312.591
923.105 448.31
625.175 228.645
895.381 384.681
865.047 321.068
986.106 353.413
1016.48 367.649
1008.2 196.11
4487.56 1343.88
3838.75 822.181
5298.18 1261.95
4295.69 1084.98
4388.43 1362.57
4240.96 1215.09
4141.37 1290.88
3234.45 977.795
3424.16 1074.85
4159.59 1299.64
3932.75 1123.38
3799.3 1120.91
4431.39 1316.15
3531.67 1088.34
4090.69 1172.7
4249.43 1198.24
4368.79 1318.94
3949.66 1168.19
4110.8 1085.56
3869.21 1108.9
3806.36 842.762
3633.96 765.635
1170.75 142.201
1105.03 350.366
1171.03 464.599
1112.85 426.818
788.987 317.36
1193.08 469.888
878.018 383.584
1005.21 366.861
991.769 460.634
1015.09 409.942
873.531 361.103
909.938 362.708
963.017 409.58
1073.36 457.322
990.655 364.601
1033.55 394.882
1193.67 513.821
863.349 351.154
872.925 377.444
923.357 323.921
952 211.827
1086.16 234.51
3244.31 536.574
3274.16 738.627
3171.71 874.045
3018.66 788.019
2965.34 866.607
3202.33 1054.34
3166.07 958.603
3157.17 960.971
3275.4 957.834
3361.99 1005.6
3272.66 950.123
3621.33 1247.21
3166.62 913.919
3553.66 1029.68
3676.45 996.123
3940.84 1118.85
3175.19 934.24
2813.2 830.628
3131.58 944.952
3290.43 889.272
3396.72 690.301
3324.95 743.458
949.67 257.096
779.311 236.63
908.783 331.092
609.609 268.925
631.831 316.646
1198.56 437.854
608.022 245.89
731.864 344.135
643.373 258.343
703.743 304.428
906.354 405.442
709.761 308.9
619.048 270.943
817.008 372.886
800.69 337.009
796.205 356.803
672.135 347.502
1148.94 418.722
615.908 245.4
609.225 257.423
769.343 261.866
874.012 235.55
3191.89 590.93
3489.86 811.452
3365.42 778.081
3237.28 808.109
3719.14 1143.94
3253.69 951.012
3410.6 954.155
3227.63 905.846
2885.49 823.593
3820.73 1127.82
3931.6 1161.36
3088.75 880.558
2666.84 813.394
2932.32 844.45
3107 995.563
3089.47 861.562
3453.1 991.288
3429.83 904.431
3392.32 812.329
3907.92 948.105
3231.33 660.902
3715.99 727.184
932.633 233.929
961.392 295.436
825.887 332.944
894.572 313.022
1089.71 385.071
1006 340.439
865.948 324.648
965.741 365.505
761.026 260.085
721.069 268.494
683.704 267.253
996.403 365.144
905.877 326.559
867.935 338.313
949.577 337.401
915.717 392.021
818.026 289.088
1019.64 337.964
1065.91 390.545
1024.05 353.915
861.103 265.805
941.609 218.475
4393.31 855.608
3949.56 942.395
4251.05 1144.47
4731.32 1489.97
4585.34 1276.37
4070.96 1137.85
4380.88 1350.66
3955.25 1235
4000.01 1387.48
4168.06 1369.04
4559.1 1357.4
3834.68 1150.27
4548.68 1544.43
4119.97 1225.39
4125.77 1230.4
3816.91 1173.63
4289.67 1287.48
4347.17 1334.37
4044.14 1474.33
4304.85 1117.31
4603.65 1088.17
4565.86 963.443
866.219 191.468
1268.08 450.72
1057.3 361.58
1201.94 462.804
930.782 339.143
933.597 433.368
833.172 367.81
1121.11 514.216
856.75 372.817
1103.37 516.858
905.293 386.548
974.15 382.39
1256.26 558.019
1440.37 510.174
971.82 393.693
1157.04 514.648
956.12 407.988
1304.12 554.197
1184.64 448.988
1032.06 517.167
1058.3 367.464
1082.1 314.723
3620.19 747.442
4566.6 1235.07
3946.02 966.911
3453.94 863.212
4501.81 1240.78
3508.19 963.491
3661.63 1074.24
3602.11 1100.16
3721.8 1100.31
3612.38 1047.93
3728.5 1123
3582.64 1011.02
4015.26 1163.01
3902.2 1040.6
3885.71 1094.11
4379.85 1321.02
3655.63 926.873
4405.15 1164.13
4224.09 1135.05
3915.57 974.175
3775.1 851.482
3908.96 643.052
784.079 265.872
757.416 303.854
803.657 273.759
729.572 296.109
786.354 329.244
669.337 236.276
778.961 331.183
806.76 351.134
863.919 350.397
650.416 269.22
680.962 286.011
710.93 246.963
858.932 379.751
747.506 330.435
794.792 309.557
863.89 372.428
1026.5 363.113
816.594 359.998
844.147 378.393
784.899 285.941
929.219 321.318
770.205 259.895
3566.81 1063.36
4159.95 1082.03
3258.33 872.712
3130.25 817.754
4059.58 1203.69
3687.52 980.401
4057.1 1142.86
4029.77 1154.02
4162.19 1297.1
3278.99 963.052
3556.88 1084.8
3768.4 1101.71
3480.19 1032.68
4480.57 1363.08
3250.45 945.328
3883.22 1266.59
3355.59 944.643
3623.67 1028.57
3713.09 1036.91
3559.23 972.045
3660.37 992.657
4191.42 965.491
916.425 449.006
887.504 353.21
1123.45 409.358
1043.46 316.154
1018.8 508.913
1025.01 366.09
1010.48 347.891
979.62 473.758
1100.73 491.222
981.78 392.682
1012.57 492.982
1008.03 366.357
776.448 272.478
890.808 316.187
1096.53 446.988
1074.76 567.033
1069.07 415.413
1103.93 487.433
1127.27 492.9
1050.55 354.809
1080.46 463.765
1174.25 423.553
4412.99 1137.5
3904.86 998.219
4708.05 1270.84
4060.76 1094.7
4466.48 1084.72
4226.95 1223.68
4224.19 1197.62
4217.21 1223.33
4285.14 1263.48
3992.73 1194.21
4373.44 1194.36
4077.06 1174.17
3996.76 1109.03
3775.68 1033.85
3969.95 1146.73
4380.64 1310.09
4080.08 1052.98
4802.05 1461.91
4297.5 1254.61
3827.7 931.37
4613.36 1340.4
3966.3 1187.01
1872.06 507.442
1947.02 556.562
2269 718.87
2200.14 704.64
1804.97 599.619
2137.75 615.456
1906.03 608.099
1948.79 581.208
2195.12 718.9
2059.24 605.837
2253.06 752.002
2025.89 640.431
2079.58 727.712
2073.6 668.772
1880.76 598.41
1891.24 673.283
1960.35 598.112
1796.03 527.716
1596.35 475.527
1789.29 512.525
2018.07 650.557
1608.41 511.613
3186.39 1134.69
3631.83 1019.76
3660.37 955.239
3451.12 1006.95
4024.34 1239.38
3603.98 1217.48
3403.06 1095.72
3606.59 968.923
3745.48 1101.17
3182.45 931.973
3704.69 1193.57
3493.08 1000.89
3583.67 1049.76
3560.93 1046.38
3769.01 1114.26
3960.07 1142.11
3381.18 982.409
3466.17 1004
3906.04 1042.16
3652.16 1017.2
3658.24 1081.73
3744.9 1229.47
3055.98 1073.16
3303.36 870.334
3337.81 953.059
3669.23 1039.27
3511.79 1073.59
3865.17 1034.02
3576.86 1003.82
3595.05 947.903
3474.02 984.575
4197.48 1314.63
3848.14 1107.76
3271.72 963.372
3664.24 1044.51
3362.56 997.822
3683.27 1151.42
4816.03 1327.68
2603.53 725.037
4527.69 1312.79
4666.58 1281.91
3118.34 785.475
3563.06 1051.12
4362.23 1356.87
