2065.41 155.002
3197.7 865.548
3176.85 967.457
2766.8 785.677
2589.39 791.642
3139.71 913.66
3288.53 915.362
3046.77 927.804
2904.16 808.81
3037.68 944.575
2629.39 775.47
2575.59 793.037
2768.12 845.029
2429.96 755.098
3031.37 927.662
2387.48 710.147
2807.67 808.449
3467.4 958.157
2808.87 762.026
2723.39 762.061
3073.93 906.082
3738.97 1179.37
3040.65 1075.19
3521.13 961.059
3180.43 1008.12
2903.3 736.158
2979.75 772.667
2962.97 826.445
2604 713.285
3081.6 938.162
3037.27 882.279
2941.74 981.14
2699.38 762.105
2522.69 849.101
2987.86 843.097
3095.31 938.524
2569.67 752.988
2710.92 724.947
2451.79 636.088
2824.65 792.191
2442.35 627.334
2430.59 691.9
2685.83 737.56
2916.36 1001.01
3771.69 1067.98
3686.74 973.435
3746.06 1146.9
3166.28 860.353
4543.6 1382.51
3827.23 1142.96
3440.28 970.772
3723.57 1081.02
4273.94 1363.45
3265.52 855.983
3413.55 1160.73
3235.73 972.653
3854.36 1152.72
3055.69 870.175
3815.64 1124.3
3058.19 766.266
3878.46 1135.45
3325.41 961.941
3165.67 810.517
3057.44 855.788
2947.26 741.378
3431.25 1037.25
2097.72 594.18
1582.11 492.716
1235.51 388.494
1275.51 433.423
1611.59 602.605
1571.47 503.308
1566.68 497.923
2211.3 716.928
1615.94 516.678
1625.24 540.084
1682.54 524.283
1306.14 480.83
1594.3 531.762
1400.36 490.848
1529.75 554.707
1606.52 549.915
1410.95 508.927
1436.46 467.494
1319.56 494.222
1685.29 539.289
1542.44 541.363
1416.86 502.825
4140.9 1055.78
3196.43 741.591
3949.84 1230.2
3009.98 778.088
3470.55 1012.62
2899.51 773.534
3373.17 1001.61
3207.72 935.567
3258.34 1000.17
3525.07 1015.61
3809.61 1251.35
2739.57 764.072
3083.19 995.592
3252.1 976.453
3416.93 1019.09
3489.62 1035.04
3310.33 936.44
3194.57 834.683
3873.77 1084.77
3947.52 1063.94
2950.24 744.208
3682.37 816.781
848.996 308.78
914.696 394.867
901.128 366.147
804.347 397.102
878.787 328.044
781.984 354.722
747.088 272.686
759.891 305.905
799.918 336.941
894.735 402.63
836.92 343.945
945.392 374.035
934.385 391.098
1173.1 460.745
944.787 361.861
918.575 443.66
895.985 368.018
1077.26 389.837
863.279 344.469
867.869 330.734
929.022 346.47
968.323 463.69
3237.2 648.367
3267.51 857.756
3428.81 934.92
3497.01 954.309
3233.58 901.152
3551.66 1023.77
3160.12 843.009
3599.91 989.652
2973.19 821.348
3982.66 1326.52
3545.32 1001.96
3358.23 953.128
3548.8 986.268
3826.34 1092.24
3185.94 859.515
3254.85 911.03
3861.79 1126.59
2840.02 796.51
4167.21 1190.81
3822.13 1124.8
3471.92 856.126
3922.35 1141
1637.17 376.856
1199.71 461.294
1173.74 424.665
889.632 336.919
764.8 306.792
884.01 312.234
775.335 294.99
815.087 291.851
756.908 313.286
735.836 274.669
850.017 307.087
845.82 383.134
1044.44 432.17
608.148 280.7
1069.98 428.866
575.213 248.362
887.439 340.056
680.417 264.099
942.206 332.903
805.654 302.663
864.06 309.441
726.373 944.395
3624.94 754.202
3292.97 836.602
4105.31 1190.25
3939.75 1114.77
3810.91 1094.17
3760.84 1175.53
3219.72 896.327
3975.86 1230.17
3647.22 1085.46
3927.59 1182.22
3446.95 989.7
3619.44 1057
3935.11 1260.19
3991.48 1184.05
3921.66 1227.02
3961.77 1175.28
3622.03 1020.47
3497.59 945.396
4505.3 1244.46
4304.94 1214.3
3121.71 783.248
3410.47 729.009
1080.64 334.63
993.797 283.881
1026.69 454.844
944.538 432.465
1004.88 556.184
932.082 369.699
911.081 403.595
1113.45 465.402
959.281 417.674
936.22 433.429
1074.73 442.464
879.341 369.157
914.463 448.867
1029.03 397.829
1033.32 406.165
967.826 393.847
1014.35 388.254
1017.53 404.991
932.581 449.791
915.96 360.267
1046.85 405.387
1235.59 221.164
3546.08 680.055
3275.24 864.764
2818.47 781.196
3221.03 969.472
3369.88 1101.21
3436.33 1221.01
3332.39 1013.07
3837.37 1325
3500.53 1047.49
3745.09 1162.85
3700.46 1137.02
4018.99 1298.08
3288.65 933.228
4396.46 1409.7
2789.98 761.551
3710.91 1174.45
3106.06 950.762
3600.86 1056.73
3558.77 1026.65
4034.45 1099.78
3357.85 727.573
3231.22 663.084
1531.07 325.323
1111.49 317.76
749.731 285.215
834.125 358.542
847.745 350.394
680.859 267.971
824.817 315.79
1088.38 405.333
1506.46 513.257
1318.18 456.114
734.238 301.126
900.156 359.998
788.948 326.097
885.129 403.899
928.691 324.531
897.916 379.49
625.539 239.618
890.54 417.047
854 338.067
1037.38 471.823
1077.54 439.834
963.219 205.278
4577.33 767.528
3942.59 837.809
5318.42 1360.82
4448.94 1235.61
4232.72 1257.94
4221.38 1178.73
4155.85 1331.37
3284.26 1023.09
3486.53 1128.81
3988.82 1165.23
3960.98 1168.74
3777.13 1083.69
4507.4 1404.6
3560.35 1008.75
4041.5 1150.14
4171.53 1147.53
4326.27 1313.08
3897.35 1116.23
4217.97 1144.63
3850.14 1177.85
3889.7 829.639
3855.1 4.88821
1417.81 535.068
1175.72 394.347
1182.52 411.039
1126.68 423.452
792.822 331.802
1163.68 445.107
886.683 427.921
999.322 357.65
992.973 377.857
1000.4 384.695
903.613 342.398
926.596 359.589
970.321 401.916
1078.73 446.386
1038.69 394.316
1001.59 367.297
1236.64 566.216
879.488 335.121
882.141 360.115
976.06 400.574
976.698 322.643
1029.34 284.591
3338.5 722.018
3285.65 718.525
3229.98 907.612
3069.09 868.461
2999.22 832.908
3287.46 1069.89
3140.4 955.915
3155.73 978.438
3268.14 987.774
3403.1 972.018
3244.48 976.974
3630.6 1140.89
3153.6 925.49
3577.57 1024.66
3638.07 1049.26
3965.66 1126.22
3251.44 968.701
2791.92 793.567
3134.17 914.541
3308.24 900.897
3451.95 795.895
3722.88 1344.74
923.943 238.982
762.782 229.18
940.081 387.901
612.451 244.231
598.784 237.351
1241.75 435.582
615.116 264.622
726.097 307.423
645.74 277.983
677.616 332.351
910.805 397.933
713.738 279.78
616.637 247.069
811.344 356.393
783.417 344.257
821.154 318.651
646.546 322.932
1141.68 415.741
609.694 253.338
637.837 233.721
760.117 234.749
961.983 433.766
3285.43 641.158
3516.38 769.783
3441.39 940.132
3301.64 814.333
3719.6 1038.61
3206.66 960.817
3458.21 993.325
3313.19 934.813
2965.66 829.85
3841.67 1123.62
3936.55 1239.11
3014.26 806.814
2704.73 814.618
2941.84 828.016
3161.33 959.013
3111.67 892.8
3465.23 963.246
3425 916.583
3409.67 866.059
4041.47 1092.33
3279.33 665.274
3997.51 1753.4
959.365 293.365
975.148 315.913
861.539 390.341
913.523 310.817
1078.91 378.215
970.541 332.583
871.004 338.226
1008.54 400.253
769.407 258.392
734.014 289.967
701.845 291.641
994.192 442.595
923.041 327.78
872.433 345.579
968.858 391.183
899.488 373.249
824.881 294.817
1016.43 352.815
1057.88 348.727
1052.16 447.628
879.625 278.941
923.62 263.302
4589.76 971.064
3984.22 935.496
4478.1 1336.89
4548.89 1403.22
4536.8 1380.81
4324.55 1402.73
4437.88 1455.56
3876.63 1260.51
3995.09 1304.42
4144.25 1314.85
4482.64 1293.23
3880.09 1129.98
4662.48 1613.88
4236.22 1356.54
4160.42 1282.77
3872.72 1196.46
4312.98 1255.72
4402.85 1383.17
3943.01 1195.72
4363.54 1216.72
4693.5 1134.04
4630.11 958.679
832.314 240.328
1288.16 477.902
1050.96 367.39
1217.69 475.061
922.074 332.294
922.922 387.03
838.409 362.297
1143.75 556.264
844.737 395.594
1107.11 417.535
929.977 378.751
950.046 410.385
1236.63 507.89
1516.65 532.742
976.599 389.757
1153.84 500.581
935.311 363.416
1293.28 494.938
1256.6 542.824
996.91 419.022
1096.69 375.538
1097 371.728
3671.55 725.515
4194.36 1027.94
4068.53 1059.51
3477.5 898.448
4420.47 1274.12
3497.41 892.167
3721.14 1148.7
3723.54 1120.71
3699.7 1093.72
3593.7 1047.37
3800.96 1115.41
3657.41 1052.78
4018.56 1214.6
3905.85 1115.19
3911.75 1118.75
4388.09 1273.66
3770.72 1032.89
4445.73 1175.72
4238.42 1143.91
3984.63 1080.55
3775.76 917.947
3887.73 829.424
767.213 182.578
715.909 272.352
802.554 342.201
698.459 254.802
792.188 315.123
690.586 260.703
790.752 295.817
785.614 317.714
892.17 343.941
663.11 314.264
698.27 288.436
731.366 273.639
841.172 326.937
765.546 337.445
785.132 325.037
833.469 329.978
1051.83 353.314
802.531 281.278
849.058 373.844
786.967 261.031
913.582 318.972
782.694 293.75
3512.16 778.905
4194.52 1235.78
3303.85 762.891
3126.4 852.853
4087.66 1262.1
3724.19 976.823
4091.98 1306.4
4093.2 1128.35
4150.67 1248.57
3302.63 1027.27
3569.6 1079.32
4261.31 1271.16
3498.38 1014.86
4466.5 1374.99
3218.03 897.451
3797.21 1112.9
3456.12 995.84
3685.01 1152.41
3713.37 1035.38
3612.94 1005.94
3700.3 1011.88
4380.62 1084.15
1083.49 798.239
878.819 348.836
1072.43 384.425
1062.49 406.788
977.114 459.763
1041.26 439.113
990.219 390.354
962.503 423.427
1096.72 501.355
994.314 379.736
983.003 478.287
1050.45 498.983
774.794 311.21
878.409 324.945
1107.2 436.947
1034.29 411.038
1049.18 400.608
1043.98 440.696
1130.97 482.535
1046.08 430.932
1067.73 463.126
1222.04 435.405
4568.79 1262.52
4009.07 1097.35
4701.31 1185.95
4044.5 994.847
4453.51 1132.65
4214.72 1198.9
4205.63 1227.4
4173.02 1152.83
4237.5 1175.72
3999.15 1175.74
4422.01 1239.29
3973.05 1138.21
4052.97 1158.12
3859.73 1121.63
3924.42 1121.14
4427.31 1292.16
4145.51 1165.86
4616.89 1377.99
4305.21 1262.93
3891.96 1017.67
4602.09 1228.4
3975.74 1107.85
1964.52 556.854
1972.04 577.167
2320.86 746.404
2148.36 602.143
1742.09 549.453
2160.15 603.037
1946.26 671.195
1958.06 587.535
2242.03 679.551
2077.86 633.62
2175.4 754.45
2020.13 671.959
2083.5 728.3
2071.75 633.219
1879.41 669.864
1936.67 678.736
1919.16 582.952
1833.82 606.489
1624.67 473.471
1833.9 550.713
2131.44 750.546
1590.34 501.665
3076.6 1076.26
3617.36 1007.94
3767.97 1069.69
3478.96 929.182
4134.45 1283.96
3598.4 1129.73
3323.11 989.236
3650.3 1074.31
3787.26 1231.36
3310.22 1034.26
3655.19 1170.91
3506.84 1101.73
3646.22 1082.42
3596.16 1046.52
3781.25 1100.31
3906.56 1087.82
3301.01 939.377
3538.24 981.152
3893.17 1012.75
3697.98 1026.94
3609.03 1008.46
3723.94 1192.08
3058.97 1140.47
3395.97 910.114
3322.73 922.883
3701.43 1080.75
3526.42 1047.45
3908.1 1043.98
3577.15 1041.65
3604.24 966.08
3461.17 1063.62
4109.41 1263.67
3835.35 1181.89
3343.85 991.749
3755.05 1121.24
3375.33 923.249
3645.56 1057.39
4794.75 1328.01
2595.67 699.289
4627.95 1394.6
4625.72 1257.51
3091.69 831.632
3663.72 1080.9
4517.36 1576.2
