3403.3 1087.41
3322.36 961.137
3370.79 1025.42
2902.58 818.097
2713.75 788.466
3298.28 999.641
3395.18 908.949
3155.14 924.961
3099.67 883.369
3077.73 906.899
2767.11 780.156
2671.49 802.809
2900.36 852.371
2527.87 777.249
3185.01 948.287
2446 694.51
2965.86 832.481
3597.13 984.136
2978.89 814.331
2965.78 830.816
3278.49 891.118
3860.7 1295.31
3136.42 1065.64
3678.1 957.576
3255.46 929.992
3114.25 829.953
3105.16 800.508
3101.18 854.6
2781.67 790.63
3223.03 942.032
3090.92 887.219
3031.35 947.853
2770.85 766.675
2656.54 823.226
3131.42 860.239
3258.18 968.976
2682.54 753.08
2872.66 762.387
2560.84 662.718
2924.48 814.659
2574.89 658.013
2540.48 707.236
2804.9 706.635
2971.23 980.207
2684.59 13.4516
3800.31 990.472
3980.35 1240.76
3295.23 892.994
4683.89 1441.08
3959.77 1139.66
3532.74 988.048
3837.86 1071.52
4503.61 1453.1
3354.8 885.809
3623.59 1149.28
3376.1 968.11
4031.52 1178.75
3225.65 904.084
3999.61 1220.39
3180.41 811.158
3958.46 1174.99
3519.8 1012.22
3342.88 883.901
3187.07 878.923
3055.78 817
3715.02 1166.86
2179.05 728.658
1770.28 689.597
1298.16 447.331
1353.29 456.48
1662.37 577.856
1662.58 533.131
1598.35 537.098
2294 783.721
1625.39 522.427
1726.88 568.177
1705.21 536.582
1388.43 485.893
1693.74 587.292
1460.82 479.418
1542.9 546.238
1633.42 563.881
1478.58 485.259
1549.18 500.035
1377.93 476.108
1698.87 517.717
1571.95 520.043
1520.18 539.907
4340.33 1152.23
3318.35 832.5
3773.98 1057.72
3114.23 807.989
3654.27 1095.97
2993.16 770.514
3501.4 1002.65
3333.48 951.511
3370.36 946.197
3774.34 1138.96
4084.04 1378.69
2847.35 774.413
3287.85 1007.74
3388.12 984.328
3695.32 1071.9
3705.7 1137.21
3418.52 928.639
3305.65 891.044
3988.33 1129.35
4088.06 1055
3189 833.783
3814.89 857.382
881.765 335.046
931.129 375.979
903.696 327.71
856.487 437.221
939.6 367.676
806.417 361.714
823.722 337.82
818.258 325.942
853.18 390.022
970.916 433.188
883.816 359.604
992.499 386.299
990.894 394.64
1239.3 489.837
992.25 380.894
951.634 409.447
928.185 348.097
1102.97 412.005
903.939 342.297
900.807 360.578
1011.23 417.504
942.626 419.374
3377.57 813.732
3371.22 831.906
3621.69 1042.18
3644.57 1000.4
3387.25 926.449
3616.07 1031.14
3242.13 925.706
3715.78 1026.12
3131.73 876.633
4173.12 1291.85
3793.77 1098.62
3505.35 992.548
3651.28 1032.02
3972.31 1126.51
3392.42 930.158
3402.7 941.587
4058.06 1199.84
2978.74 821.377
4345.14 1186.4
4057.68 1210.2
3626.09 880.661
3776.55 916.131
1708.25 473.377
1221.26 459.32
1203.57 438.634
929.21 334.065
815.406 310.056
917.45 337.23
802.879 346.438
876.737 326.969
838.47 351.271
759.062 286.866
898.132 324.731
893.005 369.892
1093.7 414.75
665.804 303.236
1128.54 418.839
611.383 251.667
931.193 338.58
716.926 256.724
1013.09 396.709
921.238 429.828
878.373 313.611
1006.91 354.833
3623.91 787.268
3384.87 811.19
4647.5 1458.5
4194.02 1151.73
3966.04 1124.29
3899.24 1139.97
3346.44 900.461
4081.07 1263.93
3834.06 1073.44
4095.96 1247.21
3601.71 1050.96
3782.07 1107.51
4068.21 1290.07
4155.71 1207.96
4095.68 1191.4
4155.6 1202.39
3837.14 1120.8
3651.52 975.916
4806.92 1447.76
4483.83 1307.91
3345.13 898.798
3591.47 850.306
1143.69 466.688
1004.69 348.271
1108.27 458.075
934.604 383.127
1023.41 416.396
955.063 343.748
986.926 394.174
1107.66 435.17
1027.86 480.321
993.286 431.463
1116.46 498.586
921.794 372.185
957.491 487.014
1096.04 418.334
1094.02 450.249
1028.14 411.513
1081.83 435.532
1033.02 382.46
952.564 445.279
972.37 368.942
1107.13 458.313
1356.43 469.794
3669.69 885.596
3431.33 912.045
2842.18 804.839
3362.11 1026.81
3467.29 1053.31
3626.36 1151.12
3445.67 999.698
4011.22 1274.79
3548.89 1063.54
3895.84 1178.29
3815.41 1175.55
4097.69 1260.77
3440.55 941.294
4590.69 1448.59
2904.35 785.49
4003.43 1309.78
3228.76 972.725
3724.39 1107.36
3761.4 1142.25
4183.32 1084.57
3491 824.5
3368.91 647.532
1626.83 426.797
1150.25 317.761
785.126 293.798
883.519 387.71
865.666 354.674
715.976 286.387
840.967 304.066
1109.19 420.139
1502.92 497.197
1336.31 457.148
771.987 339.5
930.988 405.844
816.15 352.566
926.931 445.781
929.749 306.228
966.822 416.532
652.711 261.827
972.988 384.48
893.938 314.453
1077.66 385.928
1142.77 496.504
1046.59 293.571
4920.92 1008.13
4047.44 952.371
5639.91 1479.06
4532.95 1273.87
4449.79 1290.37
4344.93 1214.37
4294.46 1331.06
3348.3 963.114
3644.44 1071.4
4243.83 1232.18
4136.29 1172.39
3954.42 1110
4708.49 1460.07
3648.39 1046.84
4210.27 1240.44
4370.09 1190.58
4523.65 1339.28
4123.01 1143.45
4421.97 1306.59
4058.74 1253.54
4067.91 1008.91
4004.86 1034.05
1271.48 429.564
1186.01 377.013
1213.03 469.096
1185.44 433.063
820.295 318.634
1206.43 445.194
895.615 409.698
1063.67 376.507
1048.91 401.552
1025.9 394.622
938.76 367.82
963.339 397.054
1031.56 453.308
1153.37 538.475
1100.29 393.602
1065.99 393.049
1261.02 483.815
945.569 360.28
938.586 389.412
978.549 366.406
1041.1 328.152
1173.93 530.684
3430.6 716.232
3492.95 834.847
3311.79 938.435
3120.94 875.376
3102.25 903.75
3423.62 1069.67
3296.27 923.715
3351.94 1023.23
3423.15 1010.61
3541.45 1053.73
3413.58 1015.67
3768.26 1212.88
3256.33 937.646
3708.14 1099.04
3832.23 1082.88
4200.96 1232.36
3357.19 950.971
2844.34 799.05
3225.01 903.058
3428.7 885.955
3570.08 799.19
2689.85 1728.32
989.899 282.327
801.588 243.791
921.613 347.443
636.695 248.282
600.651 243.569
1258.76 425.726
633.209 293.518
764.102 344.144
662.599 279.436
696.101 302.951
911.419 340.248
721.362 284.801
656.334 265.036
860.528 392.356
842.891 321.499
847.061 316.574
694.355 300.661
1143.32 423.559
642.073 256.799
661.31 240.015
817.298 270.562
1089.7 675.067
3339.17 679.443
3658.23 874.265
3545.05 886.532
3457.64 913.056
3965.22 1169.11
3415.27 975.219
3608.27 1023.24
3374.37 947.083
3090.73 921.537
4009.39 1215.22
4020.28 1157.57
3149.05 851.442
2838.11 871.891
3043.6 879.921
3281.99 971.766
3221.25 913.665
3656.68 1096.81
3538.14 929.868
3614.51 935.358
4254.41 1189.63
3400.26 819.396
3938.72 788.313
1000.55 303.64
993.197 305.174
896.992 349.367
940.759 327.385
1119 396.908
1029.3 322.009
913.628 330.322
970.034 366.379
782.472 268.378
739.166 266.98
736.658 300.307
1057.78 423.412
974.9 357.476
910.146 333.27
996.232 335.259
969.133 357.518
886.493 318.714
1076.44 365.193
1091.44 380.989
1083.32 377.31
879.753 248.087
1014.21 308.16
4677.07 1047.57
4172.67 1116.04
4490.71 1218.3
4727.66 1428.06
4718.56 1323.54
4396.03 1361.47
4633.65 1468.58
4092.78 1333.16
4010.52 1270.55
4349.04 1441.43
4730.78 1429.36
3951.27 1074.23
4682.14 1601.98
4440.2 1421.07
4227.49 1272.79
3979.15 1183.69
4520.18 1412.79
4466.59 1345.42
4028.44 1276.77
4437.93 1275.7
4779.28 1166.63
5003.36 1242.84
875.616 307.884
1336.91 526.689
1089.28 372.831
1216.44 410.851
970.055 362.808
966.734 405.411
872.053 372.823
1185.66 534.852
884.451 362.632
1128.05 505.196
960.398 396.741
1021.27 392.483
1308.73 561.807
1541.6 598.79
1025.33 406.495
1198.78 519.454
1012.03 414.282
1278.78 462.561
1185.54 420.821
1068.08 442.042
1159.73 449.047
1209.48 753.885
3789.92 799.78
4393.57 1080.08
4160.72 1050.02
3674.32 945.766
4705.38 1398.81
3595.09 970.554
3849.16 1148.26
3824.74 1159.57
3884.19 1155.53
3808.41 1124.04
3976.18 1213.17
3779.29 1090.92
4208.82 1248.3
4136.05 1203.6
4041.47 1142.77
4514.07 1311.64
3827.61 1085.55
4539.77 1172.36
4342.95 1208.26
4104.62 1096.54
3998.01 998.176
4026.04 929.459
836.028 352.22
752.117 296.42
843.046 331.439
731.942 256.629
830.216 367.098
714.741 263.419
805.508 324.767
825.739 309.793
912.384 403.682
687.302 287.369
735.836 303.273
751.252 283.653
868.5 340.648
813.08 330.968
818.98 320.948
875.666 361.621
1088.64 385.485
870.446 331.337
867.112 321.126
795.803 282.807
927.262 343.336
864.127 341.633
3753.16 1041.84
4441.08 1254.6
3512.05 947.24
3263.46 952.374
4166.57 1267.43
3831.23 985.754
4237.28 1334.87
4209.11 1183.79
4308.09 1356.1
3422.95 1046.53
3662.99 1089.15
3984.6 1184.8
3610.88 1000.57
4668.5 1421.93
3336.7 878.582
4019.87 1299.35
3516.25 980.816
3818.82 1095.24
3788.25 1076.02
3703.71 994.225
3839.36 1107.89
4542.43 1265.82
998.284 429.472
902.45 311.089
1091.36 381.115
1071.2 387.885
1035.18 464.496
1083.04 393.215
1033.35 400.012
1025.75 402.169
1137.46 525.199
1002.9 366.313
1021.75 483.428
1048.99 432.952
804.758 316.284
924.23 344.378
1142.62 460.982
1094.82 479.282
1083.05 395.982
1107.99 503.412
1167.77 535.254
1090.19 406.094
1102.83 451.934
1251.3 448.98
4775.82 1342.04
4078.47 1075.02
4932.12 1387.69
4286.18 1091.94
4610.81 1210.54
4359.91 1206.63
4407.24 1267.11
4291.54 1194.4
4461.9 1293.07
4095.29 1172.93
4534.53 1270.39
4168.63 1191.48
4179.8 1179.19
4034.14 1195.63
4162.65 1202.15
4626.94 1373.59
4243.82 1175.74
4867.34 1438.88
4457.26 1287.75
3917.43 1012.51
4815.02 1330.32
4242.29 1249.63
2066.16 615.387
2003.5 613.926
2347.77 699.536
2169.68 573.296
1816.9 571.514
2227.43 655.795
1947.98 609.097
2074.86 639.614
2271.46 694.257
2212.11 760.503
2280.87 725.042
2114.23 634.763
2140.07 711.614
2172.86 704.607
1922.01 641.485
2015.33 692.464
1983.91 599.54
1896.81 591.807
1645.07 492.583
1841.75 519.078
2161.24 614.681
1654.63 533.056
3161.19 1106.98
3723.15 1104.45
3809.19 1040.88
3578.39 960.154
4175.5 1211.09
3679.32 1158.8
3396.25 1004.62
3749.55 1167.33
3900.93 1186.89
3348.64 906.857
3744.36 1127.89
3640.31 1094.73
3727.92 1074.47
3682.53 1038.92
3951.25 1130.63
4113.99 1210.35
3414.78 975.278
3690.68 1086.66
3989.2 1068.74
3817.26 1099.2
3724.48 1109.27
3996.78 1274.46
3190.64 1157.74
3450.89 929.669
3502.25 1002.53
3804.25 1019.15
3642.97 1090.16
4016.68 1050.86
3643.91 995.417
3688.25 997.823
3598.32 1111.56
4230.59 1170.66
3986.81 1214.75
3422.84 974.26
3916.48 1096.39
3448.87 962.207
3829.17 1140.43
5185.69 1503.7
2721.05 774.644
4657.77 1272.91
4876.44 1333.8
3201.03 868.257
3721.35 1098.13
4709.37 1508.16
