959.501 304.278
931.192 253.982
949.518 292.674
814.102 215.001
784.522 227.162
952.882 275.482
955.537 253.226
890.157 270.408
868.507 245.476
840.506 261.604
775.298 216.341
779.48 230.73
829.479 235.063
746.978 215.527
912.533 248.461
710.565 208.296
863.404 238.462
1036.69 262.964
830.866 219.135
866.627 256.042
970.482 274.124
1152.94 375.348
860.767 262.171
1072.71 310.258
923.803 257.428
878.576 237.619
874.27 228.098
865.879 244.78
771.903 208.01
914.971 266.707
868.085 259.169
863.278 277.981
805.208 237.548
718.043 202.238
865.27 241.145
916.143 282.723
788.095 221.969
792.832 211.461
702.58 183.132
825.005 236.901
737.084 186.129
720.581 191.034
791.22 217.918
790.886 238.408
1054.74 252.805
1048.59 290.787
1068.88 336.006
914.255 215.959
1263.57 360.38
1067.99 283.375
972.8 268.539
1036.21 294.914
1261.12 421.431
930.245 261.802
986.081 312.525
900.87 249.982
1154.9 328.769
909.591 261.201
1017.12 305.273
840.944 212.871
1140.19 352.912
958.115 257.164
900.599 258.103
874.427 236.009
854.293 240.33
1006.17 278.119
572.765 178.427
476.764 159.392
346.029 115.533
376.439 126.491
465.819 179.575
468.617 154.923
433.339 131.895
591.451 178.499
428.897 135.15
456.394 134.455
488.293 159.563
386.288 143.985
471.158 152.631
399.331 124.236
411.314 138.306
462.418 160.782
444.805 155.281
417.591 135.226
401.532 133.766
478.747 159.709
455.79 128.544
396.814 145.091
1103.22 282.607
883.739 213.428
996.686 276.904
846.437 222.211
955.146 281.691
772.753 195.397
912.98 265.292
906.828 245.159
881.324 256.987
981.818 313.96
1019.92 339.711
776.391 216.229
891.828 269.209
950.879 297.57
1026.72 289.438
1034.14 314.823
958.405 259.436
913.801 231.448
1087.57 287.227
1121.27 287.005
880.703 246.186
1069.09 227.908
227.145 97.0072
255.621 97.8028
241.167 82.3199
230.275 96.6888
255.903 102.841
219.408 93.8483
214.046 93.2361
212.917 84.1348
231.468 94.2005
253.93 105.819
249.742 110.355
258.805 118.57
273.986 102.211
325.421 127.969
278.97 122.175
262.974 115.286
250.241 94.6418
306.323 103.775
254.931 103.318
249.777 107.738
259.692 101.904
243.139 111.073
980.746 215.663
921.537 220.57
1002.51 268.944
987.431 276.071
980.91 255.964
1006.38 299.17
908.006 259.701
1020.07 305.955
883.478 240.302
1124.09 357.218
1038.91 282.956
971.481 292.734
1005.11 288.238
1105.32 302.007
922.576 262.835
942.055 265.673
1079.59 296.938
832.847 225.232
1201.27 329.682
1115.38 293.841
1004.56 244.207
1088.53 243.569
483.371 145.016
318.982 112.636
321.167 106.401
253.693 96.9076
228.427 82.2827
263.259 92.2696
211.056 89.478
241.042 88.5234
216.5 98.6464
202.981 73.6484
255.568 101.386
256.898 113.429
305.893 116.979
185.724 80.6501
304.47 120.539
163.772 70.6209
265.894 84.6637
195.905 70.9206
276.372 108.171
256.896 102.543
247.674 87.1387
294.686 84.8343
1003.51 252.299
984.349 241.54
1263.9 344.089
1192.72 331.699
1090.3 301.069
1127.87 349.002
943.818 252.456
1147.08 360.475
1141.34 326.413
1139.94 322.066
1001.98 271.957
1021.23 300.534
1102.59 358.974
1134.99 333.487
1114.26 329.05
1139.68 328.404
1084.14 301.208
990.151 257.306
1298.15 340.136
1212.66 363.178
921.482 241.591
960.245 144.844
318.25 106.044
280.161 100.266
307.718 138.325
263.369 119.171
273.732 140.895
266.141 105.134
248.297 108.956
300.165 121.086
282.683 127.962
257.434 99.7753
294.722 127.346
243.754 98.8339
258.483 126.223
304.776 127.637
296.456 118.789
290.594 131.121
291.113 104.087
299.647 105.025
268.167 110.237
264.77 87.6093
280.012 98.4866
350.398 137.254
991.5 207.35
950.918 234.367
748.796 219.923
928.425 284.501
950.128 327.286
936.769 293.266
956.315 278.295
1052.18 356.437
963.515 321.69
1051.8 282.817
1007.66 311.435
1084.83 330.901
924.881 264.862
1242.02 375.208
785.762 205.343
1064.08 324.659
878.317 237.787
1039.17 316.6
1018.26 283.486
1157.27 286.957
934.804 218.007
915.964 155.276
487.773 182.915
321.213 88.3648
223.202 88.6125
242.512 87.3895
234.243 109.288
217.24 81.7338
230.691 83.2727
323.306 120.442
393.365 134.279
384.311 131.629
220.88 99.931
248.368 119.696
220.892 83.6678
257.831 134.355
246.759 86.5526
261.495 102.188
188.87 69.2583
284.107 131.193
252.334 94.1256
303.262 116.343
316.635 100.545
303.848 73.901
1362.85 250.461
1156.66 237.847
1567.12 399.91
1262.53 316.116
1254.68 382.838
1238.57 341.75
1220.08 398.692
942.028 272.837
1048.76 308.088
1206.9 352.224
1202.4 354.663
1111.88 290.886
1303.18 392.335
1051.24 310.37
1224.59 371.612
1276.16 355.804
1341.28 387.904
1149.43 292.793
1244.17 385.58
1118.45 333.435
1164.1 268.236
1155.01 136.892
347.375 115.878
344.687 109.186
338.23 109.466
328.794 120.318
232.228 83.6565
335.624 124.909
262.088 113.113
295.556 101.348
294.648 99.4874
285.148 110.954
262.124 102.751
267.114 105.305
296.441 107.907
307.318 131.019
300.868 112.436
281.237 99.8983
359.88 148.971
258.327 97.1146
262.069 96.2699
266.22 102.777
273.829 77.5964
240.436 394.467
924.871 182.131
948.538 216.214
915.052 247.075
884.515 251.24
843.889 244.162
924.146 274.108
887.493 261.464
917.721 269.19
923.204 277.379
972.131 281.123
942.321 273.924
1005.41 327.846
873.763 245.29
994.747 277.158
1051.8 283.609
1133.45 332.744
960.207 279.874
799.774 227.415
899.737 232.249
955.533 246.65
962.509 218.985
961.57 224.947
295.307 105.794
224.889 65.4466
276.111 107.014
182.419 73.129
172.079 74.502
321.824 107.219
169.326 69.374
215.641 87.8711
184.902 66.2821
177.194 80.1384
253.782 106.552
207.061 86.2123
189.156 74.6
247.45 110.293
240.787 94.2747
241.05 96.6929
194.271 79.577
318.808 119.878
182.919 79.6854
188.418 66.8524
235.15 68.8461
265.474 72.3006
958.139 180.596
985.312 185.718
944.858 223.269
921.66 225.75
1076.58 304.45
953.768 295.263
967.152 277.17
891.371 255.124
825.587 228.749
1096.41 321.359
1032.19 292.583
938.584 275.077
823.112 245.114
925.471 250.967
988.261 297.471
968.227 262.57
1054.44 303.233
1075.71 286.454
1106.37 290.347
1260.95 319.033
989.69 227.894
1201.18 206.527
285.459 70.3534
281.129 83.8346
253.346 78.0315
259.984 92.1717
321.329 116.762
279.525 87.6121
264.567 100.426
258.422 102.693
212.681 76.2073
206.689 89.0325
213.706 63.9618
295.858 122.025
281.418 104.855
267.658 93.0616
272.613 99.0656
274.02 100.618
251.851 86.429
293.721 89.8245
316.604 116.901
305.18 113
253.742 85.377
292.776 74.0085
1292.13 238.936
1137.05 299.818
1232.84 344.759
1251.63 386.484
1285.55 379.099
1184.14 357.785
1244.11 372.556
1080.01 351.844
1075.68 362.812
1158.87 383.27
1271.97 385.588
1083.63 293.391
1296.05 438.308
1160.13 340.107
1167.49 344.62
1097.29 323.71
1232.17 348.321
1211.02 411.285
1065.61 355.754
1172.1 284.642
1333.02 328.287
1429.69 288.419
241.288 66.3605
341.676 114.564
301.065 99.6071
319.363 121.098
259.038 101.242
258.132 108.853
231.703 89.6415
300.836 129.41
238.073 93.1371
302.812 140.629
256.843 110.856
284.899 101.844
361.049 161.63
403.278 146.037
292.541 115.416
330.904 127.717
282.632 111.196
340.195 116.078
330.059 117.45
291.275 122.34
313.597 95.8425
384.461 153.699
1085.6 204.747
1247.57 273.932
1239.93 321.911
1087.76 278.148
1365.55 371.291
1047.08 266.772
1101.83 321.301
1069.96 321.195
1095.08 295.921
1066.51 292.105
1085.47 331.689
1032.18 282.285
1142.5 352.329
1143.88 288.556
1103.77 312.757
1251.94 348.995
1061.14 290.301
1273.99 348.815
1205.34 326.294
1143.87 290.37
1068.96 241.771
1119.25 208.109
220.72 85.4243
210.337 91.9604
235.353 89.4416
213.249 84.2035
226.132 115.988
199.74 81.0361
228.327 78.067
226 80.5158
240.825 78.8281
194.201 95.7151
204.669 83.0104
211.003 73.4042
235.139 98.976
239.513 90.2499
228.124 84.426
249.074 101.269
294.025 106.384
241.31 100.408
249.163 92.0238
228.265 74.5796
256.216 96.7206
241.514 78.1021
974.622 262.793
1203.51 313.066
961.342 270.465
918.792 238.067
1172.23 368.417
1114.23 282.638
1144.43 364.318
1162.61 332.83
1196.81 406.189
908.813 287.732
1012.85 288.171
1075.14 308.013
975.999 270.845
1311.88 404.983
904.878 227.48
1108.22 352.121
992.474 260.523
1049.25 285.531
1045.77 262.937
1042.44 267.548
1064.17 288.958
1003.01 319.14
285.313 115.56
266.609 89.0638
295.191 113.89
300.804 104.104
298.829 145.968
291.445 118.018
279.268 102.796
274.247 127.787
306.348 138.274
267.077 87.491
267.935 131.074
289.457 139.978
225.833 88.0005
265.034 91.4176
306.41 136.357
302.887 141.728
310.279 113.321
309.819 123.372
331.786 171.491
308.236 140.697
320.355 147.395
380.297 142.611
1435.07 370.598
1187.3 325.501
1415.03 394.717
1226.47 319.649
1335.2 326.68
1288.01 372.339
1265.64 358.474
1271.7 407.737
1336.7 393.353
1156.67 328.585
1305.89 351.26
1221.15 364.359
1204.66 348.865
1163.95 324.218
1187.58 316.874
1322.61 387.961
1131.04 279.686
1384.52 443.848
1277.28 381.691
1096.96 279.366
1313.38 363.092
1211.02 322.498
568.215 183.427
567.051 186.228
662.867 221.638
602.414 185.015
505.259 168.288
623.068 184.109
557.495 190.158
587.949 181.558
598.122 180.178
600.233 197.754
635.308 213.054
619.039 212.06
616.002 214.537
583.735 182.09
514.379 159.753
567.796 195.737
559.643 168.827
522.895 163.032
461.845 141.286
526.765 155.063
600.403 199.449
478.725 147.024
881.64 274.569
964.993 260.978
1051.05 286.954
990.275 255.288
1186.9 356.646
1039.96 325.37
948.91 290.765
1020.6 285.396
1044.42 297.812
925.989 294.746
1017.34 325.886
1004.62 313.426
997.899 269.103
1029.97 295.834
1109.56 324.395
1120.51 311.096
966.552 268.844
1016.97 272.901
1127.21 314.409
1102.42 333.056
1016.34 254.67
1063.56 354.741
889.235 306.837
969.599 277.693
975.259 267.423
1057.47 297.661
988.905 290.737
1118.65 312.656
970.744 266.079
1019.15 270.017
1044.44 333.824
1146.4 324.12
1081.24 316.26
922.719 263.889
1131.09 318.137
972.142 260.943
1006.1 286.047
1392.73 354.16
774.331 208.09
1264.77 386.013
1353.56 334.779
898.893 235.164
998.079 292.276
1280.16 416.889
