3316.99 1123.3
3229.51 888.98
3307.95 993.956
2837.4 800.208
2705.34 810.205
3248.89 988.489
3385.35 939.295
3109.88 896.659
3036 843.631
3053.42 898.525
2713.83 768.941
2621.81 775.062
2822.31 827.78
2523.2 755.691
3136.97 942.878
2411.2 671.506
2912.92 804.16
3526.72 1003.38
2894.57 761.746
2906.94 834.545
3241.07 902.646
3753.67 1274.59
3036.09 1023.67
3627.44 957.44
3163.4 929.222
3057.88 807.884
3050.09 805.346
3053.08 859.069
2732.59 742.571
3189.27 939.66
3105.96 903.442
2978.03 918.453
2725.91 742.247
2612.58 828.199
3021.22 812.808
3184.8 931.884
2637.9 753.577
2833.22 752.799
2494.89 647.516
2866.63 805.369
2547.18 670.293
2493.77 698.326
2776.7 728.022
2927.56 982.457
3849.45 1086.72
3755.62 987.636
3829.44 1191.39
3231.62 844.706
4584.69 1395.49
3876.06 1100.33
3492.68 948.043
3804.21 1103.94
4437.68 1398.21
3333.52 904.722
3556.87 1129.48
3331.3 952.395
3960.68 1161.22
3146.84 873.378
3902.53 1186.84
3128.26 797.333
3975.97 1164.9
3472.36 969.485
3289.9 873.253
3128.01 853.23
3042.36 823.608
3569.29 1082.53
2133.13 653.166
1619.57 534.429
1300.4 434.541
1324.51 446.814
1641.1 584.459
1623.3 502.594
1566.67 495.038
2253.86 709.017
1613.88 532.6
1691.48 534.203
1695.8 531.971
1365.92 500.651
1654.49 581.705
1441.57 488.456
1516.96 538.682
1599.51 522.851
1461.04 489.609
1500.18 477.435
1348.51 454.314
1690.82 531.635
1566.38 528.304
1456.41 513.26
4367.58 1164
3246.11 798.654
3718.64 1068.6
3081.14 815.445
3564.31 1047.23
2943.99 761.813
3405.76 1001.85
3285.12 924.708
3351.22 990.758
3690.67 1129.55
3997.91 1302.43
2768.63 761.891
3221.1 998.524
3341.22 1027.18
3599.41 1061.67
3604.37 1050.96
3399.34 921.199
3254.04 860.74
3896.78 1088.12
4063.6 1069.16
3102.06 772.07
3860.37 979.418
839.81 341.181
918.314 368.273
879.44 344.566
829.233 393.616
914.423 371.232
790.579 331.213
790.91 326.707
799.056 322.331
829.081 338.274
931.599 417.326
873.399 372.792
970.798 383.123
977.467 398.517
1216.27 452.902
980.721 388.609
937.571 388.785
909.435 345.43
1104.86 423.344
892.404 344.505
877.497 339.093
963.937 332.14
951.737 378.679
3325.7 798.5
3346.51 864.04
3551.69 962.929
3591.39 997.352
3351.25 901.047
3570.08 1034.58
3197.35 871.275
3665.99 1049.41
3086.75 861.795
4113.82 1273.6
3724.84 1064.29
3480.26 1055.29
3607.32 999.572
3953.15 1157.71
3360.82 936.647
3353.79 931.921
4008.01 1194.99
2932.11 797.643
4268.4 1200.66
3938.51 1137.65
3612.53 906.546
3786.33 1003.35
1682.99 499.555
1193.57 442.264
1195.99 411.684
916.018 337.541
811.96 316.224
907.313 328.666
795.532 310.126
843.708 302.481
796.924 334.613
750.611 278.727
893.336 333.737
870.03 357.097
1088.25 446.893
645.935 275.957
1105.47 404.029
589.968 256.487
912.783 346.904
704.535 259.993
994.705 377.232
848.849 324.715
866.767 329.948
984.681 310.909
3690.31 845.062
3394.54 828.458
4210.47 1192.01
4083.07 1162.37
3882.74 1127.55
3873.52 1132.89
3305.38 876.972
4042.48 1241.41
3780.92 1062.34
3972.21 1177.18
3541.37 1012.66
3713.52 1090.68
3985.84 1275.92
4084.12 1208.63
4059.91 1243.72
4122.93 1207.95
3713.5 1054.08
3572.52 949.492
4650.87 1317.42
4382.58 1266.29
3236 853.282
3478.55 805.117
1098.28 461.583
1002.49 349.28
1048.89 452.728
919.139 388.102
1012.94 445.305
960.974 366.598
948.047 384.766
1104.53 437.288
1003.99 438.381
953.687 418.507
1116.34 494.492
898.313 369.471
947.195 465.589
1079.43 438.585
1046.29 402.33
1009.45 423.215
1050 405.146
1027.66 397.47
969.213 425.965
937.048 343.489
1040.12 409.251
1324.36 491.727
3624.66 848.948
3380.72 893.921
2839.93 805.196
3299.19 959.613
3436.8 1071.08
3542.37 1139.32
3410.75 996.997
3924.1 1270.44
3502.13 1011.74
3907.5 1205.6
3746.77 1122.38
4070.96 1303.55
3375.48 934.741
4519.87 1471.36
2861.78 759.616
3875.63 1212.63
3167.53 910.05
3689.12 1080.73
3684.45 1037.33
4206.86 1126.04
3476.59 818.054
3417.48 744.762
1616.2 446.647
1143.24 343.615
790.512 287.077
879.366 318.498
870.7 365.755
711.404 277.307
841.741 303.959
1104.29 397.602
1476.88 463.496
1341.82 460.087
760.297 338.554
905.599 378.539
807.397 343.331
906.638 421.148
929.486 321.014
955.36 407.93
647.601 239.915
943.467 363.544
884.036 340.999
1075.8 409.644
1066.98 421.962
1020.21 297.157
4864.4 1049.38
3980.88 898.874
5582.71 1527.87
4429.76 1182.33
4357.41 1280.12
4269.15 1174.01
4211.04 1322.39
3325.41 968.777
3549.63 1062.32
4150.04 1179.68
4070.45 1178.1
3914.17 1083.42
4557.79 1397.2
3602.77 1044.68
4185.92 1236.31
4305.63 1163.54
4405.06 1306.37
4061.86 1143.08
4310.87 1228.89
3980.22 1232.76
3979.62 952.924
3953.4 1026.54
1259.27 458.599
1186.24 387.987
1194.97 438.197
1159.78 435.117
807.979 302.592
1185.76 410.324
891.557 387.614
1039.52 359.766
1055.14 399.277
1016.25 391.725
926.179 369.501
943.469 352.573
1016.43 447.676
1082.33 425.498
1070.4 422.212
1037.61 377.887
1242.11 493.52
929.879 346.85
924.365 373.547
960.246 387.782
1009.21 315.76
1145.38 375.446
3438.14 775.025
3430 833.156
3280.18 934.043
3109.79 906.415
3059.06 853.555
3344.64 1039.99
3256.41 960.171
3250.41 973.881
3348.52 971.266
3526.3 1091.48
3361.6 992.588
3751.6 1230.14
3231.81 915.893
3619.27 1050.02
3793.1 1063.3
4123.06 1202.02
3312.8 963.813
2834.54 793.394
3222.93 926.74
3412.32 898.869
3541.97 813.562
3530.94 839.877
967.242 280.959
780.729 222.428
919.305 328.452
623.962 253.942
601.775 250.031
1254.51 436.724
622.845 267.197
752.634 316.377
660.454 270.005
701.744 312.91
903.001 362.697
714.802 281.894
640.68 261.517
845.31 358.149
830.114 328.572
842.024 330.62
679.7 314.778
1138.67 421.628
638.849 262.219
658.689 251.579
795.528 264.419
957.295 364.519
3353.76 742.362
3624.54 852.185
3511.18 934.498
3369.89 889.473
3840.79 1099.68
3344.62 987.411
3559.99 982.666
3325.86 976.686
3002.76 858.88
3971.42 1178.24
3985.21 1179.03
3092.02 867.28
2774.35 800.718
3030.7 861.091
3223.8 936.472
3169.19 886.085
3534.34 998.115
3496.87 923.829
3512.24 861.508
4132.79 1127.55
3327.92 783.825
3834.94 787.258
974.092 284.319
990.108 313.75
886.081 346.214
918.941 310.7
1098.95 369.832
1020.44 327.772
902.609 343.138
976.531 388.1
778.473 270.805
727.764 286.054
722.932 290.11
1033.25 386.18
960.203 340.28
900.46 337.994
980.953 361.397
951.94 378.551
853.517 294.354
1069.44 367.474
1077.45 373.301
1064.78 399.619
869.6 243.397
978.436 292.872
4717.37 1188.97
4161.9 1103.07
4497.73 1292.73
4768.72 1461.39
4741.12 1439.94
4300.18 1281.97
4599.33 1502.38
4038.1 1293.06
3989.69 1280.09
4257.49 1362.82
4701.06 1451.88
3929.67 1115.57
4634.64 1517.55
4352.88 1409.18
4206.43 1277.32
3995.14 1238.62
4477.36 1379.22
4433.59 1318.55
4045.73 1297.38
4343.87 1191.81
4739.44 1193.09
4977.7 1294.7
846.838 257.287
1282.77 442.213
1086.38 391.551
1202.58 425.394
944.122 342.253
957.569 400.67
855.513 349.065
1144.61 508.141
877.732 365.379
1120.55 501.283
940.735 374.211
996.682 383.822
1307.32 537.538
1492.04 563.493
1016.97 424.336
1188.04 491.355
981.878 404.8
1266.16 467.541
1169.09 415.615
1027.52 425.376
1124.21 395.157
1175.93 454.677
3715.59 815.538
4298.94 1049.31
4133.89 1067.28
3612.46 946.613
4512.81 1262.34
3542.86 921.045
3741.81 1079.12
3717.1 1079.54
3767.88 1103.22
3759.85 1088.4
3860.83 1146.78
3686.03 1046.51
4173.81 1267.49
4045.11 1164.11
3967.47 1139.81
4542.77 1324.88
3822.67 1060.94
4526.21 1234.44
4298.91 1180.89
4061.11 1117.81
3881.75 962.159
3935.14 913.024
801.745 287.4
747.038 284.185
820.375 325.466
725.872 266.367
821.11 333.63
702.415 269.378
801.746 317.658
817.823 318.33
902.064 369.141
662.917 272.511
722.504 300.492
742.647 282.693
871.048 346.836
799.42 317.666
803.074 299.273
881.549 349.248
1076.12 372.991
833.266 304.392
869.489 345.204
798.516 310.806
926.037 338.327
832.106 308.737
3632.81 1051.52
4320.28 1237.98
3410.71 879.168
3214.12 887.493
4139.34 1228.14
3768.05 976.142
4128.44 1250.13
4203.82 1221.03
4208.34 1285.3
3357.09 1036.9
3585.89 1087.81
3923.91 1154.09
3546.34 978.764
4599.22 1393.58
3285.69 878.263
4017.92 1301.06
3500.45 972.09
3775.72 1127.66
3772.25 1058.78
3659.01 981.795
3795.82 1059.95
4549.49 1208.48
1011.75 436.864
902.352 299.375
1078.04 364.271
1065.49 382.689
1019.37 495.499
1073.58 409.928
1030.05 372.351
1004.96 411.767
1113.98 489.446
999.018 371.4
1005.53 463.059
1044.6 466.687
782.283 279.734
905.036 337.755
1137.61 424.878
1104.92 499.259
1101.85 413.589
1078.85 457.886
1132.26 446.658
1082.68 402.511
1089.67 429.888
1259.43 462.309
4649.54 1208.74
4020.52 1054.19
4837.89 1331.67
4246.72 1107.78
4562.88 1203.1
4324.01 1210.46
4338.45 1196.04
4238.76 1216.31
4360.87 1265.31
4025.73 1178.72
4489.32 1275.98
4125.59 1196.78
4128.92 1201.07
3917.85 1124.49
4075.25 1159.22
4538.15 1308.92
4157.93 1107.53
4696.54 1366.32
4372.3 1219.33
3889.09 1012.64
4663.69 1248.18
4139.92 1221.17
2017.93 612.435
2004.66 597.944
2329.43 724.832
2197.99 659.701
1786.6 548.55
2207.48 644.22
1956.8 611.079
2039.86 609.401
2249.72 681.699
2139.97 678.798
2253.11 719.015
2102.89 663.335
2073.94 672.419
2137.43 681.381
1898.21 628.406
1959.18 651.689
1967.93 594.612
1863.8 565.869
1632 481.101
1812.41 521.947
2123.85 675.277
1626.3 480.209
3170.53 1092.23
3685.74 1064.31
3800.01 1064.47
3507.9 933.228
4196.12 1276.9
3624.19 1083.62
3367.4 1039.37
3701.14 1094.9
3838.28 1161.92
3344.72 980.172
3728.19 1158.66
3573.03 1060.97
3661.63 1046.31
3636.09 1039.49
3837.99 1063.26
4020.02 1149.12
3418.79 972.527
3615.42 1067.89
4000.87 1110.9
3770.02 1070.88
3676.63 1058.99
3925.07 1404.64
3141.93 1112.38
3440.69 922.073
3446.91 949.868
3756.61 1000.74
3550.12 1021.76
3961.99 1067.25
3588.88 981.994
3670.65 978.13
3531.24 1036.68
4221.97 1228.34
3937.22 1180.79
3428.3 992.207
3798.31 1064.93
3443.49 979.909
3738.66 1090.87
4984.95 1411.62
2684.95 746.666
4579.62 1338.99
4792.16 1302
3177.53 841.919
3657.44 1056.69
4502.75 1581.43
