3384.65 1137.21
3321.94 908.865
3378.39 999.179
2914.8 818.885
2769.93 829.742
3324.44 962.368
3472.29 958.446
3177.53 927.934
3110.59 899.08
3125.22 957.182
2784.43 800.815
2686.96 808.109
2873.38 856.827
2591.42 769.348
3219.2 976.148
2497.21 695.185
2999.57 840.95
3558.81 975.021
2995.63 823.284
2999.25 852.435
3365.33 976.078
3852.2 1300.24
3130.57 1039.86
3736.47 965.501
3302.02 985.55
3180.95 880.989
3134.44 821.485
3198.43 920.15
2805.31 784.901
3257.64 937.496
3216.16 984.093
3057.85 961.838
2804.13 787.961
2681.32 808.937
3109.56 861.251
3227.34 934.998
2722.38 824.648
2921.94 797.409
2558.51 661.717
2952.22 845.59
2612.7 660.725
2557.71 681.783
2806.3 727.708
2994.82 1003.56
3927.25 1128.95
3781.31 985.235
3977.25 1203.21
3328.87 914.613
4678.46 1436
3945.88 1129.17
3528.8 973.357
3890.1 1171.72
4503.98 1376.2
3440.48 965.333
3599.61 1155.27
3410.76 989.427
4116.32 1251.39
3225.59 882.49
3998.65 1246.91
3198.97 803.796
4087.87 1218.15
3535.24 949.706
3354.66 838.223
3186.45 837.04
3114.37 859.467
3650.83 1135.77
2245.81 705.577
1679.84 566.21
1307.99 444.925
1404.13 480.61
1668.65 602.065
1683.12 512.028
1603.83 532.511
2259.4 724.424
1616.45 512.085
1721.32 534.568
1713.05 539.935
1420.29 534.552
1714.86 589.623
1490.64 510.057
1552.71 534.986
1625.92 526.679
1629.64 631.35
1575.16 467.307
1408.98 496.708
1752.54 559.462
1576.95 530.097
1505.24 565.139
4376.76 1230.76
3362.27 823.466
3759.1 1029.2
3159.95 843.283
3604.52 1076.44
3017.54 808.891
3460.77 999.505
3361.75 948.408
3449.2 1024.09
3824.55 1222.4
4086.74 1297.48
2855.9 796.37
3324.94 1015.41
3460.44 1104.93
3769.71 1147.98
3693.52 1101.05
3470.49 956.55
3322.17 893.649
3948.29 1092.34
4162.38 1090.03
3189.09 803.033
3951.08 985.57
863.052 0.000531997
943.3 390.999
900.03 338.737
851.977 418.06
941.818 359.224
809.033 338.743
801.802 329.723
820.024 332.691
857.098 333.105
954.17 411.164
894.76 377.784
989.088 400.317
1001.5 403.949
1235.57 469.221
997.079 366.482
956.892 361.181
933.634 351.498
1126.06 452.81
919.968 340.107
935.106 418.115
989.945 354.348
954.73 367.843
3284.41 678.909
3343.53 842.562
3624.41 1015.3
3635.14 989.584
3394.14 927.214
3636.33 1078.08
3322.85 944.491
3743.19 1055.82
3158.29 913.214
4191.78 1264.19
3803.89 1116.18
3517.78 1032.09
3695.29 1049.75
4026.42 1157.48
3421.51 927.444
3402.96 929.416
4083.44 1147.33
3029.98 849.675
4316.76 1204.19
4009.38 1116.45
3679 886.183
3873.37 972.266
1523.35 349.776
1208.51 413.026
1205.72 395.683
926.312 340.156
837.277 288.938
926.004 346.854
825.166 330.904
869.883 329.42
808.467 341.979
764.797 305.161
901.214 331.21
920.963 389.019
1098.22 448.373
678.582 290.194
1134.86 434.538
605.351 250.169
932.356 364.056
713.97 256.381
985.613 345.172
869.698 300.728
885.421 334.302
1096.78 569.571
3668.24 771.153
3540.5 915.042
4315.53 1187.62
4223.31 1204.61
4009.7 1141.16
3939.74 1139.39
3376.2 911.158
4181.73 1328.42
3849.34 1113.28
4117.5 1219.97
3634.48 1044.49
3842.99 1128.05
4084.6 1289.91
4209.32 1236.55
4199.5 1304.85
4215.37 1232.79
3869.65 1099.27
3702.57 1014.51
4772.74 1358.41
4482.06 1261.09
3318.53 876.81
3830.11 1488.69
1146.5 308.795
1058.54 391.111
1201.52 600.89
953.581 389.195
1009.75 522.359
953.693 352.31
976.361 423.175
1121.62 447.54
1023.72 457.799
981.158 417.608
1138.23 493.587
921.848 385.783
954.912 446.343
1095.1 425.498
1084.29 405.523
1050.22 420.104
1095.69 429.012
1048.79 409.844
968.569 394.066
945.736 340.656
1059.64 402.348
1283 471.111
3642.09 787.724
3467.7 947.821
2869.56 780.994
3388.2 1005.32
3500.02 1072.05
3621.28 1156.07
3480.46 1056.99
4043.71 1335.21
3574.29 1066.61
3897.81 1207.96
3851.27 1193.81
4153.82 1296
3451.31 973.993
4585.39 1452.52
2921.35 783.3
4016.37 1277.01
3249.54 978.574
3757.99 1125.49
3774.58 1103.06
4229.18 1127.53
3586.22 849.907
3441.03 760.908
1710.23 338.806
1144.68 351.504
801.313 292.549
899.225 358.536
874.133 365.242
721.439 266.298
848.902 324.284
1120.74 424.807
1525 514.501
1321.01 447.897
783.913 317.106
944.645 421.097
811.521 317.049
928.137 408.304
926.112 316.858
942.606 438.325
662.027 243.825
963.568 395.94
920.015 362.542
1082.57 440.742
1119.05 425.319
1052.95 286.857
4898.7 1030.54
4100.54 938.987
5659.5 1376.46
4539.43 1180.77
4425.91 1289.99
4352.82 1175.53
4264.71 1326.87
3355.34 1004.44
3699.54 1170.1
4253.93 1198.26
4177.29 1199.73
3970.28 1125.43
4687.01 1432.54
3696.79 1040.45
4251.25 1261.47
4394.73 1209.39
4544.62 1368.31
4178.26 1214.42
4458.15 1286.06
4169.22 1273.48
4025.83 993.683
4265.99 1353.08
1342.38 547.083
1214.38 432.146
1216.8 416.766
1176.92 391.782
832.193 317.164
1219.68 442.57
897.01 399.738
1072.85 392.662
1080.5 428.417
1039.68 384.234
942.771 370.66
965.771 359.535
1030.37 416.844
1112.94 455.773
1098.65 426.989
1068.21 384.892
1261.61 481.578
967.397 368.309
938.596 373.626
962.737 409.022
1024.87 339.743
1187.9 340.684
3552.37 836.928
3495.11 848.419
3353.79 984.585
3200.36 892.762
3130.33 857.819
3412.12 1060.08
3311.96 974.53
3364.3 1004.85
3452.42 982.324
3580.3 1059.39
3482.76 1059.34
3791.65 1253.49
3303.26 938.936
3695.57 1034.44
3843.18 1083.63
4176.54 1189.01
3409.63 1003.36
2887.97 829.438
3309.72 952.421
3566.41 1034.38
3588.62 862.597
3496.52 722.7
1054.25 473.954
803.139 252.224
926.764 319.734
643.092 264.637
616.409 234.72
1261.2 410.495
634.549 270.67
786.858 345.886
682.163 296.625
706.306 347.85
919.456 353.735
736.007 314.535
661.204 274.955
880.175 394.863
838.422 349.425
853.895 355.806
713.03 330.964
1163.67 412.169
656.612 259.02
652.199 238.128
817.868 296.298
963.852 354.963
3418.23 686.886
3710.58 829.247
3603.81 952.48
3429.88 926.365
4004.86 1158.67
3421.54 1010.5
3573.51 988.478
3371.5 915.058
3081.58 843.528
4085.02 1204.71
4075.33 1200.09
3143.71 850.617
2830.69 823.917
3092.71 879.156
3376.52 1057.19
3212.75 908.12
3644.6 1044.23
3574.69 950.574
3603.63 921.802
4247.74 1134.69
3420.46 792.041
3912.45 756.337
736.34 1128.07
1020 290.659
894.696 311.273
933.194 316.628
1120.56 398.126
1023.35 316.412
914.096 315.689
1008.92 410.492
796.113 274.249
752.766 286.667
729.182 300.73
1052.23 410.859
976.586 353.26
915.251 306.349
1008.56 380.263
978.694 399.345
863.887 297.11
1081.44 385.887
1077.78 354.217
1082.44 380.644
893.224 256.933
947.502 260.485
4741.66 1091.01
4316.52 1233.26
4516.59 1243.11
4833.36 1553.56
4816.39 1443.42
4454.58 1408.68
4630.66 1465.53
4039.79 1238.45
4016.65 1234.83
4392.92 1430.18
4773.91 1448.63
3993.37 1139.52
4729.99 1583.09
4503.14 1470.37
4293.99 1293.34
3966.73 1169.23
4543.27 1467.15
4520.23 1428.65
4122.4 1345.3
4372.07 1147.91
4855.27 133.088
5019.04 1278.08
850.822 291.322
1320.21 503.511
1103.03 367.157
1207.86 433.883
958.347 349.823
965.8 384.988
857.089 367.264
1186.19 506.121
889.092 359.294
1142.49 489.074
939.269 350.943
1029.95 413.016
1333.75 543.468
1513.52 578.648
1049.41 398.732
1218.2 513.392
1013.12 435.154
1286.82 481.459
1212.49 422.761
1102.45 505.366
1135.94 406.117
1431.53 474.699
3820.07 929.273
4420.88 1111.41
4219.76 1097.1
3687.26 953.802
4637.38 1316.39
3579.23 919.629
3884.88 1121.82
3858.4 1177.99
3886.76 1189.86
3832.87 1102.75
3955.23 1162.4
3772.56 1064.04
4293.8 1261.15
4134.8 1182.22
4037.81 1174
4647.3 1350.88
3860.97 1072.3
4610.65 1219.96
4404.31 1253.25
4187.51 1127.8
3957.39 963.08
4059.18 939.109
823.831 241.629
761.313 297.278
826.707 345.118
738.454 280.384
831.223 356.85
723.54 258.155
810.268 327.51
822.18 310.709
911.103 377.291
686.69 281.86
740.548 298.406
744.627 288.182
886.065 370.371
827.952 332.113
813.043 313.142
905.393 358.322
1209.12 517.413
871.732 321.932
871.734 348.75
812.806 306.655
950.818 366.117
922.892 448.304
3808.39 1145.91
4406.6 1272.84
3481.58 889.952
3289.93 925.496
4191.97 1216.12
3853.92 1041.92
4217.18 1340.87
4266.96 1248.43
4277.1 1334.89
3374.82 1026.96
3700.94 1131.21
3987.87 1191.09
3620.11 980.742
4676.82 1374.28
3354.67 914.882
4071.56 1285.93
3549.95 981.521
3881.14 1157.65
3844.35 1073.94
3723.2 1030.15
3845.99 1089.33
4635.55 2412.65
1104.55 472.07
903.581 310.503
1092.39 394.148
1080.28 402.504
1051.78 448.669
1075.57 418.933
1022.89 430.36
1039.24 457.06
1140.33 526.775
1004.09 377.55
1038.63 476.645
1092.47 495.014
811.068 293.55
921.793 334.605
1160.84 448.956
1113.56 466.826
1094.68 373.487
1116.41 460.128
1183.46 472.687
1118.43 398.587
1102.21 423.58
1276.34 543.674
4805.09 1336.3
4090.23 1078.1
4999.9 1393.96
4261.76 1128.9
4612.23 1206.84
4429.88 1286.36
4477.26 1303.13
4219.04 1150.94
4495.38 1275.37
4190.36 1255.21
4524.4 1279.27
4203.83 1187.42
4249.98 1303.17
4015.73 1112.14
4152.88 1154.78
4706.82 1365.62
4186.65 1102.9
4838.38 1412.45
4496.4 1291.79
3958.19 1042.16
4711.51 1261.46
4215.73 1200.43
1843.85 779.114
2027.75 598.809
2363.85 711.492
2243.83 687.372
1825.59 587.941
2265.01 669.469
1990 608.589
2098.86 623.65
2262.07 683.94
2177.98 667.092
2331.15 799.055
2128.12 674.378
2126.37 692.111
2139.82 676.695
1917.96 614.342
2030.07 685.531
1999.45 602.738
1909.98 581.469
1660.46 488.872
1826.84 504.087
2165.45 665.141
1647.75 485.866
3192.36 1145.07
3672.79 1059.29
3856.71 1122.3
3569.2 947.085
4249.79 1207.42
3705 1133.64
3431.97 1002.27
3729.03 1059.86
3926.07 1194.06
3462.74 1038.17
3788.59 1208.2
3632.07 1069.7
3705.75 1083.35
3755.22 1133.65
3908.23 1107.61
4121.39 1254.98
3481.44 990.346
3705.02 1131.39
4033.75 1136.46
3858.69 1076.22
3761.72 1150.27
4054.44 1293.35
3214.21 1150.33
3467.82 965.766
3509.39 1016.61
3776.6 1002.4
3688.94 1068.21
4091.36 1126.96
3689.8 1048.09
3690.73 965.745
3713.12 1166.17
4345.23 1287.82
3958.76 1169.63
3491.55 1071.32
3890.62 1078.19
3481.96 988.347
3770.1 1076.64
5135.34 1438.35
2747.28 795.056
4771.88 1417.56
4814.52 1280.23
3221.48 860.159
3724.89 1094.96
4744.34 1572.32
