3419.68 1145.14
3342.91 920.472
3358.73 1038.59
2964.42 805.783
2815.72 826.005
3350.03 967.344
3478.9 949.729
3156.54 931.369
3130.54 888.924
3160.15 970.54
2819.3 855.23
2745.77 799.943
2861.2 835.114
2623.44 772.187
3252.9 968.743
2522.7 733.589
2986.78 777.614
3570.31 962.2
3028.94 835.282
2991.8 880.372
3353.53 942.625
3820.16 1276.53
3144.64 995.273
3757.61 1010.56
3290.37 941.71
3168.86 833.661
3120.98 764.77
3161.62 869.587
2833.34 811.711
3241.97 930.821
3143.44 903.482
3142.27 1018.18
2867.22 828.079
2689.92 788.922
3101.84 872.058
3257.35 969.401
2743.6 794.502
2942.57 827.93
2584.6 673.792
2933.28 794.149
2605.46 625.405
2573.11 724.549
2804.65 717.417
2995.7 1010.91
3816.55 962.185
3836.5 962.36
3965.8 1125.64
3304.82 953.361
4555.33 1306.31
3931.36 1085.85
3611.69 993.936
3927.09 1138.17
4493.17 1328.64
3434.24 935.349
3661.59 1193.73
3389.21 976.428
4097.25 1189.15
3212.05 862.996
3980.89 1197.18
3234.86 828.18
4096.42 1150.75
3510.2 888.974
3326.61 762.878
3218.59 815.186
3080.95 757.747
3637.08 1077.36
2114.08 565.255
1697.07 576.553
1326.12 446.84
1373.09 434.612
1663.06 584.696
1665.7 497.962
1646.77 552.44
2244.82 696.52
1607.31 517.031
1723.97 553.309
1730.81 526.234
1460.02 577.38
1722.12 621.014
1481.03 495.865
1550.73 555.084
1615.24 492.229
1501.12 485.467
1578.5 471.83
1423.84 507.77
1708.1 479.845
1577.03 568.289
1476.08 501.137
4399.44 909.901
3349.08 760.298
3760.37 1041.56
3124.67 731.193
3660.87 1132.39
3016.09 849.531
3407.71 950.848
3375.03 972.207
3445.9 1011.79
3869.02 1250.29
4111.53 1303.67
2886.09 802.085
3305.21 962.435
3489.75 1135.77
3765.74 1131.53
3772.83 1098.57
3511.12 952.084
3351.03 904.577
3979.29 1071.2
4175.39 1112.48
3189.79 747.698
3748.08 842.202
880.754 284.622
950.589 412.546
919.941 366.903
870.133 393.703
951.293 359.834
818.618 368.272
799.548 340.862
827.7 347.416
890.416 350.812
940.259 376.365
890.02 381.726
1028.23 423.878
1037.65 423.84
1269.58 500.897
997.039 357.826
950.061 298.18
948.118 328.976
1126.23 440.842
935.161 364.929
938.085 420.943
965.029 303.228
920.65 267.681
3253.94 620.959
3263.33 797.512
3574.16 917.978
3603.49 980.015
3357.72 886.785
3627.25 1028.32
3325.92 893.521
3729.44 1011.93
3178.38 896.824
4271.79 1238.16
3888.37 1190.5
3489.32 1016.78
3693.65 1017.23
4064.74 1172.74
3436.83 917.537
3399.58 894.173
4104.82 1110.19
3018.52 774.442
4396.31 1198.5
3945.94 1021.5
3681.77 776.119
3928.78 1010.09
1744.85 376.494
1199.22 394.07
1234.16 409.511
930.205 381.226
853.431 320.488
943.227 361.464
832.24 340.558
858.66 329.297
807.256 368.048
768.879 300.941
922.518 358.992
910.819 387.025
1097.96 469.102
700.344 310.862
1146.93 460.174
608.608 259.455
958.47 384.038
717.183 249.292
1002.68 337.039
871.293 263.3
877.948 327.902
981.102 284.943
3707.66 681.42
3513.5 845.526
4313.34 1124.6
4258.48 1195.63
3992.56 1073.47
3941.99 1090.34
3389.95 895.403
4231.85 1365.06
3928.87 1211.92
4035.05 1073.15
3595.13 997.643
3874.34 1131.97
4105.99 1361.21
4263.19 1238.26
4173.03 1238.13
4216.6 1244.04
3949.78 1113.84
3685.68 987.364
4749.45 1297.71
4545.22 1250.98
3206.35 727.064
3493.97 729.47
1117.46 219.547
1068.85 368.449
1103.45 435.472
973.815 408.994
964.311 578.711
977.123 374.646
982.047 413.093
1126.97 448.117
1029.49 427.938
960.705 433.902
1151.04 538.859
925.212 347.766
963.179 424.269
1137.23 496.352
1109.11 424.248
1052.08 405.028
1132.53 456.577
1064.69 438.703
965.196 411.8
951.451 332.241
1051.32 415.534
1288.87 150.961
3740.41 641.069
3365.3 793.737
2857.87 711.263
3297.33 905.695
3524.3 1043.26
3681.74 1104.2
3516.32 1045.35
4044.25 1282.42
3569.54 1043.87
3901.25 1186.1
3877.48 1200.33
4153.76 1332.71
3438.47 949.439
4716.84 1525.83
2935.09 828.518
3961.08 1191.29
3229.56 955.052
3805.38 1076.81
3800.41 1098.49
4229.34 1029.32
3519.78 801.793
3355.85 602.132
1616.72 429.132
1138.17 326.036
817.996 350.036
898.403 380.393
906.336 390.045
713.543 254.02
880.625 334.733
1125.49 416.398
1533.46 530.185
1328.21 450.235
798.844 316.321
937.691 406.211
811.629 303.2
938.148 400.809
928.194 317.799
956.97 446.61
668.525 242.72
964.706 393.648
921.684 340.557
1152.87 517.121
1094.31 470.916
1044 256.791
4729.13 1247.35
4004.64 780.022
5842.15 1485.41
4643.07 1204.72
4445.8 1312.8
4375.7 1148.05
4325.45 1289.89
3379.05 1027.62
3727.69 1203.71
4299.08 1206.85
4220.83 1257.21
3938.57 1045.5
4758.3 1440.26
3728.15 1028.2
4251.86 1306.91
4416.51 1202.94
4613.75 1386.4
4136.44 1110.23
4427.12 1178.6
4099.5 1144.3
3973.81 872.185
3962.71 1106.08
1207.79 316.454
1230.45 345.286
1247.55 442.32
1182.84 382.168
842.18 268.647
1228.95 456.598
892.603 379.724
1062.32 398.417
1111.42 423.197
1029.81 381.964
948.258 359.76
973.231 342.513
1048.54 436.256
1147.85 511.073
1105.58 446.349
1068.84 362.952
1280.36 511.428
971.542 355.742
937.629 364.205
947.514 404.411
1026.95 380.653
1170.87 330.113
3466.75 783.649
3437.05 683.04
3366.58 967.354
3215.19 874.646
3194.92 890.927
3427 1043.52
3345.96 961.591
3397.92 1019.48
3494.9 989.654
3607.02 1030.9
3500.72 1091.03
3788.73 1245.02
3298.66 940.891
3706.65 1031.94
3840.24 1082.24
4187.84 1193.2
3392.38 939.608
2915.87 814.776
3373.1 944.287
3533.68 1011.73
3601.23 681.501
3480.56 560.7
943.203 146.008
825.999 252.147
945.856 358.448
642.665 306.617
613.341 242.52
1241.48 379.464
633.268 244.995
813.24 366.234
676.072 261.775
696.838 338.864
940.658 373.979
736.956 315.59
663.451 263.072
861.162 403.271
843.931 373.985
842.575 323.794
711.672 327.226
1179.79 435.433
659.428 266.581
654.49 234.651
816.528 290.329
935.805 236.539
3361.62 634.977
3704.38 813.796
3596.38 947.434
3444.02 927.07
4018.85 1125.12
3457.43 1051.52
3610.5 980.545
3371.82 931.735
3115.25 889.692
4098.56 1211.4
4111.78 1222.55
3140.74 825.776
2838.73 833.786
3116.6 916.85
3340.84 971.171
3233.77 926.141
3693.15 1067.25
3603.35 952.162
3575.4 916.54
4268.05 1062.06
3440.43 668.331
3930.68 834.009
973.466 194.673
1020.33 287.888
914.469 352.688
939.581 317.518
1132.06 395.548
1023.98 297.111
921.828 324.629
1026.78 450.745
806.119 277.067
757.753 289.48
730.631 310.836
1057.82 401.434
991.75 367.792
914.933 304.629
1012.93 400.26
967.566 378.999
876.828 311.898
1079.46 360.818
1086.23 366.398
1087.73 374.009
897.344 269.122
915.91 191.682
4644.99 1022.22
4628.74 1338.66
4590.87 1224.84
4875.75 1431.61
4782.7 1368.9
4520.3 1421.52
4566.78 1426.27
4014.42 1229.59
4002.56 1214.05
4697.42 1562.12
5064.71 1590.19
3986.54 1167.79
4594.33 1463.76
4455.69 1361.08
4306.29 1322.75
3999.84 1185.32
4643.89 1413.14
4543.74 1439.43
4112.85 1313.25
4454.01 1210.89
4820.44 1116.87
4875.84 1293.65
865.919 211.186
1307.43 482.225
1125.18 392.995
1244.56 427.246
942.036 319.248
984.748 410.001
842.708 381.198
1192.3 484.398
907.437 372.508
1121.67 432.314
963.529 400.157
1031.89 397.279
1300.47 558.949
1544.72 568.144
1046.22 388.961
1254.16 574.149
1011.17 439.039
1302.12 503.793
1235.11 426.351
1059.23 467.531
1138.25 490.698
1249.26 393.888
3790.3 668.799
4344.35 974.726
4228.49 1037.11
3658.91 866.03
4702.23 1342.94
3624.2 991.131
3844.57 1080.36
3854.92 1162.1
3859.18 1172.8
3841.97 1069.79
3924.3 1112.99
3783.25 985.675
4404.42 1330.38
4151.42 1144.87
4046.11 1109.28
4683.72 1420.21
3896.4 1088
4619.47 1193.16
4485.55 1223.59
4137.25 1039.83
3956.18 864.317
4017.27 817.484
813.899 239.825
782.897 316.965
854.333 396.052
733.691 280.059
825.165 331.254
723.631 256.642
814.973 320.552
822.063 304.536
909.886 344.572
690.874 266.666
771.882 331.383
755.35 298.497
889.203 362.534
819.91 334.363
811.3 319.706
889.929 351.416
1087.98 389.574
883.768 339.48
867.569 320.153
832.081 317.933
968.317 338.011
830.136 256.698
4202 1338.58
4366.85 1210.16
3515.5 930.657
3271.54 959.149
4153.92 1072.32
3770.89 961.142
4207.86 1234.6
4286.19 1234.79
4272.48 1306.29
3412.52 1032.09
3763.03 1099.43
3986.3 1164.17
3603.83 963.999
4724.74 1395.49
3371.06 940.843
4072 1282.65
3564.34 923.215
3888.5 1200.72
3763.62 1031.75
3726.02 998.046
3859.4 1062.15
4444.27 1075.91
1133.36 384.007
897.208 292.776
1101.41 435.66
1086.8 408.743
1073.87 451.702
1092.21 463.026
1045.47 435.869
1037.81 448.835
1133.63 528.117
1016.98 422.557
1115.72 573.723
1078.63 446.48
820.164 299.797
939.989 362.979
1161.42 438.535
1140.76 512.306
1096.24 369.338
1138.03 497.472
1178.74 457.645
1137.74 406.726
1136.5 531.319
1287.82 412.053
4752.24 1185.42
4126.27 1049.84
5029.25 1389.34
4289.47 1116.33
4535.88 1134.06
4400.56 1242.76
4498.38 1285.75
4238.18 1147.96
4624.13 1320.51
4189.65 1190.34
4610.63 1335.6
4215.27 1212.23
4291.58 1277.36
4059.14 1094.25
4201.79 1165.88
4782.29 1385.5
4192.53 1040.06
4975.89 1415.98
4569.23 1273.85
3905.65 974.074
4673.24 1172.34
4280.47 1104.03
2038.29 561.885
2006.14 553.027
2349.94 647.561
2210.9 613.044
1852.63 578.911
2306.53 705.825
1990.46 600.523
2153.24 656.023
2303.51 677.095
2176.91 630.939
2359.75 812.61
2126.42 595.23
2116.36 690.363
2196 753.28
1917.56 610.908
2030.97 657.035
2022.14 585.893
1904.31 582.324
1671.79 469.759
1810.24 483.899
2185.18 619.549
1635.52 384.855
3390.97 1078.69
3709.25 993.936
3865.89 1099.13
3552.84 902.252
4257.39 1153.88
3756.18 1160.91
3437.53 1046.41
3727.76 979.7
3869.17 1095.8
3513.22 1059.85
3783.67 1158.29
3616.27 1077.42
3724.59 1047.96
3784.52 1136.26
3961.6 1103.96
4188.03 1281.64
3463.13 948.73
3756.87 1166.21
4119.37 1108.45
3881.09 1040.93
3809.76 1127.24
4083.09 1216.03
3308.22 1125.12
3498.89 963.931
3470.37 992.615
3774.07 938.208
3689.43 1028.9
4092.93 1106.43
3666.15 1045.65
3726.15 969.578
3725.31 1176.6
4288.19 1291.51
3872.41 1138.95
3505.46 1077.26
3939.41 1102
3513.66 989.547
3803.67 981.911
5080.22 1392.14
2763.96 806.119
4930.37 1459
4742.68 1141.83
3191.02 820.146
3796.37 1084.76
4896.16 1479.47
