3300.8 1286.58
3284.78 983.869
3374.2 1131.36
2869.85 888.858
2741.98 858.202
3272.38 1023.75
3435.79 1019.53
3177.51 1001.78
3046.5 902.129
3073.11 983.689
2740.35 820.538
2640.8 834.795
2848.49 918.536
2540.06 810.883
3158.79 1027.24
2412.01 698.347
2945.02 864.716
3538.69 1069.27
2939.42 851.219
2937.76 907.603
3296.16 1008.71
3762.38 1529.87
3015.3 1168.18
3678.74 1028.11
3188.38 1007.98
3094.58 895.725
3059.99 841.544
3079.83 923.183
2763.37 791.993
3201.25 996.857
3135.66 966.209
3039.3 1034.5
2756.89 817.771
2658.14 908.839
3040.93 896.982
3236.38 1042.57
2648.97 810.915
2846.89 793.341
2507.58 685.498
2892.35 873.204
2557.49 701.799
2502.5 744.955
2820.48 786.21
2867.68 1158.29
3892.31 1166.57
3772.48 1032.1
3863.81 1249.68
3258.7 872.637
4662.58 1558.15
3875.96 1166.74
3520.96 1049.42
3817 1184.28
4462.7 1519.35
3363.36 974.129
3590.85 1203.62
3375.8 1035.66
3980.29 1257.39
3173.83 925.14
3913.56 1282.24
3160.04 850.96
4015.67 1262.08
3502.14 1035.49
3318.13 915.857
3182.44 920.073
3074.41 891.075
3589.86 1215.25
2158.55 700.227
1650.69 577.834
1307.61 471.348
1350.89 473.114
1684.68 672.564
1649.04 538.107
1585.19 553.511
2283.32 779.382
1609.27 559.262
1705.13 578.816
1714.57 583.744
1402.41 545.085
1668.01 632.594
1471.43 535.313
1539.59 577.517
1631.54 576.469
1479.56 539.508
1526.61 533.514
1369.09 505.729
1719.96 584.863
1595.7 572.326
1474.82 574.052
4406.52 1253.74
3265.62 822.727
3730.83 1148.94
3097.18 872.522
3603.28 1157.06
2945.7 794.678
3447.86 1066.87
3293.83 980.553
3383.79 1040.47
3722.95 1198.64
3995.65 1377.66
2768.3 791.522
3268.58 1086.98
3398.65 1115.84
3650.63 1143.42
3635.85 1112.86
3442.7 1004.92
3268.66 887.412
3903.41 1160.13
4079.11 1101.27
3125.5 806.034
3879.71 1026.92
857.624 376.884
935.499 371.953
893.74 359.593
849.838 370.047
933.086 392.662
804.275 333.101
809.239 343.706
813.998 328.686
834.317 330.507
961.141 430.582
884.073 382.399
989.14 394.143
998.239 404.018
1237.89 494.336
1007.02 410.118
953.776 393.643
918.376 364.018
1111.41 433.356
900.032 367.271
893.025 369.988
976.944 355.946
969.193 412.822
3343.26 819.923
3378.59 898.093
3576.74 1007.65
3643.91 1090.61
3371.78 954.724
3586.82 1109.12
3229.22 922.465
3683.53 1135.63
3098.81 895.829
4123.96 1346.42
3733.06 1096.11
3489.88 1069.39
3647.26 1083.35
3978.63 1237.66
3402.53 1019.53
3379.86 979.863
4033.19 1287.85
2968.49 862.478
4314.52 1333.39
3934.26 1175.51
3637.5 935.543
3769.82 992.954
1671.78 495.47
1209.08 456.826
1199.56 444.664
925.231 364.259
822.929 324.617
914.578 355.994
813.112 320.339
852.137 317.712
818.454 342.976
754.215 299.368
901.716 343.862
880.72 354.129
1111.71 459.083
655.36 284.308
1126.69 442.955
605.373 252.303
931.971 392.579
711.089 264.628
1011.08 429.682
861.267 336.14
878.86 344.421
990.404 353.426
3663.18 825.757
3424.97 902.112
4219.99 1264.65
4092.89 1229.72
3908.77 1185.3
3871.01 1178.1
3319.81 919.666
4066.66 1310.2
3798.17 1106.38
3995.86 1252.35
3567.33 1053.99
3722.41 1129.06
3992.04 1305.56
4090.63 1261.3
4091.34 1299.28
4149.13 1291.29
3749.92 1133.38
3598.17 1007.42
4690.89 1422.67
4440.46 1367.8
3252.99 886.94
3462.27 769.946
1118.74 447.713
1003.38 351.47
1075.09 478.631
937.429 395.807
1025.81 444.723
968.851 382.843
966.266 386.199
1135.94 472.957
1037.01 453.676
973.199 417.178
1140.73 476.223
909.744 371.701
969.392 451.618
1095.75 427.685
1065.48 432.898
1027.37 419.249
1067.57 415.963
1032.1 395.231
1004.72 470.127
971.227 383.203
1067.55 433.14
1525.04 608.565
3639.42 757.729
3409.53 943.938
2873.51 873.303
3327.29 1040.97
3480.85 1165.37
3573.61 1209.2
3463.72 1085.93
3944.73 1335.19
3542.39 1069.65
3912.76 1246.96
3744.74 1121.77
4066.48 1354.73
3405.3 985.632
4607.01 1612.01
2870.16 785.036
3885.95 1295.95
3203.82 983.781
3703.41 1144.94
3721.97 1097.09
4219.66 1197.01
3489.6 846.921
2250.87 704.686
1614.75 496.972
1147.52 355.91
785.694 303.76
886.805 351.019
875.523 366.624
723.289 290.904
847.007 313.211
1115.82 435.69
1483.16 484.371
1350.9 481.649
777.288 327.817
920.678 384.759
825.546 329.577
925.471 439.065
942.007 330.292
954.042 426.949
656.453 250.639
966.594 404.198
894.316 337.979
1086.77 431.584
1102 468.63
1034.71 299.998
4831.44 966.634
3993.88 916.415
5630.67 1595.59
4456.29 1230.42
4354.68 1334.85
4288.56 1266.16
4231.18 1365.53
3345.67 1016.15
3581.93 1128.65
4177.06 1259.42
4091.62 1211.37
3922.42 1130.45
4613.79 1476.33
3634.27 1083.49
4216.8 1305.66
4336.82 1256.82
4458.7 1396.85
4095.97 1227.63
4359.41 1331.15
4007.66 1313.41
3997.17 955.748
4106.71 1046.89
1271.57 436.803
1201.53 419.24
1224.35 493.739
1176.79 448.389
812.686 322.427
1193.08 439.577
912.711 399.683
1059.03 383.204
1070.51 419.904
1039.32 414.989
939.802 372.462
955.431 362.499
1030.88 434.47
1111.57 436.941
1091.76 443.528
1064.33 409.417
1274.5 525.573
943.345 360.579
929.944 377.91
988.185 423.03
1017.14 336.694
1161 401.568
3432.17 775.374
3463.34 840.051
3335.07 1045.72
3129.66 949.666
3091.01 913.42
3382.74 1122.63
3272.14 1003.35
3294.1 1030.33
3395.86 1033.84
3561.37 1133.6
3393.12 1045.27
3773.45 1280.04
3255.63 946.153
3643.15 1085.58
3811.75 1111.23
4156.44 1294.09
3345.71 1046.88
2870.68 838.482
3265.5 998.297
3430.09 961.055
3560.05 813.383
3489.76 755.844
970.033 284.71
780.517 224.123
927.802 352.021
633.017 267.348
611.082 250.154
1286.47 488.568
628.543 263.355
765.844 321.595
672.14 276.806
721.84 321.833
918.286 364.592
724.38 291.759
649.053 256.821
863.236 363.536
849.635 346.674
853.84 348.175
690.041 301.363
1160.31 452.549
645.474 275.462
663.318 266.236
792.626 266.628
970.466 363.117
3354.97 744.538
3681.73 854.61
3533.52 991.088
3396.06 959.344
3869.65 1188.27
3378.13 1028.62
3567.27 1036.45
3360.47 1042.75
3033.78 910.155
3984.55 1213.31
3993.34 1222.46
3103.59 907.722
2797.06 835.142
3042.28 911.394
3252.58 1017.84
3183.4 951.811
3556.22 1059.72
3513.75 965.122
3526.17 909.259
4150.83 1228.66
3378.71 834.486
4046.84 940.853
978.664 299.087
1006.53 338.666
890.514 356.087
927.522 335.095
1108.76 411.342
1031.38 352.407
908.294 345.933
992.725 410.258
782.698 283.22
739.882 293.276
729.804 295.711
1047.49 409.972
973.515 362.719
919.888 353.079
991.634 378.293
962.318 382.802
852.969 309.485
1077.05 396.861
1079.82 391.694
1074.55 437.145
873.541 262.077
997.751 319.704
4768.65 1228.93
4218.89 1155.93
4559.46 1398.08
4847.28 1568.26
4852.67 1563.77
4325.88 1359.02
4691.05 1596.02
4059.35 1318.02
4000.57 1275.59
4278.23 1371.89
4753.99 1530.91
3946.6 1143.33
4641.19 1543.71
4350.37 1432.52
4245.09 1344.98
3990.8 1254.29
4508.18 1441.1
4297.2 850.474
4064.01 1368.88
4356.41 1275.31
4772.91 1215.17
5049.66 1326.68
855.492 274.138
1325.79 510.209
1093.57 408.688
1223.37 465.291
949.365 359.802
964.613 400.461
860.604 357.022
1180.93 515.513
884.939 372.447
1147.13 507.995
950.879 383.416
1012.23 400.408
1341.2 570.845
1523.88 605.016
1040.2 426.445
1205.15 504.801
1004.75 420.529
1276.76 502.441
1170.69 424.646
1055.8 462.238
1142.28 434.263
1189.71 455.874
3746.26 831.43
4312.06 1041.63
4155.17 1112.01
3643.19 993.411
4573.84 1380.24
3578.74 978.105
3742.01 1134.23
3745.69 1162.07
3789.75 1143.79
3773.24 1144.2
3897.36 1203.36
3713.64 1114.75
4206.63 1341.24
4079.88 1230
3960.34 1183.81
4571.6 1422.55
3838.67 1094.76
4556.25 1306.44
4333.79 1246.81
4081.98 1169.02
3914.03 1002.38
3964.08 905.56
807.769 320.951
756.155 290.844
827.569 347.681
731.166 268.939
833.668 360.881
709.292 255.814
808.475 327.661
824.034 324.837
924.614 380.173
669.243 270.918
732.123 296.823
751.059 290.977
876.07 358.938
808.368 326.712
812.46 311.696
893.068 374.098
1086.48 390.917
846.265 323.159
879.601 352.459
797.281 294.445
944.51 358.096
770.407 185.775
3686.79 1103
4317.77 1300.13
3432.33 916.689
3249.82 958.328
4192.6 1327.36
3771.34 1016.93
4151.06 1323.52
4240.23 1313.12
4244.5 1387.65
3393.58 1072.17
3591.04 1130.12
3936.3 1210.6
3574.81 1028.25
4669.61 1531.17
3312.82 925.461
4021.72 1364.64
3554 1039.64
3824.46 1215.17
3806.83 1128.76
3694.33 1047.49
3798.66 1104.13
4605.19 1296.06
1031.98 452.158
913.31 321.213
1081.38 390.337
1074.78 405.096
1061.72 489.806
1081.21 415.183
1031.53 392.191
1007.95 415.303
1140.46 498.563
1009.07 377.718
1042.57 468.174
1075.19 481.451
782.615 278.431
908.849 359.404
1141.98 450.393
1124.61 500.248
1115.44 422.178
1117.34 484.866
1155.8 480.91
1096.22 430.237
1108.31 446.89
1278.68 536.806
4674.84 1273.33
4036.19 1112.61
4848.76 1406.25
4264.44 1175.2
4573.8 1250.27
4357 1292.83
4355.83 1284.05
4272.96 1312.62
4379.77 1358.94
4058.95 1248.99
4533.85 1360.62
4155.48 1261.81
4164.23 1301.9
3902.69 1181.95
4102.9 1230.45
4561.09 1427.75
4171.18 1184.82
4780.84 1525.05
4380.25 1258.75
3893.84 1066.21
4673.49 1276.53
4169.53 1336.34
2011.11 643.777
2004.73 617.146
2374.56 796.606
2199.56 695.346
1803.22 608.86
2220.6 695.33
1967.2 655.526
2051.34 648.814
2294.52 774.275
2167.59 724.165
2271.17 777.567
2122.45 720.781
2089.98 742.287
2143.52 739.183
1904.92 675.872
1971.99 705.847
1972.66 634.547
1872.41 612.185
1648.37 525.629
1813.4 559.882
2122.57 688.886
1633.58 521.691
3082.94 1316.81
3744 1137.14
3800.08 1100.73
3515.76 1001.62
4202.46 1379.83
3644.9 1179.25
3389.73 1102.92
3731.6 1187.39
3855.27 1268.35
3374.27 1075.37
3749.09 1258.04
3596.55 1141.44
3658.46 1117.84
3661.02 1125.96
3862.2 1135.88
4409.87 1496.02
3452.47 1025.98
3636.09 1150.66
4000.37 1173.59
3791.25 1161.07
3746.71 1188.77
3878.03 1773.31
3166.5 1365.69
3467.66 967.932
3484.77 1050.45
3789.13 1086.85
3567.56 1139.18
3984.5 1145.32
3597.13 1038.54
3678.48 1027.09
3543.87 1132.56
4250.78 1340.56
3973.17 1301.97
3450.64 1079.2
3807.45 1139.88
3463.46 1052.62
3745.62 1176.82
5124.2 1582.85
2691.12 795.573
4633.69 1463.33
4860.09 1400.35
3172.37 900.697
3681.43 1157.71
4408.27 2138.71
