941.181 306.813
933.019 266.647
929.818 274.641
808.078 211.753
778.966 230.583
943.742 277.795
945.553 251.516
873.84 251.083
865.75 236.625
845.362 251.203
772.586 215.207
784.242 230.985
829.207 240.383
737.66 205.914
916.989 262.381
712.528 199.152
859.861 241.334
1042.22 277.771
838.511 228.969
866.234 250.338
967.955 268.213
1116.27 363.592
844.499 262.121
1056.92 310.674
908.308 256.126
867.318 227.332
863.493 213.303
864.706 246.927
760.276 198.508
911.062 261.335
868.29 246.902
856.457 270.491
789.12 226.042
718.101 211.856
861.124 239.389
899.201 273.836
778.869 217.589
781.884 206.187
703.163 185.77
818.687 227.122
742.952 192.959
723.068 202.121
780.709 205.333
783.202 242.656
1067.83 292.946
1034.84 276.916
1068.39 312.644
912.498 218.727
1258.09 374.778
1069 286.43
959.723 260.95
1034.63 290.868
1234.41 389.782
924.852 247.699
987.277 316.503
897.883 249.353
1134.14 331.024
888.032 247.236
1036.22 304.187
842.213 214.976
1125.81 336.089
955.996 251.846
901.784 246.159
854.855 222.157
846.662 220.958
989.543 248.673
571.928 214.473
467.888 151.752
346.595 114.855
370.692 119.742
464.36 183.241
453.468 142.383
432.627 134.847
582.923 176.663
425.902 129.318
456.444 141.076
478.514 148.469
385.683 131.182
465.521 163.469
399.7 132.072
413.719 135.842
454.121 157.817
439.977 156.553
417.566 133.749
393.87 127.902
470.259 149.916
447.585 120.838
386.215 138.146
1117.2 313.596
866.618 203.704
996.454 277.166
832.459 217.427
941.742 269.855
762.106 192.411
912.502 260.088
899.107 241.828
874.468 247.693
986.996 316.492
1024.48 329.868
776.862 211.605
894.902 270.112
945.597 300.314
1038.96 313.034
1022.46 305.564
945.844 259.333
911.295 224.836
1084.82 285.312
1128.97 281.742
877.274 227.88
1079.89 235.37
240.501 110.266
251.033 94.9784
239.817 85.204
234.449 93.2108
258.124 111.698
216.371 89.4928
215.538 92.7115
210.99 87.907
232.599 95.9871
254.457 113.313
244.341 113.001
266.649 113.513
275.218 102.274
328.706 128.21
279.562 118.169
264.079 114.855
246.672 99.6792
302.089 110.45
254.09 102.688
247.825 104.334
264.015 101.408
215.767 177.879
989.849 229.103
919.388 219.291
986.723 260.049
988.109 272.439
963.956 255.738
1004.27 289.402
902.337 249.313
998.13 280.009
874.663 246.255
1121.33 346.582
1045.69 295.747
948.317 272.548
992.576 271.866
1099.42 312.394
920.028 265.462
933.088 255.405
1069.53 288.94
819.809 220.417
1181.12 312.34
1109.23 295.672
1004.4 243.972
1068.93 226.949
470.691 176.509
324.005 113.285
316.323 104.606
254.247 92.6011
227.285 80.8013
264.595 97.2526
215.69 88.2918
242.137 88.003
219.257 107.686
202.99 76.7028
250.752 96.651
251.259 114.409
302.323 115.178
184.624 82.8963
309.867 118.538
165.82 69.5499
261.125 96.3844
192.557 72.5394
277.257 111.751
246.07 94.0968
252.693 98.0086
297.784 95.0472
1043.58 259.966
973.493 243.607
1239.95 334.418
1192.66 338.485
1094.9 290.366
1104.09 321.542
942.196 250.17
1143.4 355.948
1117.69 317.176
1122.05 310.747
998.942 273.8
1024.63 307.152
1096.07 340.926
1124.23 324.857
1121.84 336.93
1134.74 314.162
1071.16 313.562
986.175 249.526
1291.85 351.148
1227.4 375.188
895.254 214.266
967.525 203.471
324.317 128.608
280.576 90.0453
294.677 123.625
260.899 115.321
279.373 139.519
264.895 109.516
251.092 112.16
298.952 117.877
276.886 133.063
255.221 98.0792
290.089 132.496
244.505 96.8633
255.863 133.32
299.313 118.522
292.244 119.818
283.978 125.317
288.701 108.664
297.479 112.564
264.466 113.958
263.08 89.7087
277.645 104.49
352.692 158.059
991.295 234.656
949.164 246.206
742.792 215.167
913.122 273.551
939.273 317.924
933.204 294.06
945.121 277.545
1044.38 345.424
960.826 309.187
1044.7 298.805
1002.87 289.153
1085.68 330.491
914.676 263.092
1223.72 370.15
790.36 215.459
1076.1 328.139
870.803 240.013
1040.2 323.233
1026.39 288.805
1148.58 288.379
924.919 194.236
726.781 1054.04
451.214 117.77
326.916 89.2526
225.553 89.0079
246.089 93.3873
234.203 99.194
215.63 80.1302
225.922 89.0771
314.777 108.769
391.064 124.606
378.02 123.284
216.67 97.9004
250.535 120.346
221.224 89.766
250.946 126.974
248.567 87.7107
261.461 108.853
185.14 70.5173
274.3 112.54
242.925 87.6341
299.849 112.308
309.245 100.146
236.233 199.578
1354.57 268.424
1159.51 260.883
1553.91 395.378
1253.16 311.278
1251.93 380.065
1232.42 336.997
1211.94 379.858
938.602 265.679
1049.4 319.258
1196.19 343.313
1180.1 344.278
1109.35 299.65
1317.54 406.432
1050.7 304.638
1205.18 357.366
1268.52 351.426
1329.47 390.444
1144.8 286.426
1249.66 360.816
1132.66 376.057
1146.97 260.265
1080.15 223.074
345.76 113.314
335.269 108.491
342.105 114.706
322.407 111.053
230.103 83.0616
330.612 114.614
262.794 112.671
297.53 96.2039
291.397 114.257
285.902 108.862
259.604 91.0871
260.749 102.066
294.509 117.504
303.735 125.384
297.679 109.189
281.264 105.35
358.803 146.182
261.89 97.3687
261.577 107.086
264.749 112.996
276.701 86.9328
333.388 122.947
950.274 199.543
937.418 208.922
895.981 239.198
858.083 243.948
842.3 242.457
917.459 275.16
896.631 273.176
911.555 264.018
923.752 268.587
962.114 289.906
944.543 272.119
1006.54 324.447
874.125 259.678
991.148 277.156
1042.53 270.557
1134.07 323.923
944.289 271.343
795.648 229.624
895.312 245.096
955.151 246.525
959.887 214.156
742.268 31.987
220.672 65.4727
227.321 64.474
268.299 96.6394
180.526 73.9827
166.075 69.8731
322.216 108.118
167.711 74.2479
215.04 85.385
185.59 68.6876
176.838 75.4321
248.756 101.582
205.173 85.6186
185.862 71.7343
250.385 103.171
237.388 91.6179
240.728 98.0695
194.591 83.2743
319.146 122.331
186.812 79.287
189.242 66.4062
236.219 77.3004
262.369 75.4594
953.751 193.991
999.199 215.215
953.352 237.487
913.129 224.839
1069.99 306.327
921.94 259.825
965.927 275.788
888.764 240.897
819.786 230.673
1087.07 314.367
1029.31 281.324
933.573 260.851
827.612 245.318
926.784 265.546
987.816 286.56
959.214 265.563
1052.87 297.175
1073.04 286.195
1083.19 273.668
1260.01 330.09
1009.88 252.454
1245.19 263.545
255.082 156.808
279.791 80.7633
250.207 83.6682
259.617 92.2709
315.635 108.213
278.21 89.2633
262.546 97.6783
252.103 97.9559
211.932 75.413
206.825 86.4806
211.811 71.348
292.06 119.932
277.382 102.419
264.084 91.5446
275.054 97.1518
274.232 100.859
250.604 84.297
292.647 92.9424
311.381 113.775
302.781 112.335
245.297 77.1199
320.749 91.9345
1312.14 340.009
1135.26 304.964
1215.06 327.154
1254.84 382.185
1288.21 372.587
1170.33 360.256
1231.67 400.213
1077.52 335.765
1056.24 338.322
1148.5 364.668
1271.77 382.44
1070.89 285.341
1278.04 422.374
1158.53 333.682
1163.26 353.611
1096 333.431
1221.57 347.834
1186.44 388.904
1060.5 349.386
1179.05 309.994
1324.15 311.454
1409.48 333.306
237.414 74.2149
337.016 117.777
299.735 98.1348
324.849 117.777
260.183 104.318
261.668 106.379
231.794 92.7542
296.87 132.137
241.865 91.0911
306.9 141.352
257.375 116.97
285.952 104.008
360.822 145.291
405.901 144.815
292.501 117.833
331.734 135.551
280.572 111.413
339.472 123.906
335.948 124.657
293.969 124.457
313.948 105.243
319.874 123.944
1090.52 219.546
1241.4 275.043
1218.73 310.304
1087.33 282.111
1336.74 362.44
1039.47 267.815
1097.2 318.774
1068.81 313.261
1087.42 305.052
1063.99 299.804
1064.57 328.588
1034.41 288.673
1141.88 339.97
1140.83 306.128
1084.54 300.205
1253.61 352.239
1054.64 286.231
1269.76 346.921
1194.83 325.698
1136.62 302.252
1081.81 272.246
1120.5 228.354
228.718 168.724
207.795 84.3252
234.979 88.5685
209.41 78.1117
223.214 94.3655
202.298 88.5741
227.566 85.8231
231.233 90.3104
241.845 84.0292
196.553 91.564
203.888 77.5487
210.62 75.4679
233.136 97.8816
233.923 90.7445
226.313 88.682
249.512 98.9418
298.65 107.566
240.476 94.1775
244.97 91.1008
224.792 81.3383
252.467 105.216
264.461 71.5314
997.465 283.87
1201.23 319.651
961.313 262.218
904.728 238.945
1146.66 349.041
1112.75 285.306
1132.38 347.384
1157.99 345.415
1167.81 376.763
908.344 272.815
1021.08 305.045
1059.09 295.935
968.788 267.187
1285.81 380.246
917.177 239.884
1102.83 340.239
990.686 265.439
1058.63 299.713
1043.05 269.042
1015.96 263.513
1061.75 285.282
1285.37 339.924
293.43 121.071
266.4 89.592
293.326 117.06
301.732 102.973
285.842 141.306
299.795 121.793
278.92 105.395
274.058 112.282
302.376 143.247
269.971 91.3271
265.905 124.087
291.383 140.013
222.34 84.0253
260.158 89.3593
304.377 141.138
302.761 134.846
307.71 110.874
307.536 131.951
318.366 151.376
301.109 120.319
310.956 135.279
375.012 140.63
1398.11 380.125
1168 318.847
1412.52 397.647
1237.14 327.676
1328.91 336.535
1263.58 365.171
1267.4 349.282
1236.65 370.221
1329.37 387.738
1164.78 336.665
1288.2 355.774
1197.46 332.593
1186.31 334.317
1158.55 323.304
1179.1 317.057
1288.34 376.194
1131.31 286.489
1370.26 412.466
1271.14 381.572
1098.33 289.375
1316.06 362.229
1195.04 347.726
561.87 174.783
564.297 180.177
665.626 211.856
609.568 180.37
502.262 159.056
639.532 201.173
546.649 172.032
587.851 182.577
606.371 190.319
595.442 193.296
636.448 212.824
604.765 205.688
612.685 208.788
584.751 182.209
524.049 165.581
561.847 186.666
549.719 162.168
521.693 161.161
456.714 132.108
518.076 143.012
588.728 179.609
473.766 147.608
875.655 294.103
964.996 253.67
1032.71 276.835
980.317 248.561
1172.83 349.293
1001.22 305.687
930.313 273.162
1010.3 282
1040.56 292.416
919.392 270.921
1013.11 325.853
1001.93 303.564
1009.25 279.139
1021.43 294.665
1094.35 297.704
1099.83 310.246
953.893 277.805
1030.6 286.856
1093.33 290.28
1055.64 298.344
1015.95 275.567
1068.87 331.762
880.02 314.245
956.355 280.717
974.865 266.539
1052.61 303.701
978.824 282.655
1097.13 294.774
950.946 257.8
1017.76 268.66
1020.48 312.625
1146.49 324.82
1071.15 323.195
920.216 265.766
1120.89 302.433
974.674 266.151
994.579 279.181
1367.1 342.338
751.671 201.46
1262.54 379.095
1338.93 333.183
891.854 220.501
993.342 293.429
1279.64 406.479
