3386.32 1135.76
3365.23 923.728
3380.42 1025.82
2933.96 830.011
2778.94 835.251
3315.97 970.623
3457.7 942.589
3181.67 938.444
3126.34 884.881
3106.11 935.446
2786.29 801.36
2683.65 784.247
2866 864.185
2582.78 764.151
3218.57 966.692
2494.82 695.805
3015.01 855.449
3578.38 993.774
3000.44 826.726
3011.28 867.696
3387.36 993.307
3836.45 1299.56
3102.92 1012.46
3719.32 958.066
3307.5 975.934
3166.59 868.141
3144.2 831.091
3165.76 894.178
2805.98 774.35
3263.61 943.531
3200.29 947.675
3042.29 923.656
2796.71 775.773
2689.62 790.941
3085.94 849.011
3279.59 981.764
2721.92 799.186
2919.86 800.812
2559.87 660.643
2952.61 840.811
2605.59 652.306
2560.28 697.892
2819.47 728.494
2993.09 1000.25
4012.44 1207.74
3772.19 981.678
3974.31 1190.8
3325.33 903.032
4633.81 1415.27
3922.3 1102.62
3550.14 988.291
3896.7 1176.94
4513.28 1369.52
3442.74 966.428
3608.89 1121.3
3399.98 982.791
4088.75 1224.99
3236.16 897.855
3970.98 1219.53
3202.01 800.921
4045.25 1207.1
3519.56 922.908
3340.29 837.543
3201.46 854.1
3089.21 828.475
3639.87 1123.82
2209.6 687.543
1664.03 565.702
1310.66 447.475
1384.86 468.27
1661.25 592.569
1683.5 510.772
1597.93 522.494
2258.23 709.584
1619.48 508.51
1723.19 533.513
1710.22 525.917
1426.01 539.229
1720.41 606.47
1485.23 499.248
1543.46 520.283
1632.69 525.942
1498.91 485.559
1559.1 457.675
1406.75 491.516
1756.25 567.646
1578.26 509.328
1448.79 517.2
4422.43 1219.34
3349 822.97
3750.68 1027.49
3158 836.265
3628.14 1069.48
3022.15 799.174
3477.98 1013.98
3356.93 949.126
3419.62 1001.72
3810.9 1194.84
4098.73 1349.65
2861.82 788.842
3313.4 1029.92
3454.74 1083.25
3757.67 1150.73
3708.34 1077.16
3490.72 981.521
3305.87 857.245
3961.11 1104.74
4149.66 1090.03
3178.95 792.799
3942.83 970.673
876.685 339.402
940.067 368.963
896.5 338.093
860.668 381.835
938.931 356.857
803.78 342.612
810.061 325.247
816.993 335.962
853.696 336.729
946.422 401.444
894.074 372.491
988.595 407.01
1000.91 394.21
1235.61 471.337
995.552 377.209
962.344 370.378
931.317 356.152
1134.5 449.443
916.407 337.443
996.755 455.767
989.45 343.023
739.116 49.3519
3322.3 752.68
3340.63 839.539
3595.73 980.651
3648.56 990.47
3399.62 903.493
3629.05 1074.57
3314.06 928.933
3720.79 1043.83
3168.53 885.196
4211.45 1282.6
3781.69 1081.48
3519.58 1031.91
3697.34 1041.36
4005.06 1153.07
3417.2 931.966
3407.28 926.497
4080.76 1149.22
3018.99 822.835
4342.94 1206.41
4034.53 1150.41
3679.13 905.478
3875.76 976.619
1760.76 547.054
1202.96 430.501
1203.6 406.725
930.622 341.065
834.347 300.643
920.129 336.807
827.572 328.822
866.243 317.702
813.169 323.979
771.823 310.547
903.668 331.496
911.911 395.899
1096.23 450.252
666.644 280.344
1134.81 436.011
607.386 252.513
934.193 373.224
721.298 259.266
987.531 366.751
876.558 323.668
884.565 318.357
1022.76 389.621
3723.67 842.323
3503.3 860.226
4315.38 1214.22
4208.14 1206.8
3997.74 1128.2
3930.84 1139.95
3375.28 909.725
4159.25 1296.77
3871.73 1113.72
4075.91 1185.78
3611.34 1001.61
3827.39 1122.69
4069.68 1276.02
4213.73 1250.77
4203.65 1305.02
4199.45 1217.6
3867.48 1099.68
3690.76 1003.3
4807.09 1408.69
4507.05 1276.41
3314.59 866.031
2387.1 698.057
1136.9 402.947
1033.07 362.285
1089.59 450.985
942.788 382.33
1025.13 513.415
962.12 351.45
980.057 412.182
1126.25 445.458
1034.57 457.979
981.698 407.941
1124.9 471.17
930.795 385.848
946.78 447.843
1101.82 426.423
1086.22 426.154
1037.81 414.272
1091.81 415.308
1046.88 406.251
972.47 424.568
953.203 334.167
1059.57 372.711
1316.25 529.396
3712.26 909.007
3457.87 947.819
2868.35 789.291
3367.5 996.446
3507.47 1096.18
3600.41 1117.62
3501.83 1055.75
4026.12 1330.84
3593.54 1067.98
3879.21 1173.54
3830.5 1156.84
4139.42 1296.9
3436.85 950.455
4579.73 1461.91
2918.29 770.108
4015.02 1277.77
3241.53 932.61
3794.02 1149.56
3764.78 1103.37
4250.81 1118.68
3559.53 835.752
3479.29 815.092
1619.16 433.92
1145.22 341.398
794.501 302.252
899.15 359.896
877.14 369.066
724.685 274.512
846.009 321.136
1119.95 427.107
1512.24 489.394
1323.74 447.628
783.875 332.489
942.812 418.134
816.486 325.211
921.112 410.712
926.892 311.396
952.198 440.258
662.159 238.42
972.625 391.696
915.346 346.269
1081.1 419.481
1123.9 408.177
1055.54 315.349
5043.13 1050.06
4085.36 957.723
5703.61 1432.14
4562.43 1230.56
4417.89 1270.98
4346.94 1186.09
4273.36 1320.27
3379.82 1006.81
3678.94 1124.65
4242.59 1203.52
4152.72 1185.23
3954.29 1099.16
4700.83 1446.67
3696.68 1044.32
4250.93 1256.94
4411.24 1210.48
4557.64 1369.42
4149.44 1199.72
4450.03 1293.58
4146.52 1261.77
4017.28 985.335
3983.5 947.532
1256.63 114.04
1212.02 415.126
1227.02 423.343
1179.14 405.941
829.695 317.836
1220.53 448.084
897.325 392.178
1077.55 391.502
1084.09 436.907
1035.58 387.159
940.829 366.868
972.703 367.142
1042.54 418.655
1120.24 450.313
1099.07 436.193
1069.18 381.548
1268.96 492.722
957.855 355.965
948.746 373.304
969.244 396.079
1027.54 344.581
1198.25 380.111
3526.85 820.332
3503.94 864.12
3341.11 963.531
3178.23 878.39
3123.44 868.237
3403.72 1047.87
3321.11 968.936
3356.41 997.933
3456.61 976.987
3577.32 1067.7
3469.23 1038.88
3780.95 1236.9
3300.96 920.876
3699.94 1049.75
3858.92 1098.45
4195.02 1193.13
3397.81 991.894
2885.59 827.345
3291.94 948.384
3534.56 1002.4
3587.56 831.649
3550.75 764.37
728.551 172.844
797.177 240.834
927.541 324.909
637.664 247.63
612.828 222.755
1258.17 405.387
630.949 261.588
780.053 327.467
681.566 295.872
698.434 335.21
914.547 342.158
738.414 303.604
666.295 264.971
874.272 378.065
842.255 343.335
861.09 352.769
716.744 334.584
1158.46 404.986
656.737 251.347
659.699 247.77
827.36 291.906
962.188 329.504
3471.04 752.347
3703.12 840.994
3580.45 911.743
3433.76 915.284
4008.87 1173.65
3429.57 1015.57
3586.3 992.518
3373.06 945.43
3115.31 1091.21
4068.33 1207.68
4051.22 1172.41
3161.41 853.39
2834.99 828.099
3102.51 882.023
3373.48 1045.89
3215.53 896.387
3666.54 1040.95
3589.72 947.203
3614.66 927.656
4247.83 1137.71
3417.36 775.923
3546.2 2919.98
992.013 264.149
1020.02 289.876
895.454 303.929
934.285 319.974
1121.2 397.999
1025.18 325.17
914.896 319.017
996.795 394.34
797.832 269.669
758.138 285.059
735.227 288.036
1055.81 404.653
975.837 346.295
921.133 315.275
1003.43 378.001
980.651 390.823
870.085 303.815
1081.93 381.119
1087.48 366.487
1086.93 392.045
898.329 265.368
969.407 285.53
4759.02 1121.34
4292.46 1207.76
4532.88 1254.15
4823.37 1535.34
4831.47 1481.61
4420.46 1362.86
4628.15 1474.71
4056.02 1244.38
4013.51 1219.8
4370.54 1398.85
4792.42 1466.15
3991.67 1135.14
4732.36 1580.8
4508.47 1493.22
4274.76 1299.84
3982.21 1181.54
4597.89 1536.19
4495.99 1399.79
4121.76 1374.71
4376.48 1152.89
4936.36 1252.75
5012.63 1231.78
885.517 307.151
1315.68 497.507
1103.18 375.658
1201.05 448.338
958.176 354.637
965.787 392.134
859.405 354.843
1187.59 504.103
889.191 362.58
1140.34 473.259
950.712 367.005
1028.57 410.022
1330.03 535.673
1501.15 560.923
1049.28 409.786
1214.7 509.41
1001.79 412.234
1275.32 472.054
1212.57 429.44
1079.97 480.99
1145.74 418.517
1210.05 371.962
3849.34 921.133
4368.97 1105.76
4238.29 1108.78
3714.39 958.238
4643.12 1324.72
3584.41 916.238
3890.88 1135.8
3830.81 1152.16
3859.98 1155.91
3853.46 1129.17
3965.43 1161.16
3772.69 1049.74
4288.18 1252.57
4122.04 1168.88
4031.25 1139.78
4689.58 1372
3899.64 1099.49
4596.15 1220.96
4403.19 1234.53
4157.77 1095.92
3961.39 968.475
4093.84 981.458
811.145 296.885
755.564 284.662
830.767 342.654
746.892 278.977
835.722 345.731
725.6 265.926
817.228 323.86
825.85 307.636
909.077 380.567
689.508 280.369
743.309 300.153
747.194 284.043
880.102 351.022
833.361 335.84
814.574 307.697
901.656 353.031
1090.96 387.651
869.468 314.173
878.237 352.735
814.615 298.412
950.213 374.677
852.559 281.476
3800.27 1108.38
4411.95 1300.04
3479.41 894.704
3291.67 917.288
4210.01 1237.14
3841.28 1022.35
4211.39 1296.81
4273.84 1255.76
4300.6 1365.94
3354.06 1005.68
3685.97 1095.09
3994.08 1181.63
3619.95 990.25
4707.31 1392.24
3365.86 911.373
4076.31 1287.35
3548.09 988.774
3847.29 1141.83
3840.69 1061.14
3699.47 999.971
3829.1 1072.36
4661.58 1237.07
948.012 0.355259
913.355 331.146
1093.29 396.496
1083.35 403.184
1053.81 451.906
1091.09 425.762
1034.57 397.996
1046.57 468.143
1141.86 514.211
1008.41 373.921
1037.85 479.486
1089.52 484.35
805.165 285.349
919.416 332.305
1178.45 483.616
1122.24 467.576
1103.24 395.849
1128.14 464.731
1178.13 458.857
1105.74 405.553
1108.67 428.114
1266.47 701.66
4783.06 1302.28
4113.59 1087.54
4977.23 1364.7
4261.41 1106.34
4632.37 1252
4433.65 1294.24
4442.34 1276.82
4264.07 1181.47
4501.7 1290.46
4167.4 1234.91
4538.14 1296.99
4217.82 1193.95
4272.23 1276.1
4014.95 1146.29
4183.46 1182.4
4709.24 1394.88
4199.09 1091.59
4828.64 1415.61
4458.89 1248.92
3962.46 1038.02
4755.01 1317.68
4219.78 1173
2060.47 605.408
2046.13 619.005
2367.13 714.214
2199.5 624.3
1822.99 584.878
2267.07 666.926
1985.84 622.312
2098.15 612.43
2281.66 696.914
2174.73 670.838
2339.53 805.158
2143.14 682.779
2131.47 689.233
2156.51 680.753
1929.62 623.408
2010.78 663.901
2007.1 598.458
1898.86 575.02
1662.93 490.588
1841.97 517.336
2186.08 700.683
1641.48 490.46
3217.28 1156
3691.76 1082.84
3859.36 1096.09
3591.34 973.672
4247.58 1245.5
3717.41 1125.71
3415.89 999.959
3751.8 1093.38
3916.85 1175.42
3465.67 1040.33
3799.96 1207.75
3641.88 1093.16
3716.41 1071.33
3723.62 1100.3
3938.98 1116.41
4121.79 1234.34
3478.91 980.058
3701.02 1109.82
4055.54 1166.97
3858.14 1073.43
3771.6 1146.22
4073.62 1351.35
3187.98 1171.79
3460.6 950.972
3518.06 1021.77
3822.34 1011.85
3644.74 1051.33
4076.78 1105.41
3665.5 1025.46
3713.51 980.404
3686.63 1131.32
4334.85 1270.24
3968.85 1180.17
3470.44 1055.67
3915.96 1137.53
3479.84 996.676
3791.27 1089.01
5130.61 1455.71
2758.88 772.784
4727.87 1368.51
4828.59 1300.52
3201.47 836.77
3742.98 1083.45
4833.83 1657.06
