3404.18 1118.91
3308.15 932.37
3354.25 1021.95
2914.66 810.683
2736.49 799.37
3285.65 959.048
3420.65 942.935
3131.55 918.255
3091.07 883.039
3080.61 904.76
2763.07 776.174
2670.84 794.695
2864.35 853.521
2541.71 778.958
3179.89 952.869
2452.64 691.386
2969.54 815.82
3567.3 979.182
2953.09 793.686
2970.22 845.769
3283.02 891.339
3812.64 1272.31
3106.18 1047.53
3696.56 977.086
3274.07 951.329
3118.4 826.678
3087.4 772.684
3102.93 859.352
2783.05 786.346
3216.8 941.112
3121.03 896.014
3038.78 943.282
2787.47 773.624
2661.58 823.368
3091.32 847.296
3243.07 960.773
2688.5 771.056
2871.92 763.876
2547.53 663.302
2918.87 808.734
2574.32 659.135
2536.31 699.358
2788.54 706.677
2969.64 992.67
3956.68 1130.72
3802.18 984.627
3931.14 1173.42
3298.76 894.217
4646.51 1431.9
3940.6 1117.36
3534.53 982.996
3862.22 1120.77
4490.02 1414.8
3360.89 910.054
3603.86 1149.66
3385.46 982.034
4016.38 1167.56
3218.55 888.333
3940.62 1182.82
3170.37 812.326
3998.99 1190.05
3513.65 987.399
3317.52 856.89
3135.75 813.435
3073.89 820.252
3649.01 1096.63
2144.93 667.408
1638.01 531.257
1292.6 434.312
1362.55 451.087
1658.05 570.18
1665.95 525.18
1590.38 521.539
2252.15 729.575
1617.13 527.035
1705.17 531.351
1704 528.737
1396.86 505.326
1685.91 583.297
1468.46 484.044
1538.38 534.589
1614.54 539.556
1487.08 493.949
1547.29 486.239
1368.81 472.907
1698.67 513.021
1589.15 554.826
1481.72 509.552
4378.38 1158.6
3321.22 826.602
3767.29 1071.09
3113.29 803.04
3613.52 1066.61
2995 784.999
3469.22 985.311
3335.01 934.778
3376.44 952.289
3792.03 1173.32
4038.55 1293.45
2835.58 773.697
3290.51 1006.11
3388.09 1016.34
3693.1 1085.36
3695.85 1103.73
3439.01 949.163
3300.74 893.939
3961.05 1111
4107.97 1072.42
3157.15 796.72
3834.08 937.997
868.94 337.449
938.768 381.555
903.372 341.34
854.555 387.371
934.529 360.123
800.848 346.194
810.833 331.111
813.69 326.025
849.06 361.988
955.269 418.271
887.042 369.851
990.988 380.832
993.382 388.595
1233.62 480.243
988.514 372.436
949.091 370.929
931.587 358.453
1112.9 442.051
909.305 329.473
917.782 380.886
978.608 361.765
942.722 365.913
3370.49 856.307
3350.25 805.261
3589.76 993.004
3600.95 970.46
3375.22 906.972
3625.74 1052.08
3259.17 919.61
3707.48 1034.66
3144.47 878.834
4165.35 1268
3795.22 1122.25
3507.48 1028.12
3664.98 1032.1
3996.48 1134.21
3389.5 919.66
3394.27 925.344
4050.35 1166.61
2988.68 806.55
4323.51 1190.6
3997.15 1158.57
3624.06 852.911
3595.72 300.727
1701.9 477.177
1195.65 404.32
1204.74 431.712
924.625 332.603
824.267 305.208
918.256 345.76
808.062 340.188
866.587 323.65
821.743 342.553
755.763 290.072
897.063 328.095
898.506 376.443
1095.62 440.014
664.871 296.947
1125.76 415.584
606.96 256.373
931.68 350.795
710.962 251.188
996.219 372.517
867.72 347.572
875.519 317.568
1019.63 380.771
3681.9 847.891
3425.94 839.194
4292.97 1210.53
4206.53 1194.27
3979.05 1125.29
3892.97 1134.54
3340.21 890.097
4133.93 1302.81
3827.67 1079.91
4061.74 1196.4
3606.65 1040.65
3774.67 1110.91
4057.69 1299.54
4151.78 1205.84
4130.39 1229.52
4159.52 1215.34
3817.93 1099.38
3640.24 974.479
4770.62 1419.12
4471.74 1284.91
3384.07 70.6374
3548.7 494.648
1127.51 472.399
1020.24 359.595
1095.44 443.408
935.368 355.315
1017.62 445.78
955.854 353.489
1063.5 513.524
1111.57 438.993
1028.16 465.366
982.598 433.045
1120.94 479.516
920.138 361.919
948.811 464.547
1097.7 421.165
1086.32 437.128
1025.77 415.568
1081.85 431.318
1040.03 406.366
961.956 423.465
953.702 348.853
1063.62 413.746
1333.74 496.433
3743.91 912.04
3418.33 919.306
2847.18 793.144
3311.5 969.875
3469.74 1069.02
3611.1 1150.2
3458.97 1018.37
3995.44 1281.81
3542.07 1057.9
3885.35 1178.55
3823.89 1166.14
4083.86 1262.01
3435.96 946.842
4583.33 1453
2896.69 786.307
3955.35 1245.87
3210.88 952.338
3741.7 1116.21
3732 1088.88
4210.15 1109.5
3507.17 837.124
3406.02 708.422
1655.26 471.121
1139.23 320.858
793.035 304.275
886.632 374.308
868.563 362.57
719.121 280.885
842.445 302.892
1107.45 413.363
1511.2 504.86
1330.71 452.929
781.107 339.288
932.988 399.248
817.446 347.687
927.168 434.583
928.401 309.919
956.369 411.485
656.224 254.837
966.61 389.57
897.657 331.182
1083.1 397.87
1112.83 464.456
1081.94 340.365
5021.23 1064.12
4025.33 911.97
5606.27 1390.86
4511.63 1236.94
4462.9 1323.55
4347.47 1201.11
4286.41 1339.38
3351.61 978.208
3643.11 1091.72
4223.82 1218.34
4141.67 1193.3
3936.46 1092.43
4660.75 1409.99
3658.17 1046.48
4225.41 1264.34
4384.79 1210.39
4507.11 1346.15
4113.6 1129.56
4385.19 1268.65
4067.03 1234.58
4013.81 949.704
4048.56 1128.76
1360.57 546.38
1186.91 386.393
1213.59 440.558
1173.4 411.576
817.121 303.339
1199.09 420.848
892.14 391.74
1060.92 380.173
1062.36 407.098
1026.72 377.526
937.833 367.96
962.728 370.772
1044.51 445.375
1098.97 454.502
1091.65 406.109
1060.57 391.364
1265.19 504.014
949.737 354.703
940.049 377.173
979.759 381.923
1029.79 333.863
1304.97 511.294
3498.41 813.211
3456.02 795.378
3317.05 967.292
3126.64 868.618
3102.35 886.375
3391.27 1036.29
3302.89 940.751
3334.12 1014.88
3407.77 988.209
3551.55 1048.02
3427.43 1021.48
3766.53 1206.08
3249.47 918.866
3668.66 1048.88
3815.04 1068.79
4149.59 1182.38
3381.1 981.529
2860.36 799.809
3242.53 910.675
3449.15 930.886
3584.13 809.728
3518.1 731.351
746.868 669.313
803.951 242.532
919.358 324.973
632.722 262.234
605.751 243.94
1250.32 411.334
629.213 278.711
777.375 340.343
672.176 294.763
696.918 315.041
918.076 348.767
724.979 290.394
656.244 263.506
856.266 380.276
845.794 336.929
848.245 325.294
697.427 305.518
1148.93 425.075
645.034 259.31
657.681 246.6
817.198 271.868
928.542 285.599
3403.64 721.399
3659.28 861.38
3557.46 920.221
3441.99 918.18
3949.85 1175.11
3414.28 982.658
3605.27 1010.46
3372.29 952.974
3074.04 886.93
4014.64 1199.36
4031.94 1181.82
3138.36 851.39
2815.44 836.875
3060.83 879.139
3276.33 958.875
3206.98 900.773
3637.37 1048.25
3545.08 929.855
3577.82 913.679
4218.72 1148.6
3368.73 790.231
3942.76 852.542
1000.04 306.7
1003.78 297.512
900.023 344.207
938.636 334.44
1110.78 391.911
1026.23 322.145
913.387 329.045
981.688 396.257
790.659 276.956
742.249 279.924
731.351 304.313
1045.63 409.544
968.44 347.068
913.425 320.393
995.798 360.49
971.349 366.911
876.977 308.202
1066.2 360.261
1085.29 363.456
1083.21 370.192
883.062 256.435
975.621 284.56
4760.1 1116.66
4202.59 1154.98
4490.55 1221.4
4749.38 1467.99
4778.24 1418.12
4394.09 1377.59
4590.38 1446.34
4038.37 1267.52
3995.02 1241.39
4350.89 1437.07
4702.43 1415.08
3955.43 1106.77
4654.97 1567.12
4404.27 1394.06
4228.67 1284.87
3962.93 1160.84
4537.15 1432.19
4442.15 1343.94
4025.47 1281.91
4392.94 1223.11
4782.24 1179.97
5023.6 1297.67
872.581 334.006
1299.26 496.741
1094.97 380.365
1214.41 419.904
958.152 349.355
970.511 409.109
865.712 367.396
1180.02 517.325
883.943 367.723
1122.19 486.836
953.684 373.683
1013.94 386.027
1307.54 541.323
1523.4 559.519
1024.72 392.3
1201.37 510.087
1010.16 419.769
1278.85 477.268
1197.96 422.234
1063.64 449.86
1135.09 423.033
1311.37 646.869
3802.66 894.49
4367.18 1065.39
4174.04 1067.29
3655.08 917.842
4649.35 1356.81
3580.79 944.603
3855.87 1139.64
3820.06 1162.88
3852.59 1143.77
3791.45 1099.1
3927.75 1171.24
3741.36 1049.98
4225.44 1259.61
4110.2 1179.24
4014.61 1127.19
4565.84 1344.03
3848.31 1083.2
4541.32 1197.81
4324.19 1195.69
4108.76 1071.23
3958.91 979.19
4022.33 939.522
825.225 333.686
750.406 289.114
838.217 322.363
735.721 268.361
827.213 346.454
713.533 263.471
806.288 314.893
824.849 310.872
908.71 386.701
686.575 282.138
739.311 304.957
750.468 280.859
874.586 352.468
812.272 325.857
814.276 313.558
885.842 370.692
1088.15 396.714
865.821 325.278
869.073 333.825
804.011 297.548
933.56 338.51
855.163 313.521
4166.53 1466.37
4383.61 1245.17
3493.23 922.801
3260.99 928.104
4146.44 1216.45
3816.69 997.304
4201.83 1283.16
4215.01 1190.59
4269.89 1363.03
3388.65 1031.6
3673.75 1085.17
3945.6 1170.14
3594.97 998.416
4680.34 1430.26
3319.25 875.442
4029.86 1280.45
3512.85 965.255
3825.91 1122.57
3776.29 1048.02
3689.59 994.243
3833.06 1087.48
4545.9 1276.83
1028.59 424.866
912.979 309.786
1082.35 377.049
1077.92 391.168
1039.46 459.811
1080.65 402.899
1029.81 380.883
1024.14 421.285
1131.78 509.189
999.113 376.224
1023.58 496.628
1053.47 437.158
800.845 293.191
922.783 345.268
1153.43 439.008
1100.11 475.25
1092.22 398.479
1105.73 483.818
1165.17 489.978
1095.94 405.134
1096.02 433.364
1256.41 526.991
4743.75 1294.4
4069.94 1094.46
4938.17 1397.15
4286.99 1124.69
4592.49 1198.41
4346.7 1199.1
4418.83 1271.59
4272.39 1194.82
4489.43 1316.49
4079.86 1180.34
4533.45 1286.18
4162.16 1206.33
4210.09 1233.46
4012.27 1150.27
4148.28 1175.78
4643.07 1376.51
4212.47 1145.46
4770.65 1365.15
4469.21 1312.27
3911.4 1000.46
4732.92 1286.53
4240.11 1231.52
2047.85 616.792
1991.12 588.2
2343.39 696.029
2189 618.882
1818.5 577.887
2241.11 662.721
1959 621.971
2075.27 622.737
2273.13 688.128
2168.68 704.384
2291.9 746.719
2120.16 642.057
2125.58 697.218
2158.02 691.698
1922.67 628.658
1986.98 656.751
1980.21 587.175
1884.28 569.98
1640.77 486.36
1821.88 499.794
2155.42 650.334
1633.26 493.685
3164.62 1103.8
3700.06 1071
3806.15 1044.78
3566.17 962.302
4187.71 1192.92
3690.5 1144.33
3388.77 1005.21
3737.21 1107.6
3903.52 1188.77
3380.27 964.487
3742.4 1125.54
3607.85 1079.31
3707.34 1067.2
3675.04 1043.49
3905.85 1108.14
4085.47 1197.06
3405.27 933.441
3679.6 1095.75
4026.84 1122.95
3821.87 1076.63
3709.58 1092.38
4058.45 1307.84
3219.95 1166.87
3450.44 930.981
3479.59 986.303
3794.15 1018.82
3647.91 1077.33
4028.47 1075.2
3650.38 1018.73
3695.49 994.489
3617.18 1105.63
4247.36 1207.58
3959.01 1198.46
3451.16 1024.02
3882.7 1085.02
3459.21 974.895
3779.58 1101.44
5144.88 1495.89
2712.91 767.234
4686.21 1330.13
4824.87 1324.51
3199.13 870.931
3696.49 1083.83
4766.48 1555.31
