3379.11 1109.66
3340.01 939.12
3371.4 1019.67
2912.89 808.188
2746.31 806.295
3287.48 957.364
3429.57 945.593
3149.36 921.121
3104.52 882.052
3084.2 912.866
2768.59 779.451
2672.73 790.671
2860.17 850.227
2550.53 768.609
3189.81 951.431
2465.06 688.864
2982.48 830.718
3570.41 987.559
2964.73 796.789
2984.42 850.852
3316.59 931.827
3823.87 1288.6
3100.5 1033.88
3693.79 959.789
3281.11 954.95
3130.4 840.548
3101.44 792.118
3123.34 870.778
2787.82 775.946
3232.48 941.618
3148.8 913.495
3034.13 929.496
2785.7 766.294
2669.25 811.397
3088.33 846.15
3255.57 966.675
2697.53 775.035
2885.4 773.657
2548.43 655.816
2932.04 828.553
2584.33 659.962
2542.05 695.9
2793.36 698.327
2974.54 995.081
3954.84 1138.25
3777.15 974.834
3943.71 1187.73
3311.25 894.174
4644 1431.57
3931.9 1109.77
3538.45 989.764
3868.62 1136.46
4506.88 1410.6
3386.05 928.328
3596.53 1125.34
3386.42 973.889
4025.35 1176.22
3225.54 896.857
3951.66 1201.82
3181.69 805.851
4003.67 1195.64
3505.74 954.392
3326.87 857.71
3160.67 838.909
3073.05 819.309
3635.34 1091.57
2175.95 686.407
1640.12 533.19
1298.14 436.684
1368.18 459.682
1660.91 583.028
1670.94 517.914
1590.44 519.605
2258.06 724.21
1618.05 517.435
1710.56 532.95
1705.23 528.512
1405.46 514.636
1698.78 588.548
1473.15 486.792
1538.2 524.165
1619.35 537.399
1491.42 490.905
1548.41 473.859
1384.58 480.621
1724.04 541.173
1584.33 525.911
1464.85 512.537
4381.36 1190.3
3324.24 819.322
3756.44 1045.58
3122.91 808.941
3619.33 1062.34
3003.94 784.293
3476.3 993.108
3337.36 935.58
3382.92 966.174
3786.77 1165.09
4061.8 1326.95
2844.23 779.874
3297.91 1020.9
3404.85 1029.18
3710.82 1104.95
3690.87 1087.95
3451.39 962.244
3294.23 871.515
3956.52 1105.83
4117.46 1069.36
3160.66 792.811
3860.48 927.693
866.808 332.065
935.138 369.41
899.792 336.884
856.842 380.583
936.762 358.815
801.206 342.819
812.882 327.15
813.76 328.01
848.871 355.919
952.388 413.355
888.547 365.132
989.076 390.932
993.295 391.396
1230.19 475.331
990.454 378.125
957.435 383.143
928.27 362.256
1119.88 438.051
910.42 328.6
911.303 374.619
985.135 358.053
941.123 348.628
3344.98 807.147
3351.15 817.217
3592.94 994.941
3621.91 980.508
3384.42 908.684
3624.52 1060.03
3269.92 920.389
3711.12 1040.44
3153.36 883.483
4182.92 1285.84
3782.93 1092.88
3511.29 1028.27
3673.81 1033.64
3992.26 1135.34
3393.96 921.318
3402.6 933.03
4057.49 1162.95
2995.92 814.785
4329.5 1205.03
4019.32 1164.83
3633.43 872.335
3837.09 968.148
1708.96 503.861
1198.73 416.66
1197.58 420.745
926.682 327.056
827.592 303.95
916.573 337.458
815.177 333.902
867.806 321.584
819.17 334.303
762.232 296.465
898.358 326.674
904.321 381.506
1097.89 445.369
663.002 287.586
1126.5 415.595
606.613 251.351
928.846 352.733
713.995 253.615
994.588 379.475
872.376 345.722
878.569 314.31
1013.82 374.014
3713.67 889.412
3448.41 837.954
4297.74 1208.85
4188.88 1181.97
3975.55 1123.53
3900.23 1136.03
3346.69 893.913
4134.72 1291.53
3833.08 1080.94
4056.97 1194.99
3604.42 1024.73
3788.32 1113.32
4053.45 1279.48
4166.53 1221.95
4153.34 1263.95
4171.48 1215.42
3828.12 1097.71
3655.58 982.457
4777.35 1415.37
4482.38 1283.47
3289.34 846.399
3603.77 902.728
1127.34 454.178
1015.55 353.938
1091.7 449.849
935.536 366.371
1022.56 469.278
958.897 353.889
976.01 400.011
1118.78 443.111
1031.38 467.944
983.224 419.091
1120.45 472.513
922.127 372.84
946.521 457.06
1095.38 414.031
1084.13 433.093
1029.11 413.165
1081.45 418.336
1040.9 404.081
967.264 420.633
952.892 344.807
1060.59 391.921
1325.44 478.845
3768.81 999.087
3420.35 918.023
2848.71 791.974
3335.53 985.143
3476.45 1074.24
3601.83 1149.27
3470.62 1028.24
4002.41 1300.24
3561.4 1060.85
3870.79 1158.89
3820.77 1157.66
4100.96 1270.78
3432.28 947.769
4567.23 1451.37
2904.39 775.773
3967.86 1250.9
3221.62 939.688
3747.51 1119.91
3728.97 1085.52
4216.91 1106.74
3509.1 822.408
3432.09 762.068
1657.63 491.65
1142.16 328.633
789.761 296.906
887.98 361.854
870.885 359.645
721.891 280.107
840.614 308.42
1112.09 419.36
1508.31 491.796
1329.04 448.513
779.413 337.877
935.217 408.442
818.429 341.953
921.528 430.249
927.681 310.228
955.083 418.231
657.92 247.222
967.755 387.791
901.164 331.195
1079.12 397.85
1116.91 434.109
1054.5 317.264
5015.74 1119.08
4045.09 942.221
5664.78 1429
4523.36 1236.6
4435.29 1296.64
4340.55 1197.75
4278.4 1329.61
3362.32 983.905
3642.6 1089.37
4224.66 1217.19
4138.93 1186.53
3938.38 1095.1
4669.83 1428.36
3663.41 1039.62
4227.83 1252.83
4393.85 1206.02
4518.6 1347.74
4127.79 1157.75
4398.18 1279.14
4095.11 1252.64
4012.25 962.954
4032.26 1091.21
1334.08 518.585
1192.68 399.777
1215.17 433.141
1175.39 418.019
821.691 312.977
1204.5 429.274
894.284 394.563
1067 381.699
1067.39 418.461
1030.4 383.654
938.29 369.073
966.342 371.369
1041.96 433.943
1107.13 451.685
1096.09 417.272
1065.02 391.041
1266.38 495.425
950.443 354.393
942.049 372.404
978.391 386.915
1029 335.769
1142.48 356.528
3502.76 838.376
3467.81 821.729
3315.3 953.189
3138.73 866.455
3104.22 876.497
3391.1 1028.04
3311.76 955.536
3333.28 998.444
3423.51 985.376
3556.27 1060.66
3439.54 1025.99
3761.2 1205.85
3267.42 917.129
3680.47 1056.83
3831.31 1079.75
4166.59 1191.22
3381.45 977.44
2867.07 810.215
3256.43 920.814
3470.36 947.535
3571.72 815.781
3856.13 1055.06
986.704 311.705
796.856 237
921.339 323.502
634.926 252.931
607.641 233.073
1256.12 412.8
628.641 270.143
776.345 331.733
675.793 295.677
696.596 321.045
914.088 344.911
729.827 293.797
660.687 264.078
864.441 378.281
845.164 335.177
854.507 338.007
704.658 317.572
1151.1 416.257
649.176 254.46
659.451 246.068
819.332 273.953
935.937 297.542
3441.89 787.38
3674.98 868.527
3557.86 908.99
3438.05 912.094
3958.56 1165.5
3409.8 983.844
3590.84 1001.96
3367.48 946.758
3073.19 871.864
4025.13 1199.29
4033.06 1176.32
3150.54 856.838
2817.25 828.131
3073.33 877.486
3295.3 977.122
3212.11 898.623
3639.61 1041.36
3560.19 937.574
3593.02 920.184
4216.78 1133.12
3387.48 788.9
3944.85 825.067
996.305 293.479
1006.95 294.496
895.236 325.544
935.77 326.62
1114.71 396.463
1026.11 324.234
911.963 326.758
984.237 384.107
791.547 272.415
748.11 280.692
733.322 297.534
1049.09 408.589
971.551 347.104
915.111 318.521
998.117 365.8
973.412 372.342
873.725 306.403
1071.54 369.311
1084.96 363.586
1083.16 382.156
888.626 258.082
972.002 269.118
4718.59 1146.28
4216.79 1152.45
4503.06 1230.48
4775.83 1501.86
4785.34 1436.54
4396.01 1372.57
4596.82 1462.17
4054.85 1270.98
3998.6 1229.58
4343.77 1409.66
4745.74 1442.33
3967.06 1108.61
4689.24 1577.36
4439.89 1441.92
4236.62 1277.18
3973.09 1174.14
4551.25 1472.88
4462.71 1363.98
4054.71 1311.65
4383.3 1201
4829.67 1216.21
5032.33 1322.6
874.638 318.588
1294.72 489.952
1094.17 371.367
1205.79 431.172
958.755 356.507
964.728 399.763
862.615 358.545
1181.04 515.572
884.327 363.925
1129.54 482.791
953.651 370.359
1017.46 395.974
1317.87 540.086
1508.46 560.26
1033.57 400.098
1204.04 500.478
1006.14 413.127
1274.8 471.935
1202.23 424.942
1069.07 459.535
1146.31 431.998
1186.16 412.12
3827.58 920.821
4359 1086.73
4187.62 1070.69
3671.5 938.387
4639.03 1344.14
3578.5 923.669
3863.76 1137.02
3813.67 1148.89
3855.29 1139.35
3819.47 1118.23
3940.22 1165.77
3747 1053.89
4244.34 1252.92
4107.5 1178.89
4014.33 1127.42
4607.75 1348.78
3869.39 1095.01
4559.5 1211.28
4355.15 1208.66
4119.21 1081.86
3950.48 974.013
4030.94 955.396
812.314 304.846
750.363 285.865
836.409 325.699
740.921 273.024
829.803 348.137
718.252 265.04
810.125 319.854
826.297 311.594
908.617 385.344
687.525 283.424
738.736 301.5
748.831 281.259
875.856 348.183
819.855 331.341
814.363 308.716
892.469 364.694
1085.25 386.179
866.663 318.515
873.74 343.072
806.152 299.667
935.727 352.819
850.197 288.041
3756.65 1054.25
4401.76 1285.59
3472.97 904.957
3265.18 912.684
4174.6 1229.78
3827.92 1003.63
4198.67 1283.17
4234.73 1216.92
4287.78 1368.77
3370.56 1017.08
3663.3 1082.86
3962.86 1173.13
3603.6 1000.82
4689.77 1420.59
3336.25 881.992
4046.26 1284.4
3518.75 973.636
3824.41 1116.58
3800.91 1051.07
3686.03 987.071
3823.75 1079.86
4559.94 1238.42
1028.12 413.073
912.333 318.769
1088.15 381.685
1080.12 394.098
1040.64 456.58
1085.98 409.247
1033.51 382.13
1032.54 433.891
1138.11 513.588
1002.21 367.721
1026.66 475.73
1065.3 465.423
801.387 290.817
918.6 335.574
1163.29 463.899
1107.52 469.725
1096.13 399.018
1115.35 475.405
1170.17 480.117
1095.88 405.455
1098.77 426.098
1268.61 516.94
4740.32 1287.75
4072.71 1070.49
4947.75 1381.63
4275.28 1112.26
4611.2 1226.39
4377.6 1242.67
4418.66 1268.28
4271.14 1193.56
4483.2 1302.75
4106.4 1201.26
4532.12 1293.67
4175.89 1193.36
4227.75 1246.16
4004.88 1147.98
4160.12 1180.26
4659.67 1383.96
4207.51 1120.87
4783.56 1382.54
4456.32 1287.97
3929.03 1010.66
4743.51 1308.73
4210.9 1197.77
2048.81 617.721
2011.18 602.187
2355.87 712.657
2193.05 620.357
1818.1 580.984
2250.42 665.966
1968.19 622.811
2079.61 616.874
2277.7 695.035
2169.75 698.001
2301.32 762.308
2129.05 665.868
2129.88 696.179
2155.31 685.141
1926.37 626.84
1995.72 665.376
1987.51 591.268
1890.95 573.369
1648.02 490.375
1828.45 499.879
2165.95 674.721
1635.27 497.548
3163.92 1118.9
3696.86 1076.98
3815.91 1060.12
3576.74 969.138
4206.16 1232.68
3688.01 1117.36
3395.25 1000.62
3740.29 1107.66
3910.6 1185.84
3404.34 991.856
3761.39 1155.9
3628.39 1090.77
3707.89 1068.36
3687.61 1059.43
3922.92 1120.31
4091.69 1207.19
3430.2 955.238
3680.94 1093.36
4028.4 1137.54
3829.12 1080.2
3719.42 1094.36
4063.72 1340.75
3194.12 1164.27
3448.22 932.603
3490.73 996.221
3810.65 1014.39
3637.31 1064.43
4038.82 1076.04
3646.86 1007.31
3700.85 985.799
3635.79 1114.22
4281.26 1235.87
3970.19 1188.03
3449.81 1027.95
3884.01 1103.39
3464.92 983.992
3782.82 1096.04
5152.5 1502.34
2726.08 762.3
4692.59 1338.31
4838.68 1335.84
3193.47 849.918
3703.8 1075.44
4806.19 1617.82
