3252.25 997.56
3228.45 790.526
3397.18 978.378
2892.58 802.172
2790.98 848.005
3245.3 931.7
3415.22 902.157
3123.98 965.658
3090.7 852.161
3100.47 880.206
2815.24 784.35
2627.21 742.699
2883.48 839.338
2533.48 756.933
3162.54 958.146
2452.5 710.413
3009.5 814.608
3570.53 1055.63
3036.53 847.936
2981.44 798.933
3311.73 872.093
3908.89 1354.38
3048.73 1062.62
3693.51 974.819
3225.1 932.506
3144.3 822.629
3048.25 799.402
3084.85 837.738
2785.59 799.164
3264.24 966.291
3169.26 923.466
3006.77 840.177
2748.49 686.823
2681.46 871.471
3063.41 790.994
3218.74 972.718
2685.23 794.156
2863.31 754.064
2535.03 637.648
2868.78 771.642
2579.48 688.697
2534.69 677.452
2825.61 720.817
2970.83 961.91
3838.8 912.366
3789.96 839.416
3893.24 1088.7
3311.05 890.071
4665.97 1263.33
3954.21 1037.92
3592.02 1006.11
3818.89 1025.33
4544.35 1483.64
3411.2 951.367
3624.76 1185.72
3321.12 899.76
4081.62 1141.79
3215.03 915.038
3945.67 1110.96
3208.1 848.7
4139.72 1224.24
3513.55 1027.8
3374.63 879.804
3229.05 878.182
3031.79 796.058
3605.04 1062.08
2162.2 564.878
1673.05 474.887
1347.93 470.625
1370.48 477.361
1691.74 598.726
1700.63 547.593
1599.47 519.398
2252.9 702.121
1595.69 497.633
1754.19 561.311
1763.17 554.04
1398.27 504.522
1720.5 643.112
1499.25 572.179
1526.75 505.088
1621.48 590.034
1524.45 550.236
1509.88 505.124
1384.04 457.104
1695.53 501.482
1585.33 510.803
1466.77 490.067
4440.92 1056.46
3310.08 719.285
3702.88 929.065
3085.83 794.947
3668.95 1009.03
3008.23 832.791
3519.65 1102.27
3325.43 970.285
3461.43 1050.5
3763.53 1132.09
4086.81 1339.47
2825.31 805.213
3309.41 978.407
3337.26 1039.35
3710.75 1077.3
3659.62 1028.03
3516.96 1020.56
3363.91 881.898
3988.06 1082.18
4160.56 1028.8
3235.15 805.462
3859.03 843.876
848.067 360.953
922.902 351.797
901.608 350.847
842.231 421.288
945.387 381.276
830.768 357.229
827.948 334.218
807.661 312.264
850.08 368.121
948.3 465.854
884.671 384.517
982.634 381.966
978.955 359.006
1251.29 500.918
1030.93 405.501
960.384 399.488
926.932 379.063
1125.59 469.008
902.541 363.084
915.553 358.846
981.52 350.083
984.526 379.106
3370.33 723.232
3356.43 824.659
3548.31 926.855
3610.75 965.027
3433.44 931.561
3617.15 1044.8
3247.63 832.53
3711.88 1047.84
3133.12 915.155
4243.34 1276.98
3810.61 1031.17
3520.04 1067.04
3674.83 1006.4
4021.87 1078.08
3366.92 933.281
3416.09 899.032
4045.68 1175.41
2966.82 802.989
4376.27 1165.16
4001.17 1137.77
3650.49 859.359
3666.24 680.559
1742.66 481.724
1163.93 330.423
1219.8 439.429
941.97 346.574
826.842 319.297
908.415 332.874
834.069 369.948
859.345 327.759
811.05 380.539
747.766 271.156
906.864 323.153
881.143 370.774
1102.72 420.227
661.3 246.093
1151.55 455.213
613.591 280.289
959.293 372.798
719.824 262.412
1016.55 353.085
866.378 329.323
891.512 330.349
991.514 367.849
3623.84 711.69
3412.07 799.114
4294.4 1168.29
4050.1 1073.39
4014.09 1166.2
3962.46 1223.4
3317.11 845.254
4278.91 1473.43
3835.49 1083.9
4038.6 1186.96
3663.52 1022.11
3770.48 1087.77
4006.6 1273.51
4212.7 1253.22
4067.36 1226.28
4196.92 1228.52
3817.52 1047.55
3687.69 1006.17
4766.96 1357.88
4350.51 1033.13
3254.24 805.134
3427.16 650.108
1134.78 321.499
998.167 305.577
1111.43 398.325
939.111 454.407
1034.88 458.411
967.56 362.652
974.516 414.898
1123.43 467.777
1030.38 505.797
967.483 408.197
1133.45 463.357
932.361 390.227
926.392 380.611
1096.33 440.881
1065.84 457.858
1020.04 392.21
1125.82 444.965
1063.58 437.714
945.295 498.695
945.104 341.687
1046.35 408.209
1331.43 459.175
3682.5 855.766
3343.44 838.514
2885.43 804.519
3301.84 974.122
3536.05 1100.53
3575.57 992.882
3473.5 1018.31
3961.37 1263.66
3519.68 1086.77
3960.21 1202.13
3848.44 1124.22
4083.01 1254.78
3399.5 921.321
4562.69 1367.17
2974.05 843.355
3988.4 1215.82
3212.99 955.001
3767.2 1125.97
3798.37 1035.09
4268.56 1085.76
3468.16 743.806
3341.92 609.722
1597.96 269.524
1161.46 330.289
855.12 334.782
899.684 345.876
863.452 336.171
740.137 303.312
850.159 295.734
1097 413.031
1487.99 491.834
1336.05 427.119
823.521 364.772
943.925 382.283
830.43 346.572
928.794 477.124
945.438 318.027
988.615 413.404
652.562 241.768
990.83 425.872
919.644 343.818
1079.53 447.705
1055.17 491.202
997.388 287.178
4987.74 1322.1
4054.29 907.552
5614.17 1419.47
4520.24 1206.74
4434.9 1274.57
4333.35 1136.12
4307.14 1392.93
3330.61 950.706
3631.71 1123.28
4200.55 1166.49
4239.05 1272.05
3888.33 1047.53
4669.99 1439.67
3758.29 1072.08
4320.19 1306.01
4585.85 1288.91
4495.41 1312.7
4192.58 1176.53
4431 1231.71
4164.49 1248.13
4058.12 956.002
3999.48 1002.24
1245.11 224.029
1156.2 409.871
1229.74 462.462
1198.45 472.857
820.101 308.982
1200.87 430.077
931.642 424.15
1056.85 382.842
1103.85 449.073
1031.89 424.702
957.152 357.275
1001.75 430.858
1033.37 418.039
1101.03 436.42
1127.52 429.748
1060.14 377.901
1274.46 445.47
970.985 394.696
931.823 364.504
979.624 398.156
1072.86 355.266
1161 369.752
3456.73 620.546
3334.36 697.179
3298.49 872.918
3141.35 896.808
3140.64 899.914
3400.31 1013.27
3375.92 1017.36
3382.08 1046.69
3476.05 995.696
3609.62 1070.98
3433.31 1003.96
3799.39 1218.85
3313.94 918.024
3744.91 1079.87
3824.26 1066.06
4238.64 1211.53
3338.41 959.432
2849.54 811.426
3274.18 891.981
3462.55 899.425
3546.32 771.924
3419.21 621.071
953.342 232.639
791.296 227.387
907.557 348.98
620.553 286.912
608.967 251.088
1333.78 524.55
629.514 283.591
755.499 308.637
656.986 245.444
733.601 323.448
905.418 364.276
746.103 338.127
656.742 264.613
856.196 386.954
851.666 346.559
859.682 368.696
681.875 329.361
1157.1 410.982
654.959 275.327
663.046 235.616
814.541 253.243
931.793 180.162
3379.56 710.572
3624.24 766.378
3629.5 903.727
3454 884.417
3881 1107.67
3373.21 941.062
3604.68 1048.54
3358.36 944.912
3040.59 862.849
4036.78 1154.83
4026.25 1175.89
3151.31 912.655
2787.29 821.738
3069.73 866.124
3270.1 978.827
3231.86 933.27
3663.97 1079.24
3589.67 852.982
3623.13 912.93
4161.22 1114.49
3345.36 678.984
3805.32 810.559
980.557 286.635
999.195 327.377
879.969 299.809
927.962 309.905
1100.95 375.363
1039.63 334.233
943.379 360.312
984.439 386.597
799.267 294.949
755.725 288.841
728.456 306.341
1036.27 427.091
957.587 326.931
911.676 342.342
1023.2 410.508
972.983 386.914
859.75 292.076
1105.28 395.755
1107.59 408.104
1100.45 413.171
877.842 252.398
957.541 244.33
4603.08 1011.92
4177.88 1024.89
4514.2 1177.99
4716.49 1415.24
4861.28 1375.4
4408.23 1318.01
4809.06 1595.32
4030.91 1222.81
3977.8 1223.81
4474.07 1466.28
4727.82 1364.53
3956.43 1149.09
4624.7 1536.78
4559.65 1447.47
4219.06 1192.71
4078.76 1172
4534.58 1291.71
4458.39 1364.18
4007.85 1295.63
4475.59 1332.22
4887.03 1179.12
4812.48 1123.91
876.148 201.626
1294.25 436.71
1115 424.109
1190.42 397.754
973.719 351.903
953.134 384.301
876.903 358.78
1171.95 514.224
877.629 411.055
1149.32 582.089
970.505 379.539
975.554 353.48
1343.39 593.02
1512.2 535.966
1052.3 440.196
1202.74 492.317
1018.34 413.959
1289.75 412.357
1166.41 425.105
1070.47 467.917
1169.16 410.891
1154.01 277.149
3773.41 717.517
4320.1 939.83
4239.93 1044.64
3735.76 979.643
4591.96 1302.07
3566.51 943.608
3868.97 1081.45
3814.99 1137.88
3894.77 1158.79
3774.22 1108.23
3942.21 1227.53
3783.8 1071.22
4340.26 1312.53
4168.27 1158.31
4067.88 1078.26
4683.28 1359.81
3931.13 1178.43
4605.28 1183.62
4452.91 1246.64
4098.69 1031.28
3922.13 1009.62
4033.76 984.224
810.519 257.374
754.118 262.99
858.779 334.931
740.957 269.594
824.723 337.154
706.705 270.252
831.153 336.992
837.894 315.615
913.892 390.321
679.101 282.263
735.538 320.995
739.276 264.714
885.964 351.911
817.951 324.642
843.262 346.807
892.085 362.498
1110.15 408.475
866.738 317.824
896.419 385.802
837.54 347.665
915.428 351.43
838.046 312.215
4292.25 1381.51
4407.48 1260.21
3406.22 825.265
3276.62 948.586
4226.15 1295.65
3883.78 1051.92
4183.42 1273.49
4325.75 1285.24
4253.06 1324.4
3359.75 1014.78
3690.63 1104.97
3940.91 1162.31
3675.06 1055.96
4671.93 1435.5
3371.18 926.334
3999.57 1150.7
3555.27 1007.5
3837.76 1113.58
3784.99 959.2
3724.61 984.573
3795.06 1083.75
4548.18 1227.89
1002.08 417.282
911.539 320.948
1095.09 424.376
1067.51 420.709
1039.65 416.194
1079.93 444.541
1042.19 406.718
1047.12 465.899
1137.9 507.676
1012.14 367.061
1025.86 509.222
1044.21 452.945
790.45 292.616
898.35 306.318
1147.88 447.138
1134.83 499.14
1097.72 384.53
1181.13 512.448
1170.39 459.554
1106.1 406.503
1107.93 420.491
1220.09 465.46
4819.68 1184.49
4127.85 973.235
5081.79 1491.21
4311.81 1147.59
4696.5 1323.97
4414.97 1185.42
4408.87 1151.04
4358.9 1332.83
4557.8 1311.97
4130.87 1255.36
4524.07 1299.12
4240.17 1246.13
4286.32 1254.11
4015.65 1108.76
4201.52 1240.69
4727.16 1353.37
4226.82 1132.45
4850.4 1283.01
4555.34 1289.22
3913.5 1041.2
4741.15 1344.45
4125.55 1121.92
2020.56 576.48
1999.05 606.195
2302.03 647.338
2264.97 697.128
1828.91 634.784
2302.52 688.362
1989.2 623.87
2087.71 647.659
2346.55 739.133
2165.91 734.18
2217.63 730.99
2140.07 673.377
2218.23 789.098
2148.06 682.703
1939.97 605.111
1963.27 624.518
1989.95 572.796
1886.07 572.965
1622.52 477.297
1849.52 521.053
2109.4 624.547
1652.32 552.23
3335.21 1201.93
3872.32 1152.74
3848.32 1043.06
3540.19 915.456
4351.5 1272.41
3758.46 1160.89
3430.67 943.849
3801.69 1119.91
3919.9 1157.27
3498.71 1070.42
3768.96 1143.69
3681.11 1123.43
3728.32 1100.28
3693.28 1089.36
3982.35 1098.68
4074.31 1206.61
3499.64 951.515
3629.27 1038.5
3999.1 1118.5
3842.48 1024.73
3828.74 1132.89
3936.02 1346.66
3178.28 1066.62
3494.41 859.246
3523.3 931.249
3898.98 1094.79
3651.29 1050.15
4069.88 1081.31
3671.25 1008.19
3784.8 1015.82
3684.46 1097.19
4277.67 1229.56
4018.99 1278.78
3520.98 1029.83
3864.2 1093.98
3400.73 923.949
3749.11 1108.73
5130.71 1404.84
2669.32 698.635
4853.48 1392.32
4868.05 1364.88
3226.22 849.466
3706.89 1086.33
4554.65 1386.48
