942.476 323.071
945.227 279.552
918.596 270.634
804.461 219.683
773.39 236.9
947.036 292.93
942.084 251.366
866.593 240.709
869.154 229.245
854.023 238.373
774.09 220.996
803.261 242.061
827.136 244.431
731.934 198.086
928.548 276.103
721.305 203.976
869.238 258.358
1050.49 286.295
859.006 245.958
871.94 253.617
977.642 268.828
1097.5 340.895
828.908 256.448
1068.03 335.403
891.533 252.597
866.635 226.619
864.741 207.842
868.737 250.993
749.436 196.423
911.542 258.786
875.181 234.299
857.285 265.151
772.637 211.18
724.003 224.561
860.109 234.686
889.107 263.426
774.042 214.25
778.547 207.578
710.616 191.306
814.278 213.022
753.439 200.173
735.535 218.929
775.57 193.343
775.461 245.807
1057.67 297.554
1030.22 269.719
1074.05 292.258
926.82 233.879
1259.58 401.7
1074.5 294.482
955.213 260.766
1043.13 303.279
1222.95 370.956
925.967 234.494
996.435 328.944
900.801 254.478
1124.82 339.749
871.596 237.326
1055.13 295.209
846.82 221.069
1120.49 326.86
968.331 259.306
897.259 223.399
844.716 221.514
843.585 204.446
982.76 233.956
577.038 216.389
464.875 149.183
353.506 121.894
367.375 114.13
478.923 195.591
451.91 146.326
438.93 144.688
575.799 179.23
428.145 127.166
461.174 150.838
470.603 137.817
385.934 119.194
462.833 174.178
410.047 150.88
419.482 137.728
455.191 160.739
434.801 152.655
422.874 136.611
388.264 126.449
465.734 139.837
455.591 133.919
380.542 136.281
1115.21 313.482
859.236 206.169
980.298 255.156
826.517 221.428
926.413 251.095
754.954 192.45
916.041 257.966
895.131 244.988
875.994 249.61
1001.43 328.086
1033.49 324.25
781.794 209.91
905.188 281.452
957.094 318.813
1072.88 344.222
1022.41 303.95
951.854 275.312
912.062 233.342
1093.28 298.679
1151.57 274.219
881.266 216.908
1082.68 214.308
243.108 106.239
250.316 103.633
241.049 88.2921
238.747 92.2163
264.817 124.959
213.447 84.1272
218.65 93.3268
211.365 96.7679
234.973 98.0181
257.484 126.25
236.924 114.631
275.205 104.383
276.472 101.386
335.391 128.534
279.404 115.52
264.886 114.156
242.963 105.743
303.343 118.216
255.56 99.9776
250.218 101.926
275.456 106.673
256.571 100.883
971.088 192.782
928.751 221.929
989.165 270.909
1017.6 297.499
956.2 258.509
1012.44 288.878
905.854 248.398
997.069 272.681
874.882 266.685
1140.84 352.338
1064.53 316.842
934.538 257.275
988.089 262.578
1115.01 350.354
937.256 283.473
945.882 264.812
1069.75 289.893
814.407 228.632
1177.79 311.76
1111.46 307.019
1006.65 243.112
953.855 1233.71
468.147 125.589
335.345 116.048
310.324 105.311
256.039 89.3212
226.727 76.4911
273.109 109.419
221.001 87.6819
241.591 89.2701
221.306 112.415
203.398 80.7138
248.183 90.7834
244.365 117.924
300.129 111.273
183.382 85.645
317.184 118.381
168.881 70.1451
254.768 111.036
193.882 82.8669
281.119 115.344
237.543 86.5558
258.632 105.324
324.999 95.6589
1043.14 225.272
964.405 231.574
1248.51 357.554
1180.72 324.403
1109.78 295.594
1091.04 296.601
941.303 245.846
1158.2 363.451
1097.7 306.754
1109.7 314.332
1002.73 279.435
1047.38 328.217
1096.18 328.83
1120.34 322.576
1134.6 349.967
1134.79 308.665
1073.35 344.192
986.954 252.58
1297.13 363.53
1210.68 355.213
882.295 199.578
945.024 201.688
296.329 115.439
283.478 86.8534
287.975 120.104
259.086 112.267
286.588 131.888
266.579 117.431
259.755 123.423
296.534 117.828
268.122 140.04
256.072 98.3499
286.899 141.252
246.437 97.0787
252.869 139.018
298.117 114.072
291.137 122.625
278.509 113.891
287.68 115.924
301.781 129.09
261.946 116.097
263.415 94.5798
276.943 113.36
344.588 81.3833
951.719 180.24
943.898 222.99
753.867 222.535
895.729 255.603
937.84 315.558
934.616 301.117
941.89 279.682
1050.21 355.7
968.113 302.894
1044.08 324.42
1003.53 274.453
1103.7 344.347
906.521 262.51
1212.57 375.684
796.323 227.95
1093.8 335.42
867.701 247.176
1060.56 337.289
1049.7 304.367
1139.41 286.843
927.39 184.098
936.655 176.37
448.867 81.7593
331.67 88.9529
228.145 89.2631
252.62 100.661
238.776 96.9364
216.005 81.9768
226.994 89.9556
309.916 98.9163
391.907 114.229
373.227 114.66
213.191 96.2911
254.08 119.734
222.383 98.1083
246.67 122.671
251.048 89.453
263.083 110.607
180.834 72.8545
276.132 110.796
237.281 84.3682
305.961 123.348
301.953 100.21
293.658 78.9698
1313.86 150.728
1151.27 261.052
1567.18 400.361
1262.08 324.25
1263.06 382.809
1241.81 344.67
1213.22 364.842
945.014 272.092
1073.36 350.569
1189.26 339.194
1163.42 337.136
1103.43 303.373
1345.88 428.692
1051.24 293.488
1193.32 346.509
1268.04 340.629
1327.65 398.806
1147.79 292.706
1275.5 349.908
1126.31 381
1134.09 251.722
829.916 1261.37
343.061 97.925
321.058 98.8348
346.363 124.425
320.744 110.45
230.316 82.6258
328.42 108.369
266.53 115.727
300.517 93.5267
293.842 139.696
287.38 114.615
259.128 86.1132
258.202 104.19
298.173 120.124
302.071 120.768
296.753 110.053
285.601 109.41
361.244 147.834
266.995 99.1693
266.588 125.295
268.442 125.866
280.619 98.5982
300.181 92.0044
955.647 165.435
926.258 210.069
896.409 249.043
840.474 233.91
844.087 239.995
917.501 283.791
930.578 302.331
907.056 257.641
936.402 271.106
962.345 309.261
957.881 284.821
1016.91 329.329
898.017 292.821
990.034 280.958
1036.62 259.944
1154.15 331.208
937.592 272.838
798.236 241.772
899.094 261.289
962.36 245.753
962.937 218.276
910.574 88.5335
261.077 75.2919
228.645 61.945
263.759 84.9582
178.364 74.6913
162.649 67.8355
326.04 113.448
167.186 73.9441
214.529 82.76
188.42 75.8118
176.929 71.9376
244.169 96.7392
204.694 87.6915
179.832 72.2711
255.125 100.061
236.782 93.3553
241.912 99.3056
197.139 92.387
324.031 128.474
192.237 78.3948
194.235 71.7468
245.149 81.7779
256.227 76.7862
912.091 162.264
1015.31 236.437
986.233 272.113
914.154 225.165
1083.67 316.942
917.43 248.996
973.636 279.51
891.39 233.413
814.242 233.566
1074.42 305.605
1028.7 283.202
934.988 252.935
851.848 264.573
934.617 288.048
994.048 281.239
945.981 261.676
1055.57 294.839
1085.08 301.209
1090.63 276.967
1252.64 331.441
1010.79 244.531
1228.86 282.101
282.962 87.3631
281.162 81.1458
248.992 93.7285
260.618 93.9723
310.225 101.886
277.107 91.5976
262.096 99.5671
245.938 92.7902
211.382 74.5647
207.882 80.7664
210.981 82.6595
289.01 116.674
276.841 105.021
261.96 90.5049
278.228 95.3471
278.906 107.699
252.581 86.0915
292.29 94.8389
307.512 111.566
296.594 103.631
240.225 69.7217
314.235 82.0105
1291.18 328.085
1116.81 289.086
1202.55 308.363
1281.36 393.077
1306.77 376.86
1161.95 372.316
1231.46 416.386
1078.89 325.012
1055.75 330.618
1182.71 387.607
1286.07 386.176
1063.85 283.769
1271 418.821
1165.46 340.136
1162.03 359.429
1104.17 345.98
1221.23 355.472
1190.71 390.777
1067.9 362.935
1199.39 337.72
1337.14 295.465
1353 318.428
231.63 73.2553
332.815 118.722
299.466 98.4374
329.47 112.077
262.242 108.358
265.743 104.263
232.786 97.6234
294.047 141.88
244.86 91.0707
313.597 143.732
257.036 121.816
285.98 101.534
365.255 137.185
411.155 147.112
294.41 124.148
334.969 149.1
277.215 107.076
338.71 134.241
347.406 134.344
291.774 108.22
307.708 100.916
314.183 95.1373
1101.54 208.781
1241.84 275.67
1217.16 320.489
1096.54 297.834
1321.44 362.281
1034.8 274.397
1116.16 332.045
1086.04 322.913
1094.32 336.11
1071.12 319.489
1059.29 330.865
1043.25 302.13
1157.69 340.184
1134.64 319.141
1069.16 289.645
1271.02 369.159
1058.47 290.304
1273.57 348.617
1208.02 331.193
1143.38 325.648
1084.73 283.326
1120.88 217.891
218.287 81.3115
208.402 82.3744
236.555 90.169
207.489 73.5162
225.457 78.0349
214.583 94.5996
228.299 99.3423
239.317 98.6056
245.33 98.2096
199.559 91.6915
203.405 73.7166
209.84 77.9973
231.686 96.305
227.858 90.8503
224.998 93.2702
250.946 98.0876
304.601 107.912
242.755 91.3161
240.539 88.0089
219.848 89.7604
257.969 127.795
261.339 80.9895
1005.78 287.344
1210.41 339.75
974.084 266.87
900.241 258.128
1125.12 327.968
1115.33 288.088
1127.13 333.817
1170.84 374.598
1168.47 373.982
918.998 266.153
1050.84 343.249
1048.64 287.398
968.525 271.764
1286.8 380.827
939.549 260.205
1117.54 342.348
989.38 268.983
1079.25 320.492
1041.63 276.086
997.697 274.888
1056.1 275.888
1267.69 318.493
295.497 107.176
267.842 95.8985
298.334 126.403
300.803 103.271
279.827 140.419
313.741 126.148
280.686 110.418
276.554 98.2748
298.942 153.414
275.431 100.318
266.55 121.94
295.474 138.541
221.801 81.9185
253.622 86.8797
303.605 146.702
306.244 133.609
305.642 109.095
317.877 156.247
312.361 128.482
300.848 103.282
309.495 130.026
330.64 0.113122
1373.06 390.885
1165.24 323.242
1423.23 404.272
1251.18 329.544
1324.72 346.724
1236.54 345.436
1273.9 337.919
1242.95 358.383
1340.65 398.804
1181.37 351.892
1295.74 382.595
1194.72 318.969
1180.75 319.62
1154.51 321.833
1184.72 337.259
1263.45 377.391
1141.06 301.523
1375.89 393.157
1255.95 363.396
1099.68 294.204
1331.69 368.797
1186.98 361.304
554.552 149.14
566.909 179.511
672.298 202.432
624.881 182.283
499.812 150.304
642.152 194.699
547.606 170.384
591.74 187.819
618.021 203.802
595.179 186.413
636.274 208.949
603.843 207.376
620.063 214.277
589.332 187.8
537.877 182.305
554.765 179.061
546.462 164.76
526.138 165.599
458.352 126.442
520.99 147.961
589.706 170.466
478.64 158.545
867.911 318.106
972.635 256.431
1035.56 286.716
983.098 255.163
1204.94 374.397
977.81 296.771
925.696 262.29
999.715 279.266
1045.5 292.064
912.782 241.898
1013.8 325.492
992.177 282.574
1026.87 292.493
1034.1 311.85
1087.78 271.092
1091.14 314.11
944.938 292.681
1058.14 309.605
1086.59 304.211
1027.53 269.71
1025.2 307.601
1086.08 317.554
891.858 352.474
932.764 265.704
981.152 270.675
1026.68 285.672
972.154 278.811
1086.96 288.909
945.066 264.859
1021.81 271.707
1014.75 305.915
1144.4 319.994
1062.78 328.656
920.181 270.983
1126.34 306.758
986.106 283.611
995.935 289.336
1360.93 344.73
738.137 194.136
1263.22 372.215
1331.16 339.038
886.732 200.906
1005.46 308.656
1282.03 393.997
