2145.04 144.721
3379.18 934.767
3403.78 1005.25
2866.97 779.498
2731.28 823.661
3286.98 1003.89
3443.73 939.041
3192.64 955.15
3095.66 879.799
3096.28 895.234
2781.28 802.596
2669.84 816.14
2920.03 860.23
2545.65 788.973
3379.15 1088.2
2471.16 729.143
2988.84 837.748
3652.85 1000.25
2964.5 800.418
2999 877.758
3329.06 898.475
3925.72 1260.38
3188.19 1115.75
3697.66 976.836
3259.54 908.394
3119.37 823.256
3117.54 789.471
3093.41 884.233
2787.26 807.156
3255.88 978.706
3122.49 917.368
3042.46 936.298
2825.45 796.984
2681.05 847.729
3110.11 783.094
3331.79 1009.37
2685.91 739.337
2884.76 751.131
2578.16 667.863
2955.16 788.282
2619.69 676.368
2576.25 757.263
2794.16 679.42
3036.85 1020.93
3915.17 1052.01
3832.88 1016.36
4026.18 1254.62
3294.88 877.383
4655.25 1376.03
3907.82 1089.08
3542.17 935.451
3841.59 1042.41
4534.3 1456.87
3360.17 858.482
3622.55 1155.44
3384.42 978.233
4023.7 1131.25
3248.71 935.268
3967.02 1144.51
3222.45 830.313
3944.75 1228.4
3497.98 1031.23
3364.01 895.538
3165.44 859.165
3039.72 802.399
3681.31 1094.59
2208.16 750.928
1646.96 527.796
1309.7 470.944
1375.08 466.952
1686.43 565.689
1671.07 541.973
1614.1 530.95
2265.65 758.273
1635.26 529.962
1718.35 560.295
1706.72 526.554
1409.31 513.349
1680.5 567.947
1460.37 493.648
1548.62 545.229
1652.33 552.562
1480.95 514.686
1569.83 549.024
1403.27 503.664
1715.68 535.277
1560.6 512.813
1522.55 514.451
4272.66 982.575
3309.77 829.781
3778.51 1097.1
3110.57 807.742
3686.13 1125.74
3023.85 774.907
3530.39 1017.03
3344.98 974.477
3397.37 960.93
3794.05 1155.88
4077.11 1334.74
2839.28 782.739
3311.4 1035.71
3434.31 1031.92
3685.67 1068.96
3705.77 1081.93
3463.66 965.898
3294.61 878.457
4067.35 1159.79
4135.93 1021.44
3182.1 777.999
3819.33 757.343
875.539 297.526
970.774 418.31
907.516 344.861
868.193 429.241
960.902 391.922
803.433 379.164
822.597 342.243
804.328 304.417
845.883 407.495
972.85 422.076
878.046 344.105
1001.27 370.164
997.917 435.28
1250.04 475.18
1001.88 380.774
959.798 416.293
948.169 338.227
1097.85 426.222
907.535 339.181
905.11 365.374
997.258 396.769
976.181 337.617
3436.63 802.615
3350.32 797.673
3627.32 1009.48
3675.48 982.407
3406.75 929.541
3652.2 1046.4
3258.15 939.721
3762.15 1076.01
3156.79 904.413
4198.33 1295.63
3842.65 1147.95
3522.17 967.014
3630.47 972.468
3984.23 1111.05
3363.62 872.742
3416.25 946.191
4083.14 1198.68
2987.52 819.005
4416.85 1214.67
4066.14 1221.63
3619.29 871.372
3754.83 756.64
1656.96 383.954
1201.37 458.816
1222.69 438.712
938.479 343.376
827.402 332.923
926.809 339.906
814.24 358.938
882.346 335.336
840.755 348.514
767.073 286.738
906.411 326.161
905.775 365.716
1112.8 430.184
660.263 277.535
1124.39 430.226
608.607 238.122
927.959 313.618
720.089 266.337
1032.64 431.109
858.045 354.049
876.957 326.716
1028.88 358.953
3560.46 596.556
3403.74 778.063
4360.12 1221.74
4188.28 1112.49
3969.28 1119.12
3892.97 1151.69
3383.6 902.519
4137.63 1301.24
3863.73 1088.24
4135.51 1217.79
3607.6 1050.15
3812.11 1140.88
4167.05 1353.26
4157.38 1206.25
4081.09 1143.09
4143.78 1171.99
3863.18 1065.06
3665.26 976.514
4769.79 1444.43
4415.95 1184.24
3331.88 845.033
3541.14 694.888
1047.26 346.062
1020.91 359.062
1153.81 503.049
941.008 388.297
1020.79 422.548
959.14 370.22
994.873 399.568
1100.53 428.899
1041.57 477.255
985.843 446.971
1120.2 523.497
928.631 373.145
943.341 466.445
1098.25 429.515
1081.49 452.461
1041.05 439.068
1080.13 401.752
1039 380.751
961.065 457.067
965.972 364.428
1085.8 475.776
1340.35 386.551
3701.01 994.781
3363.73 796.974
2862.06 832.592
3408.07 1045.48
3477.22 1056
3617.87 1165.67
3409.65 998.392
4030.8 1251.16
3549.11 1071.68
3921.91 1189.34
3862.3 1189.88
4104.48 1262.61
3446.02 941.632
4740.96 1530.51
2949.51 812.385
4005.43 1266.11
3225.88 1001.22
3738.83 1136.11
3710.33 1112.18
4227.72 1081.08
3461.12 806.543
3412.62 662.362
1647.18 415.137
1142.2 292.208
790.339 298.117
883.285 394.326
859.17 403.751
712.812 291.935
845.284 315.765
1108.02 387.893
1505.15 486.549
1348.83 482.384
766.618 315.912
922.567 412.559
830.33 363.606
921.335 440.842
946.327 336.441
988.143 396.424
644.231 237.178
993.591 396.475
873.785 304.683
1079.29 385.269
1120.02 416.561
1023.77 226.044
4928.93 2427.07
4023.87 934.243
5636.2 1392.6
4579.92 1325.25
4409.61 1269.16
4351.52 1186.43
4255.58 1309.86
3359.56 990.788
3696.23 1135.14
4310.67 1296.07
4120.04 1160.93
3975.37 1065.24
4754.88 1478.8
3641.4 1058.54
4224.96 1227.52
4398.49 1213.61
4506.84 1345.5
4173.77 1157.65
4467.5 1311.32
4075.81 1231.22
3975.22 881.916
3932.13 1085.13
1247.26 326.729
1193 400.94
1209.17 454.949
1182.04 412.282
819.08 327.42
1194.67 418.885
909.107 421.444
1077.27 416.149
1060.94 424.54
1039.13 373.936
941.741 372.482
986.769 403.516
1021.91 478.81
1120.13 488.757
1106.39 391.077
1049.36 374.878
1253.01 457.183
960.82 380.121
941.437 381.27
993.061 373.907
1056.1 340.747
821.723 934.471
3337.83 558.644
3454.76 759.567
3281.8 945.42
3131.37 864.25
3097.56 867.154
3438.12 1104.22
3337.64 965.968
3364.54 1019.01
3429.5 998.539
3529.68 1055.62
3429.3 1002.14
3807.02 1251.19
3276.21 947.969
3699.21 1057.58
3825.25 1077.48
4216.16 1227.6
3362.53 940.641
2860.71 842.642
3218.32 899.3
3452.62 879.752
3531.54 744.434
3401.38 560.495
985.897 184.917
812.977 249.501
912.921 322.477
641.873 279.749
615.767 266.007
1271.04 432.029
653.276 311.602
773.071 340.467
654.428 270.489
697.619 302.506
917.42 311.375
721.497 282.306
657.028 257.203
874.65 387.948
847.173 326.491
843.545 323.722
685.78 303.217
1140.19 424.302
645.623 272.983
661.277 239.027
803.928 259.15
888.256 254.301
3347.88 720.518
3636.14 840.063
3584.32 927.673
3479.67 927.32
3983.88 1180.01
3418.81 992.104
3608.37 1004.12
3352.68 924.394
3160.91 968.591
4064.4 1260.4
4042.79 1176.66
3159.28 847.22
2837.58 865.64
3044.95 892.942
3305.44 975.171
3209.89 925.14
3630.84 1069.17
3574.24 959.208
3665.44 967.945
4200.84 1107.92
3376.89 757.185
3858.38 628.822
984.853 258.579
1033.2 319.018
916.356 367.196
936.037 316.533
1142.52 413.727
1030.89 324.839
914.75 329.518
962.218 371.607
795.191 287.952
746.182 260.223
739.095 291.271
1069.27 429.671
963.614 345.753
911.722 330.607
1017.83 368.939
966.546 387.29
899.232 314.971
1080.4 368.114
1096.39 384.157
1090.94 387.818
656.559 601.922
991.455 290.275
4629.99 1063.34
4150.45 1045.66
4480.41 1239.79
4733.74 1316.72
4789.93 1392.45
4338.01 1308.59
4877.76 1634.26
4126.08 1363.82
4001.59 1274.68
4300.88 1384.35
4700.59 1397.36
3958.95 1081.89
4578.47 1486
4438.79 1409.05
4202.74 1244.05
4026.12 1176.1
4492.8 1402.84
4566.7 1495.91
4003.01 1264.06
4433.48 1214.84
4881.83 4.00577
4781.03 0.0981353
863.219 277.609
1355.54 520.432
1081.41 388.901
1242.72 443.571
992.343 361.769
950.831 401.168
864.238 362.918
1187.57 515.102
879.569 371.053
1129.28 514.814
958.021 399.838
1023.98 399.955
1307.57 567.381
1530.49 564.793
1014.68 411.718
1184.7 461.345
991.718 401.817
1295.68 490.816
1183.38 400.741
1052.3 445.381
1159.24 418.513
1182.42 370.558
3667.18 689.285
4396.21 1050.68
4143.92 1049.94
3645.28 923.491
4790.12 1409.75
3615.23 972.743
3834.14 1140.47
3849.19 1194.73
3875.81 1135.29
3837.17 1126.13
3962.28 1190.93
3801.17 1082.91
4185.99 1229.89
4162.54 1259.34
4054.56 1136.91
4458.53 1226.19
3845.58 1086.2
4620.34 1187.67
4418.54 1254.55
4126.18 1076.4
3982.14 994.321
3942.33 724.931
816.384 314.943
735.231 290.724
842.429 315.25
732.318 253.81
836.402 369.653
710.83 250.366
812.718 324.861
838.544 329.019
921.588 409.398
696.556 293.369
740.8 290.034
756.612 275.044
863.912 339.732
813.048 313.181
822.173 312.876
872.354 359.229
1110.46 404.058
883.058 341.678
872.621 313.344
807.192 287.834
932.176 382.11
854.238 287.928
3684.29 880.057
4443.13 1233.99
3509.22 909.676
3306.99 996.824
4164.19 1288.12
3851.91 966.144
4276.05 1346.46
4258 1192.3
4332.58 1343.24
3465.7 1048.31
3668.02 1079.22
4010.33 1182.19
3598.97 995.369
4657.88 1371.97
3351.3 867.11
4048.83 1362.58
3573.45 1022.34
3864.58 1178.27
3812.01 1090.1
3688.34 985.549
3861.14 1045.43
4562.57 1107.67
935.151 305.287
929.259 331.55
1083.19 395.585
1083.08 430.461
1036.21 449.813
1088.01 392.326
1042.16 401.868
1023.43 407.868
1182.64 575.065
994.67 395.233
1031.85 459.383
1036.73 412.51
802.956 326.189
929.007 362.607
1137.91 468.404
1070.56 479.067
1096.22 381.321
1145.97 574.277
1184.27 528.118
1064.09 385.471
1116.73 467.722
1272.91 420.646
4772.87 1235.76
4070.69 1048.57
4871.65 1335.68
4259.01 1042.21
4635.13 1246.22
4372.34 1243.9
4448.64 1289.01
4331 1177.71
4536.03 1342.97
4087.45 1128.38
4554.71 1281.06
4212.6 1181.26
4189.02 1172.79
4054.65 1192.39
4210.93 1238.5
4591.25 1317.62
4282.15 1187.49
4912.91 1452.16
4482.59 1247.59
3902.24 959.472
4832.07 1299.87
4240.98 1182.94
2034.82 557.82
2012.55 594.245
2343.01 673.466
2176.97 598.865
1836.07 563.977
2218.66 641.702
1940.88 595.914
2119.62 674.192
2326.63 734.144
2216.76 745.284
2285.12 736.909
2124.94 623.695
2110 710.759
2182.13 704.312
1902.04 675.676
2044.05 697.418
1984.01 618.198
1907.25 600.584
1651.58 476.794
1844.04 519.252
2196.3 583.898
1636.03 456.789
3224.77 1130.24
3724.06 1112.51
3862.97 1097.31
3631.43 986.311
4201.04 1192.07
3676.58 1143.07
3393.62 991.114
3812.4 1168.41
3946.74 1207.98
3346.91 926.554
3772.28 1165.72
3649.64 1090.21
3777.55 1147.46
3686.72 979.529
3988.95 1152.47
4077.75 1150.6
3400.7 982.315
3725.08 1106.87
4019.39 1085.26
3820.61 1101.08
3680.02 1001.19
3892.9 1207.73
3215.41 1158.58
3458.25 898.454
3543.4 963.23
3874.25 1086.92
3669.55 1080.09
4076.43 1112.27
3692.25 1008.19
3658.38 955.416
3642.15 1151.68
4209.57 1122.99
4041.73 1220.36
3403.98 948.889
3899.61 1066.89
3465.22 960.089
3840.93 1110.63
5132.84 1392.53
2764.04 802.749
4824.81 1350.31
4852.91 1309.3
3228.46 845.035
3802.34 1149.56
4664.55 1408.04
