3389.15 1092.17
3317.83 947.522
3366.68 1013.97
2920.52 822.413
2721.4 792.078
3275.46 956.855
3415.11 943.747
3132.91 919.529
3092.67 881.334
3069.33 895.778
2761.34 757.858
2674.92 800.537
2875.41 854.214
2526.6 780.2
3174.25 946.413
2446.87 690.117
2968.33 814.125
3579.43 987.97
2949.57 784.604
2979.31 851.818
3277.78 880.497
3813.36 1259
3094.94 1049.68
3705.33 989.007
3272.95 945.096
3109.22 822.274
3092.94 783.828
3094.84 860.013
2776.78 790.774
3216.53 944.335
3121.17 898.369
3033.49 941.321
2780.63 758.575
2662.86 839.49
3099.92 849.015
3247.87 969.04
2684.83 753.675
2871.74 759.822
2547.14 661.622
2917.57 816.209
2569.04 665.61
2543.42 712.532
2790.5 699.591
2969.07 988.691
3974.9 1127.53
3799.87 980.672
3945.92 1190.67
3307.9 888.412
4662.32 1443.68
3950.27 1127.02
3534.68 996.481
3850.02 1097.13
4515.5 1445.07
3349.91 893.097
3600.41 1135.69
3391.5 984.228
4007.68 1154.62
3229.6 901.087
3946.56 1181.92
3173.04 817.845
3968.44 1184.77
3508.1 998.576
3323.63 882.071
3134.09 832.592
3070.03 829.427
3655.84 1096.88
2157.3 689.948
1633.13 521.701
1295.45 432.994
1356.26 450.878
1664.99 569.408
1662.42 526.497
1587.76 519.721
2273.89 750.705
1623.95 528.631
1710.76 538.404
1701.85 527.657
1391.59 486.866
1687.31 582.121
1468.03 483.708
1537.44 532.692
1618.07 554.452
1488.47 495.891
1543.65 494.86
1366.95 476.844
1701.1 526.592
1589.95 548.744
1493.11 518.404
4372.73 1162.13
3328.22 843.662
3763.93 1048.91
3110.91 800.593
3637.78 1075.66
2998.54 773.402
3495.05 996.92
3329.34 929.221
3368.09 944.28
3772.07 1136.12
4038.58 1313.07
2839.95 778.455
3292.02 1027.3
3369.33 989.05
3689.74 1072.25
3692.78 1103.39
3428.49 958.338
3298.19 895.749
3963.23 1114.48
4094.17 1054.56
3160.82 806.692
3809.04 890.131
868.457 333.659
929.526 369.595
899.38 335.737
854.064 388.719
940.357 366.136
802.624 349.547
818.462 331.562
813.238 322.805
846.717 377.189
962.923 428.256
888.319 359.756
989.939 383.924
988.792 391.044
1230.96 484.273
989.355 379.793
954.568 397.994
928.841 361.916
1107.38 429.818
905.087 320.55
914.076 368.671
982.597 379.099
942.453 363.333
3396.26 880.837
3370.05 800.994
3611.04 1018.26
3615.35 973.07
3382.13 916.798
3631 1050.53
3245.7 914.605
3713.97 1034.94
3149.03 882.23
4178.44 1299.83
3792.25 1108.8
3524.47 1036.09
3667.22 1037.27
3992.23 1125.11
3375.91 919.025
3409.25 940.933
4047.2 1185.06
2985.54 812.527
4327.66 1196.8
4028.51 1184.67
3613.45 859.602
3828.39 958.851
1691.39 483.561
1198.92 411.513
1196.79 438.383
927.259 323.209
819.424 305.279
916.241 342.654
804.032 334.662
869.989 323.582
825.996 343.096
756.355 286.5
895.389 328.028
899.592 376.132
1100.64 435.032
662.969 296.534
1124.97 406.26
606.952 254.109
927.429 339.91
709.81 248.816
1003.01 384.066
872.919 372.208
872.692 309.321
1019.94 369.583
3644.66 817.401
3415.51 825.795
4302.98 1214.35
4193.15 1181.64
3973.31 1132.68
3878.77 1134.97
3337.2 887.834
4124.82 1291.37
3820.52 1064.31
4058.75 1206.77
3619.76 1056.87
3775.46 1119.75
4052.17 1293.32
4141.93 1201.91
4120.42 1207.23
4154.68 1211.84
3804.3 1092.41
3637.01 970.855
4769.59 1431.19
4476.81 1291.8
3298.24 860.644
3569.94 862.071
1158.15 651.231
1008.23 350.892
1096.51 451.208
930.672 358.208
1024.26 421.737
956.257 350.856
974.638 389.71
1112.08 440.005
1028.11 480.876
986.162 429.301
1119.85 472.233
917.132 365.607
947.709 462.174
1095.93 408.212
1085.82 446.008
1020.49 411.819
1077.99 434.044
1040.33 405.54
962.6 421.559
958.278 359.406
1075.78 419.645
1356.4 474.552
3721.19 897.218
3431.14 930.336
2836.99 791.457
3321.47 987.424
3464.82 1067.87
3613.9 1177.08
3457.49 1016.01
4001.99 1278.69
3550.66 1071.4
3920.5 1199.4
3842.8 1177.7
4083.73 1248.2
3442.5 952.946
4580.21 1442.1
2897.03 784.975
3966.87 1267.48
3214.9 960.76
3742.32 1127.8
3722.78 1088.49
4207.29 1106.7
3497.03 833.554
3397.56 700.37
1659.13 486.097
1145.96 321.756
789.826 295.195
884.386 377.702
869.746 354.138
719.7 285.334
837.871 298.479
1106.57 410.789
1513.07 502.492
1338.12 458.693
775.185 338.476
930.774 397.436
826.464 364.969
925.236 457.583
928.28 308.358
965.426 411.467
655.331 258.981
967.751 389.133
892.39 328.612
1079.93 377.42
1125.33 465.733
1055.46 315.504
5046.75 1130.22
4002.19 868.477
5609.22 1381.02
4514.17 1254.49
4485.36 1318.71
4340.2 1199.89
4311.4 1356.37
3353.66 967.168
3626.03 1062.19
4226.01 1234.73
4138.01 1192.06
3937.48 1102.92
4657.68 1416.69
3648.64 1042.09
4217.83 1246.91
4389.72 1211.39
4492.61 1328.24
4126.37 1136.06
4387.08 1282.49
4059.92 1244.29
3958.87 882.252
4033.38 1087.18
1304.68 471.712
1179.62 373.98
1206.5 441.93
1177.2 424.644
813.576 302.707
1193.73 413.003
892.931 393.378
1058.95 370.004
1055.41 404.132
1029.93 389.814
937.109 370.268
961.183 381.503
1044.82 456.984
1097.59 455.719
1096.42 410.128
1060.49 398.241
1261.67 507.393
944.671 354.852
936.322 375.072
984.201 375.114
1035.04 332.656
1215.7 510.944
3470.96 797.766
3470.46 803.862
3323.66 958.984
3123.95 869.796
3094.7 890.029
3387.79 1023.72
3302.45 940.067
3328.22 1016.54
3401.21 998.57
3546.76 1060.49
3416.15 1004.94
3764.77 1192.94
3243.91 914.07
3684.34 1068.75
3818.47 1070.91
4153.82 1187.84
3374.41 970.001
2857.07 797.085
3234.05 901.732
3453.8 923.972
3561.77 803.765
3535.7 729.527
1019.09 336.365
804.234 242.75
920.321 332.821
631.286 257.449
602.67 245.01
1257.89 425.504
630.401 288.287
771.97 338.889
672.229 299.958
695.057 308.277
913.645 344.775
721.66 283.841
659.18 265.649
857.41 379.188
846.264 327.446
851.357 327.194
695.866 305.899
1146.35 424.878
642.641 258.733
660.482 245.118
817.818 270.988
922.495 266.123
3360.98 714.115
3650.22 874.894
3553.32 913.481
3448.78 903.588
3951.56 1175.45
3403.25 959.059
3614.47 1020.18
3376.44 957.816
3070.97 898.464
3999.35 1202.82
4025.16 1172.7
3146.01 863.283
2820.05 848.195
3055.94 881.027
3280.42 964.855
3220.89 912.12
3630.43 1043.81
3546.11 933.911
3581.12 918.099
4215.68 1156.84
3387.54 819.575
3973.13 863.73
1007.36 318.046
996.208 302.988
901.893 349.856
940.599 337.511
1110.66 393.844
1030.77 326.445
912.503 333.318
974.803 379.18
785.857 275.162
739.238 274.389
732.045 306.356
1047.49 418.425
969.867 351.054
910.852 325.78
994.647 352.753
971.915 356.575
881.186 311.329
1066.33 364.692
1086.42 369.884
1084.42 369.277
882.556 253.193
1198.01 388.953
4753.27 1124.95
4175.01 1111.63
4486.74 1214.37
4742.32 1473.01
4743.13 1373.3
4381.65 1363.84
4587.76 1440.14
4061.68 1298.07
3999.07 1250.68
4345.29 1441.46
4706.01 1415.96
3958.8 1083.21
4677.09 1590.95
4395.12 1391.67
4230.12 1289.67
3973.97 1174.67
4523.8 1414.94
4440.71 1332.77
4026.24 1273.73
4414.11 1262.21
4462.69 1311.91
5035.85 1213.68
883.727 345.025
1299.7 508.077
1089.47 372.999
1214.31 416.69
963.749 362.384
968.183 412.467
870.204 363.049
1180.52 538.253
880.964 369.505
1125.48 498.831
959.005 386.008
1010.11 386.596
1310.17 545.423
1520.02 564.603
1019.39 393.407
1198.26 501.104
1012.57 420.014
1281.01 473.576
1194.25 421.286
1062.13 430.771
1144.25 431.776
1181.05 461.236
3807.63 883.739
4389.57 1081.74
4162.08 1048.3
3660.92 923.137
4653.55 1363.56
3596.82 952.024
3851.29 1142.68
3818.39 1155.83
3859.42 1125.87
3802.75 1119.25
3932.97 1178.43
3742.93 1066.22
4207.55 1261.39
4109.23 1186.25
4021.03 1129.4
4539.02 1325.47
3856.92 1097.54
4525.12 1186.18
4322.31 1192.84
4114.88 1086.53
3965.13 989.357
3992.99 900.467
820.61 321.311
748.606 289.544
845.197 315.942
735.969 267.437
829.329 354.617
713.683 266.941
808.027 316.5
829.762 317.003
912.262 393.198
688.391 287.824
737.159 309.121
751.198 280.814
872.975 345.984
808.375 330.961
815.965 311.57
880.891 367.573
1089.83 397.43
867.247 329.659
868.308 332.145
798.831 294.343
928.541 331.546
877.043 353.137
3754.4 1056.17
4419.49 1271.44
3501.27 938.597
3256.68 926.595
4152.36 1224.26
3831.63 996.419
4215.24 1294.8
4206.83 1184.91
4292.16 1375.32
3401.77 1036.79
3661.85 1091.16
3939.31 1164.76
3600.43 1012.78
4696.02 1452.28
3320.8 866.984
4027.49 1289.73
3499.45 958.992
3833.58 1114.89
3791.88 1065.98
3691.38 991.227
3836.82 1093.74
4530.44 1257.11
1019.9 662.506
912.532 312.369
1082.56 371.819
1076.7 389.97
1031.75 454.586
1081.99 391.784
1035.08 376.131
1025.78 422.446
1135.71 510.716
1000.33 365.83
1012.02 478.761
1045.27 441.217
800.651 298.858
919.834 342.345
1151.87 454.75
1095.8 473.953
1090.87 407.273
1108.23 487.662
1167.8 508.561
1090.22 409.165
1094.25 424.577
1046.96 1043.39
4740.79 1289.96
4060.69 1074.64
4933.28 1402.77
4300.65 1116.7
4607.14 1207.22
4337.71 1182.63
4404.44 1253.68
4296.48 1211.33
4476.76 1314.61
4069.19 1172.16
4539.3 1285.13
4155.74 1199.97
4206.25 1229.35
4019.1 1167.48
4151.79 1190.35
4629.97 1378.75
4254.06 1169.56
4748.37 1348.86
4461.77 1317.12
3911.67 995.359
4756.63 1302.99
4229.57 1250
2057.62 631.14
1987.48 590.085
2352.48 710.153
2190.72 621.268
1815.09 575.728
2236.72 659.619
1955.49 623.986
2071.27 623.2
2281.06 698.838
2168.61 720.07
2277.94 721.384
2121.67 643.51
2137.12 706.449
2160.28 693.554
1928.32 638.357
1989.21 667.04
1977.15 580.158
1886.12 573.773
1639.6 489.277
1827.74 500.956
2160.62 658.253
1633.1 508.092
3142.23 1064.96
3725.52 1076.94
3799.07 1012.15
3575.66 985.102
4176.09 1199.34
3680.78 1132.8
3379.41 997.152
3738.82 1130.45
3911.7 1187.14
3366.67 955.697
3738.39 1117.86
3619.35 1087.49
3721.91 1076.65
3677.9 1038.18
3922.15 1121.4
4088.12 1199.39
3398.69 946.1
3686.14 1093.63
4014.41 1110.31
3806.16 1089.21
3691.48 1062.49
4038.26 1297.69
3221.38 1158.86
3457.27 924.323
3481.03 982.128
3813.67 1033.63
3642.4 1079.26
4023.33 1065.69
3652.78 1014.53
3700.1 1002.28
3603.4 1094.18
4243.59 1202.91
3984.55 1201.13
3451.65 1010.19
3887.65 1089.98
3465.72 984.052
3793.44 1120.01
5189.79 1527.42
2702.01 758.178
4664.51 1300.68
4857.78 1356.48
3200.76 882.872
3694.76 1083.13
4725.16 1532.5
