2967.42 737.509
3323.43 926.663
3331.83 1020.49
2955.04 833.307
2820.61 860.329
3356.81 981.097
3494.19 957.914
3170.74 951.444
3140.98 915.718
3149.84 955.486
2827.94 868.817
2686.19 783.677
2859.26 843.298
2616.03 797.447
3237.23 983.066
2520.57 738.118
2971.01 795.222
3566.41 952.844
2994.4 826.22
3002.71 878.051
3352.84 947.082
3808.47 1271.69
3183.83 1045.65
3782.09 1025.62
3305.09 982.837
3182.5 873.708
3094.88 752.07
3167.46 873.06
2819.75 792.959
3251.61 955.618
3179.05 932.229
3092.3 980.129
2849.5 817.698
2681.1 797.478
3114.62 881.17
3258.24 972.329
2753.84 838.999
2927.4 825.354
2566.11 675.68
2957.21 814.335
2621.37 674.751
2554.17 702.793
2827.48 769.414
3025.93 1023.84
3891.58 1047.19
3853.13 1012.4
3958.27 1159.3
3305.14 939.834
4589.95 1337.78
3914.13 1066.93
3551.02 969.793
3915.5 1158.31
4491.18 1388.87
3457.33 989.523
3694.11 1234.59
3400.27 995.925
4094.66 1219.44
3221.35 876.649
3973.39 1218.36
3199.71 826.493
4122.53 1196.14
3534.71 951.487
3326.12 788.361
3194.11 812.678
3105.08 835.268
3651.87 1134.5
2166.56 609.832
1710 605.422
1315.24 460.506
1410.17 483.126
1652.36 590.541
1674.46 491.832
1623.27 544.405
2252.39 717.755
1616.08 534.657
1731.17 545.612
1725.24 533.425
1447.07 576.227
1699.82 612.768
1490.29 508.863
1556.31 550.639
1652.2 523.233
1508.65 504.999
1595.74 495.538
1402.36 493.977
1719.46 490.811
1582.78 598.78
1455.79 501.513
4428.05 1016.25
3338.5 749.875
3763.48 1079.59
3149.49 822.915
3589.08 1086.77
3038.27 860.406
3463.49 1008.84
3388.97 981.658
3423.14 982.302
3912.04 1279.59
4075.12 1277.94
2861.33 803.768
3329.53 986.136
3472.72 1133.87
3773.12 1158.19
3742.99 1101.65
3519.08 945.949
3392.66 957.436
3999.1 1134.52
4200.55 1132.24
3162.73 761.887
3864.54 945.426
876.455 339.627
969.245 412.898
921.063 373.864
861.004 393.464
936.439 362.036
805.578 341.597
792.098 333.16
823.693 341.93
871.659 347.748
951.076 396.397
889.307 389.614
1002.7 419.282
1010.32 380.358
1248.5 470.169
1000.79 367.692
1062.49 536.856
1037.56 444.467
1129.16 466.252
936.294 368.146
979.773 428.252
977.727 323.389
1057.33 445.768
3268.59 614.718
3295.28 791.667
3609.09 987.187
3602.57 977.685
3381.89 913.059
3639.49 1055.27
3340.34 942.957
3757.38 1048.87
3144.8 870.583
4214.94 1225.55
3845.58 1187.34
3512.59 1051.34
3700.15 1038.42
4083.93 1206.14
3441.71 933.909
3377.65 901.822
4120.13 1150.55
3037.75 824.183
4349.85 1172.72
3967.75 1097.21
3676.74 849.4
3885.58 945.573
1709.63 375.751
1195.85 407.141
1232.33 403.524
924.264 383.246
839.86 299.755
943.648 373.946
822.952 341.604
867.738 333.673
816.326 363.672
771.033 319.612
906.763 345.791
904.6 378.562
1120.08 509.97
680.979 300.894
1150.79 478.713
607.686 261.417
953.536 382.597
720.446 254.026
986.403 339.714
866.857 276.779
899.814 364.857
989.216 360.559
3714.54 734.994
3522.17 903.469
4330.52 1181.22
4245.66 1207.75
4012.95 1098.83
3981.27 1167.22
3392.1 900.839
4277.18 1380.31
3910.28 1159.2
4077.25 1122.19
3613.1 1010.38
3866.31 1136.22
4127.25 1357.56
4211.48 1222.35
4217.06 1318.94
4257.52 1265.4
3935.19 1126.51
3690.62 1016.26
4828.01 1402.05
4528.35 1255.91
3245.77 764.302
3549.04 734.071
1114.45 204.924
1086.73 385.893
1115.6 465.311
961.346 379.399
998.997 495.184
970.126 371.091
987.593 427.055
1114.9 438.877
1024.03 417.042
975.49 452.437
1140.81 503.522
926.293 353.318
960.209 443.297
1135.04 487.91
1097.2 429.344
1040.17 412.379
1115.41 459.083
1052.25 432.498
963.759 417.92
953.168 359.806
1065.98 436.248
1231.92 428.996
3712.6 684.145
3420.93 914.457
2886.77 755.44
3338.45 982.798
3540.77 1083.14
3663.23 1116.35
3506.07 1046.42
4055.57 1354.86
3574.58 1055.18
3902.43 1220.27
3859.58 1184.84
4143.62 1310.71
3419.06 917.622
4682.98 1499.31
2937.98 841.554
4013.73 1245.15
3238.17 981.416
3802.35 1114.81
3823.28 1145.27
4258.5 1115.14
3556.85 814.55
3385.75 635.504
1654.2 328.199
1133.33 337.128
806.889 320.753
896.486 368.814
879.13 389.12
720.623 264.597
866.216 326.816
1124.98 421.025
1537.59 536.084
1312.21 448.701
793.884 330.552
943.051 407.078
806.37 309.302
944.277 398.148
924.422 319.947
1078.46 543.58
663.418 248.789
974.277 395.608
926.098 359.52
1132.16 477.254
1128.3 457.05
1044.64 263.053
4838.88 1124.07
4029.35 751.922
5780.97 1428.67
4605.42 1227.5
4495.62 1349.74
4367.09 1160.43
4317.5 1327.99
3359.75 1006.26
3722.67 1190.01
4281.22 1185.2
4228.46 1234.24
3970.11 1091.68
4718.32 1394.75
3743.34 1095.18
4290.87 1327.32
4383.18 1200.74
4606.45 1408.25
4130.06 1155.94
4494.09 1275.86
4117.65 1199.92
3992.81 905.371
3909.03 0.308583
1245.17 312.744
1225.52 396.124
1240.03 433.926
1181.91 390.148
834.069 300.485
1221.93 440.961
974.639 503.483
1082.66 407.27
1095.21 425.704
1029.24 351.447
954.269 380.816
972.774 353.314
1050.7 414.219
1117.93 488.596
1089.36 413.271
1067.12 371.55
1284.08 498.286
972.1 366.173
955.498 390.339
963.5 427.974
1037.51 366.774
1170.47 359.975
3555.58 800.706
3439.26 761.327
3366.44 987.553
3186.71 890.819
3162.54 868.82
3418.46 1066.15
3337.94 976.137
3387.8 1036.14
3454.6 974.159
3609.29 1055.19
3508.55 1104.46
3791.97 1225.69
3283.49 938.568
3693.25 1048.47
3869.21 1126.96
4182.79 1185.56
3417.91 1003.59
2927.84 847.101
3330.88 943.019
3529.52 1008.61
3634.2 783.502
3493.88 614.436
950.884 230.169
833.426 264.469
924.24 320.95
635.199 277.223
615.147 238.561
1245.23 390.351
637.037 272.242
796.215 346.233
673.261 280.868
723.467 382.354
931.511 362.779
745.564 320.766
656.284 266.485
859.577 398.088
838.629 365.104
837.211 320.46
709.561 320.552
1170.54 436.652
650.49 259.629
654.569 250.295
829.44 301.017
935.727 243.872
3393.25 611.195
3679.59 830.294
3586.84 913.611
3462.14 962.994
4032.75 1182.25
3463.12 1040.03
3611.8 1007.33
3382.11 948.93
3105.5 866.009
4083.43 1206.69
4099.8 1195.79
3141.34 840.194
2841.56 833.786
3111.32 897.797
3313.55 986.747
3221.35 906.133
3688.95 1074.39
3591.52 955.564
3578.1 894.806
4315.34 1159.08
3409.99 749.043
3945.46 812.814
973.738 672.063
1031.55 287.403
916.175 348.932
944.723 320.109
1117.33 395.087
1026.31 319.12
991.696 441.29
1022.15 449.029
805.544 284.884
752.601 290.459
727.134 280.078
1057.3 400.539
978.404 347.922
921.138 306.967
1014.98 412.115
983.03 402.287
867.938 301.935
1071.93 361.438
1093.92 376.984
1088.88 380.163
894.92 268.219
933.547 258.053
4730.43 1088.31
4346.82 1272.37
4584.52 1294.84
4770.32 1429.97
4827.55 1438.86
4498.98 1406.43
4621.64 1440.92
4045.95 1236.77
4048.17 1276.69
4537.83 1504.29
4702.78 1371.05
3967.56 1143.7
4685.26 1527.63
4443.93 1379.02
4301.05 1292.98
3990.56 1182.17
4569.49 1424.27
4525.73 1422.07
4092.15 1366.44
4423.44 1164.18
4952.7 1236.53
5337.89 2794.13
720.299 389.218
1313.25 477.142
1118.41 406.172
1234.69 449.989
956.594 321.601
980.757 413.508
861.418 382.716
1197.43 495.126
895.15 367.805
1123.19 460.126
937.781 371.938
1034.39 390.968
1296.9 536.316
1540.85 550.992
1049.39 393.928
1247.41 568.142
1010.21 440.177
1318.63 531.081
1212.43 446.203
1069.58 482.635
1143.2 461.536
1237.76 324.635
3811.62 796.463
4378.84 986.152
4283.51 1072.03
3713.68 922.254
4704.42 1333.84
3593.68 955.6
3912.29 1144.85
3879.11 1180.84
3861.59 1191.77
3823.96 1072.55
3971.03 1177.92
3782.47 1036.64
4319.92 1275.68
4170.37 1154.35
4039.24 1167.9
4646.11 1366.11
3872.11 1060.58
4605.64 1204.6
4388.54 1200.45
4176.76 1104.32
3988.21 925.979
4527.1 1702.86
845.576 280.948
775.628 303.052
826.05 355.282
737.138 268.59
833.775 329.076
718.901 251.223
816.15 315.42
813.579 300.072
907.198 367.911
691.975 274.547
752.654 291.445
753.802 293.391
890.231 382.491
823.54 323.827
807.533 316.172
894.742 345.532
1102.91 406.856
867.901 325.867
877.592 346.862
820.588 300.907
967.168 366.574
848.015 280.263
3755.46 995.485
4353.74 1187.18
3524.45 890.483
3317.64 971.839
4180.54 1198.76
3833.54 1032.34
4261.78 1341.31
4257.56 1229.17
4288.78 1335.48
3399.27 1027.52
3782.87 1119.13
3978.13 1186.67
3611.83 972.255
4711.11 1396.99
3351.29 936.361
4093.55 1297.45
3567.18 961.441
3883.32 1180.08
3839.44 1068.33
3722.76 1040.09
3869.45 1077.07
4513.26 1116.34
1102.03 466.095
915.411 303.324
1087.94 401.803
1080.62 411.098
1075.34 459.821
1080.63 427.737
1014.96 412.509
1051.65 495.231
1125.86 524.997
1003.64 407.073
1075.03 545.85
1093.31 475.866
809.415 287.368
945.298 367.647
1163.47 407.371
1120.77 484.393
1095.88 372.64
1112.83 471.013
1171.45 452.041
1129.58 406.111
1114.76 483.955
1296.54 511.38
4819.45 1289.19
4089.87 1072.79
5017.55 1380.92
4269.86 1162
4579.79 1167.67
4410.19 1277.58
4545.93 1347.26
4240.73 1142.41
4554.39 1318.26
4179.33 1204.74
4602.61 1326.23
4275.61 1254.97
4298.28 1296.72
4043.53 1087.17
4166.81 1156.39
4735.96 1372.77
4167.85 1083.77
4936.69 1441.34
4564.43 1307.89
3930.16 1002.35
4687.24 1221.16
4332.04 1221.82
2067.39 580.541
2033.34 581.188
2342.65 630.719
2226.26 651.151
1849.37 585.145
2278.95 676.356
2001.15 614.101
2111.17 628.643
2516.37 849.101
2165.91 636.987
2336.84 788.728
2125.48 613.737
2117.94 708.025
2170.98 683.729
1932.86 651.266
2039 689.495
2029.45 633.583
1892.7 557.322
1669.17 488.918
1828.39 524.111
2179.48 677.376
1631.84 461.423
3327.63 1167.74
3688.59 1077.56
3912.76 1133.05
3580.68 946.827
4268.63 1166.67
3734.44 1147.92
3459.68 1066.09
3742.58 1040.27
3903.28 1155.47
3512.42 1046.95
3803.58 1201.84
3611.75 1081.25
3724.64 1078.07
3738.56 1115.95
3955.85 1122.15
4113.18 1215.86
3495.41 971.077
3720.91 1144
4113.15 1175.77
3866.43 1055.36
3836.44 1223.11
4124.33 1286.5
3307.95 1151.02
3494.33 983.046
3534.65 1031.85
3782.77 993.448
3671.21 1055.56
4099.95 1137.35
3667.64 1054.3
3733.88 1002.73
3723.79 1181.42
4341.21 1281.08
3930.83 1201.81
3513.03 1090.79
3910.04 1054.47
3507.32 984.59
3808.54 1073.09
5064.89 1374.35
2779.6 831.304
4790.11 1397.71
4782.02 1252.51
3226.85 846.442
3780.83 1114.36
4795.87 1490.16
