3374.77 1103.14
3304.44 918.297
3368.19 1008.86
2906.21 809.187
2737.01 798.65
3284.55 949.578
3423.36 945.816
3145.52 921.041
3094.28 886.934
3086.38 915.374
2765.6 770.092
2672.53 799.321
2862.68 849.206
2550.14 777.525
3178.05 952.324
2460.34 687.888
2972.57 822.456
3560.02 977.737
2958.11 793.62
2975.83 841.786
3298.9 916.904
3816.14 1277.95
3107.51 1048.79
3693.25 961.51
3275.24 955.614
3127.27 838.259
3098.4 791.347
3117.84 867.64
2783.69 780.786
3224.17 935.507
3137.13 915.539
3039.13 944.354
2787.28 767.637
2662.62 816.193
3094.9 849.49
3238.97 954
2690.87 779.803
2879.83 767.386
2545.92 661.976
2925.53 825.396
2579.62 662.679
2538.38 693.503
2788.73 699.107
2969.19 994.451
3937.2 1115.76
3778.16 973.596
3928.97 1180.6
3308.96 894.21
4659.59 1440.04
3931.43 1107.76
3526.12 979.766
3866.31 1130.7
4505.33 1419.81
3377.4 922.744
3591.73 1139.41
3392.6 978.941
4028.78 1181.31
3220.48 890.39
3954.77 1202.92
3177.07 808.401
4000.72 1184.24
3505.68 967.658
3325.28 861.358
3147.61 826.383
3076.7 828.734
3640.98 1099.25
2170.03 685.23
1639.88 529.249
1294.64 433.477
1370.31 457.211
1661.18 578.61
1669.01 521.033
1590.79 520.907
2253.57 728.588
1618.33 523.851
1708.93 537.117
1703.44 530.28
1401.14 506.831
1693.25 578.329
1471.34 486.153
1537.62 527.777
1616.3 537.796
1492.87 493.69
1552.41 480.824
1377.67 482.111
1714.75 531.934
1582.33 533.694
1478.25 517.998
4367.71 1196.93
3324.56 829.95
3765.3 1057.92
3117.98 807.447
3607.38 1058.2
2996.41 776.307
3468.65 981.446
3333.88 932.614
3382.76 961.683
3787.65 1171.36
4052.36 1302.78
2836.46 774.935
3300.56 1013.78
3392.59 1022.05
3702.15 1092.74
3680.14 1096.64
3435.83 947.788
3299.71 885.939
3948.77 1099.25
4113.12 1060.44
3157.94 794.777
3861.92 954.661
866.373 345.582
935.917 380.488
901.876 337.751
851.203 385.237
937.368 358.079
802.093 339.181
810.513 327.583
813.939 324.665
849.565 357.958
956.728 414.726
888.417 366.678
988.96 381.93
991.488 394.55
1229.09 473.619
991.224 374.56
954.072 379.807
928.611 361.954
1113.31 438.169
909.113 328.044
913.828 380.738
981.936 363.092
1033.59 477.783
3351.03 820.604
3353.04 815.36
3596.96 1003.36
3609.31 973.696
3375.18 907.769
3626.77 1060.69
3264.47 926.16
3716.04 1045.29
3146.76 890.649
4164.47 1277.72
3790.04 1108.38
3508.55 1021.98
3668.63 1034.01
3989.91 1129.19
3390.62 915.808
3399.69 931.393
4047.8 1162.79
2994.59 820.994
4315.17 1198.93
4004.87 1155.55
3626.02 858.833
3849.65 987.084
1706.49 496.586
1199.85 408.349
1200.29 422.927
924.666 325.264
826.847 299.806
916.756 340.991
812.196 338.242
867.787 326.109
819.138 342.312
758.412 292.185
897.068 328.069
905.847 377.999
1096.84 436.451
665.895 291.011
1122.82 409.948
606.572 251.709
928.778 352.234
709.652 251.118
994.517 371.431
867.93 342.047
877.735 318.465
1019.56 375.69
3668.62 844.459
3439.63 844.724
4293.22 1191.68
4196.29 1185.8
3980.42 1135.11
3898.17 1135.31
3341.3 890.906
4132.15 1303.54
3817.75 1073.49
4059.62 1195.21
3613.58 1045.69
3786.12 1113.46
4053.15 1284.29
4154.95 1205.09
4138.49 1246.1
4167.81 1217.84
3823 1098.97
3657.7 990.29
4752.28 1395.81
4466.54 1275.86
3284.33 847.66
3598.88 894.347
1124.58 437.806
1018.11 362.124
1093.72 452.41
937.955 362.861
1016.05 460.632
955.154 353.559
974.63 396.257
1112.83 441.197
1025.66 465.543
983.197 422.861
1124.61 482.478
918.912 375.667
949.372 461.679
1092.64 413.064
1082.5 423.296
1030.97 415.659
1079.67 424.231
1039.13 403.215
963.866 406.478
949.888 347.124
1062.07 403.892
1317.29 473.896
3748.08 925.674
3428.15 920.783
2847.32 784.905
3328.31 978.044
3469.74 1065.46
3607.88 1159.49
3456.85 1019.26
4004.74 1296.23
3544.23 1054.49
3875.77 1169.01
3822.23 1164.58
4095.68 1265.95
3436.4 953.63
4572.17 1449.32
2902.12 779.452
3967.76 1260.36
3212.77 949.447
3728.87 1110.76
3727.07 1084.83
4212.94 1115.83
3513.14 833.231
3390.08 208.372
1660.7 473.794
1141.4 330.836
792.113 294.408
887.824 363.901
870.382 359.315
720.248 279.339
840.329 306.987
1110.11 415.53
1509.93 499.248
1329.03 448.534
779.356 331.716
934.647 408.055
817.093 344.432
923.523 428.454
927.534 310.026
951.464 418.004
657.542 251.537
964.203 388.978
899.293 337.088
1077.15 401.07
1114.28 446.963
1045.7 325.127
4982.95 1116.33
4048.17 934.24
5835.41 1523.62
4508.33 1221.79
4448.27 1313.26
4342.43 1193.22
4275.23 1336.94
3350.65 979.784
3649.6 1105.61
4230.55 1222.28
4141.72 1188.3
3935.68 1096.34
4661.27 1423.81
3658.04 1036.42
4226.01 1254.57
4386.51 1209.62
4503.28 1341.05
4123.65 1147.65
4394.62 1276.9
4089.96 1247.54
4018.06 976.193
4046.46 1101.56
1342.74 531.1
1186.72 397.072
1209.72 434.784
1173.37 414.25
820.748 309.906
1201.22 422.847
893.29 398.674
1061.71 377.739
1063.09 411.854
1031.68 382.48
938.27 371.932
961.938 369.486
1038.23 438.275
1103.23 458.768
1095.24 412.786
1064.35 393.39
1261.94 495.341
952.688 358.835
938.325 372.845
977.215 386.859
1029.04 332.989
1131.79 346.515
3511.19 824
3469.41 820.093
3317.42 962.82
3133.43 868.905
3103.95 878.072
3387.77 1032.86
3305.4 953.893
3332.15 1004.52
3411.57 986.156
3553.23 1057.17
3433.63 1024.19
3763.72 1209.43
3259.95 921.773
3675.65 1051.25
3821.72 1076.64
4151.23 1187.74
3380.1 979.633
2862.83 806.087
3251.37 913.691
3467.75 950.358
3576.97 832.332
3516.19 781.817
993.205 321.996
799.613 242.152
918.282 317.012
635.81 259.681
608.291 240.834
1254.67 412.942
631.366 279.988
777.746 339.39
674.778 295.69
697.075 319.396
915.918 347.357
726.125 295.25
657.581 266.986
863.46 383.269
843.304 335.258
849.858 336.646
701.077 312.401
1150.77 419.12
647.721 259.516
655.796 243.478
812.463 271.89
932.032 308.148
3417.7 770.319
3669.45 869.911
3551.68 916.046
3434.89 910.457
3946.77 1161.66
3404.15 976.872
3589.72 1004.39
3370.16 943.729
3067.41 871.534
4021.72 1196.58
4033.34 1180.05
3143.19 859.202
2814.94 830.103
3064.16 876.946
3288.12 975.12
3207.96 903.318
3628.54 1038.81
3551.52 935.212
3585.38 917.128
4198.77 1121.93
3384.76 797.743
3942.23 847.679
998.183 294.969
1003.75 296.593
895.188 332.233
936.172 326.964
1113.8 397.286
1025.54 320.806
911.497 326.711
985.134 388.266
790.564 275.835
743.112 279.164
731.348 305.394
1047.04 412.578
970.745 349.65
912.323 316.475
997.913 361.317
970.292 370.698
873.315 306.364
1069.93 370.034
1081.09 356.488
1082.56 380.194
886.638 257.728
967.982 269.452
4721.91 1132.53
4209.55 1152.52
4488.47 1213.94
4768.24 1503.01
4774.99 1413.84
4395.44 1382.03
4586.54 1441.29
4047.26 1268.41
3996.55 1231.11
4344.78 1425.1
4728.64 1427.44
3966.84 1111.9
4678.4 1576.78
4428.74 1416.58
4239.48 1278.47
3967.62 1172.44
4525.34 1443.2
4457.87 1366.09
4047.6 1296.67
4380.44 1204.86
4819.44 1210.79
4597.77 1568.38
872.331 325.939
1292.74 489.731
1092.53 369.781
1209.61 422.38
959.267 357.003
964.989 401.168
863.207 362.892
1178.56 515.082
884.458 365.397
1130.22 493.237
949.252 365.869
1015.45 394.555
1315.63 545.444
1513.56 563.991
1029.41 391.218
1203.88 499.922
1010.99 424.763
1280.17 473.05
1200.24 421.95
1070.38 458.706
1135.74 414.27
1191.34 447.76
3827.91 953.085
4365.1 1074.92
4168.91 1057.95
3654.3 926.685
4630.6 1338.84
3578.61 930.705
3854.56 1131.2
3824.39 1162.91
3852.04 1136.4
3805.08 1109.46
3932.96 1171.75
3742.84 1054.67
4230.44 1252.55
4105.75 1177.72
4010.05 1133.14
4581.06 1337.34
3850.73 1084.61
4557.16 1208.12
4340.37 1206.33
4108.95 1080.99
3947.78 970.127
4022.32 889.185
814.229 299.577
750.974 288.981
835.307 327.157
736.628 270.971
828.062 355.15
715.862 263.151
805.744 320.677
825.017 312.785
909.734 386.017
686.223 285.926
737.917 303.352
748.26 280.193
876.143 354.434
815.327 328.822
813.464 309.865
893.435 371.543
1083.74 379.932
867.471 323.03
868.578 336.778
803.475 298.492
935.497 345.852
847.101 292.669
3764.03 1077.36
4403.98 1276.44
3478.78 911.529
3261.5 915.672
4155.45 1220.05
3826.42 1002.75
4199.82 1294.19
4220.27 1202.16
4270.97 1349.93
3382.72 1027.24
3666.94 1093.83
3951.18 1173.92
3600.54 1000.34
4671.87 1416.55
3325.29 879.028
4035.98 1279.49
3507.46 959.618
3826.73 1115.47
3791.26 1054.12
3682.6 988.948
3829.89 1088.56
4463.1 681.744
1028.91 421.515
909.033 309.137
1086.16 374.752
1077.87 389.67
1037.57 455.531
1080.56 407.454
1029.71 394.46
1027.56 425.811
1136.29 514.103
999.449 366.531
1022.18 477.042
1061.08 455.611
801.716 293.145
919.098 338.048
1153.64 445.419
1100.7 470.368
1092.19 393.83
1106.55 476.381
1170.03 490.013
1097.24 401.389
1094.8 418.154
1254.3 518.984
4748.97 1303.18
4062.05 1070.98
4949.22 1398.84
4279.2 1119.82
4599.61 1203.52
4364.11 1224.94
4421.67 1271.07
4254.98 1184.9
4474.64 1299.89
4096.69 1194.51
4523.96 1277.87
4159.37 1191.9
4210.12 1246
4004.3 1140.26
4142.19 1166.04
4656.38 1377.16
4212.81 1139.72
4778.26 1372.48
4467.25 1316.16
3908.25 993.181
4728.91 1280.45
4214.86 1216.38
2002.46 557.968
1995.56 586.759
2351.21 706.764
2190.68 623.894
1817.31 581.557
2245.9 667.466
1964.29 617.456
2075.14 620.122
2267.71 686.904
2171.82 701.353
2294.18 755.438
2121.81 658.011
2128 698.437
2147.74 685.532
1921.6 625.709
1993.03 665.153
1981.22 589.405
1893.15 572.25
1644.88 488.749
1821.92 497.57
2159.8 655.619
1634.57 491.639
3153.78 1108.36
3695.94 1067.25
3801.58 1051.26
3564.69 959.78
4197.51 1211.16
3677.79 1126.68
3390.16 992.925
3730.08 1098.17
3912.19 1190.59
3391.07 976.719
3750.11 1144.35
3615.56 1071.75
3705.13 1069.73
3680.76 1053.61
3905.54 1113.77
4084.59 1204.83
3420.43 953.614
3685.97 1105.99
4018.64 1122.61
3829.32 1086.68
3714.6 1103.87
4024.78 1296.38
3205.14 1170.21
3448.45 937.23
3483.26 991.044
3794.75 1024.38
3649.98 1069.84
4037.17 1082.43
3652.75 1011.54
3690.89 981.707
3625.66 1110.99
4270.82 1232.21
3963.95 1184.22
3447.32 1022.52
3881.45 1088.16
3462.49 975.878
3769.71 1088.68
5148.99 1494.05
2713.54 765.272
4702.77 1353.76
4831.75 1333.94
3198.83 867.249
3695.09 1077.31
4796.19 1597.96
