802.709 258.503
769.869 209.627
790.081 252.661
688.831 201.974
654.391 203.648
795.775 233.808
815.76 235.193
776.025 223.826
754.66 219.792
763.661 228.593
672.535 184.686
696.962 215.844
737.163 214.465
622.496 191.858
801.163 244.249
619.171 182.868
722.073 207.536
898.115 242.767
730.387 194.05
681.023 189.391
756.436 226.779
895.669 297.047
704.166 227.299
858.969 232.536
777.387 247.685
729.068 193.062
749.156 201.365
752.127 214.319
657.335 180.39
768.214 218.494
753.987 224.014
723.822 232.123
674.249 177.679
619.728 197.945
764.632 210.142
786.487 230.319
669.255 197.342
682.026 186.096
634.84 171.998
688.711 195.164
638.818 171.429
610.944 167.524
689.208 177.056
681.096 215.517
908.08 271.2
896.719 234.242
899.321 270.499
784.895 200.947
1087.53 336.328
945.62 275.44
864.001 259.452
924.339 273.728
1068.57 347.869
822.733 221.646
866.043 277.193
792.056 238.034
982.65 283.339
773.459 217.44
950.211 296.83
761.072 198.578
1006.43 292.615
842.422 231.169
780.316 204.751
752.331 211.009
729.154 200.212
843.571 240.141
533.866 172.447
406.763 138.839
329.718 115.141
316.244 114.314
410.321 155.456
391.287 128.128
401.217 132.135
565.02 177.706
420.266 134.214
401.249 129.28
441.984 147.204
329.589 124.707
413.475 139.113
356.818 123.56
373.485 132.737
389.136 132.507
368.408 126.669
348.451 108.401
328.199 115.545
402.397 133.787
372.628 133.104
359.668 114.457
1007.13 259.535
768.771 191.951
879.017 244.041
761.359 214.984
842.915 238.885
695.957 183.929
808.715 231.957
813.556 234.57
817.818 245.178
896.367 260.918
929.493 314.566
693.122 205.601
787.726 263.542
840.298 259.695
868.915 271.975
891.117 268.245
837.2 237.125
809.586 225.32
966.737 273.292
984.927 251.115
753.011 192.316
922.954 228.792
211.19 77.8235
230.155 94.9593
220.988 90.5434
201.612 93.6653
221.915 92.0901
193.417 90.2638
191.549 80.3678
198.604 86.891
199.022 87.1714
229.046 107.647
214.057 96.1747
231.936 100.387
245.212 107.241
291.846 114.661
251.721 95.4436
225.552 93.3394
213.605 85.4574
258.743 100.543
212.61 90.947
217.254 93.0436
229.018 84.1876
214.579 0.0161196
848.806 224.408
819.713 223.64
871.569 236.87
857.598 239.279
836.777 229.397
877.048 253.089
819.297 226.957
912.767 253.608
753.986 212.906
998.349 316.792
916.547 262.005
824.065 252.323
868.331 243.326
950.161 279.221
813.187 227.158
799.637 221.502
938.874 288.512
694.552 192.565
1005.73 282.454
885.284 252.621
839.018 215.168
693.071 148.332
414.374 137.945
310.743 103.402
300.365 104.533
214.874 78.5596
192.488 80.8971
230.42 87.8761
191.916 78.9945
210.559 77.6377
198.763 78.8246
187.831 76.8329
212.369 86.7065
218.886 97.5886
267.796 104.616
157.995 68.7869
272.372 110.766
151.749 62.8772
220.957 89.9879
169.789 65.9308
238.669 96.5229
208.414 90.4092
211.987 86.1733
236.279 96.0499
888.59 190.685
822.848 215.495
1028.18 317.815
1014.14 306.394
964.849 287.778
969.325 292.017
830.48 229.362
974.651 296.163
934.096 265.84
999.619 304.098
886.729 253.698
896.675 268.236
942.576 316.66
969.799 308.032
941.684 273.591
994.439 303.252
890.671 256.676
850.485 226.455
1101 322.617
1015.76 312.427
763.59 198.933
810.727 182.007
232.314 126.398
237.72 84.9693
248.443 100.951
211.749 99.2781
232.92 103.677
221.116 83.1482
221.529 95.0619
271.798 107.029
242.047 124.202
230.076 102.4
266.794 121.741
217.042 93.1725
214.344 114.397
259.983 103.336
254.226 105.156
244.584 105.578
249.339 99.6903
247.132 99.6356
217.455 98.0711
218.753 81.9094
235.609 94.1338
300.547 113.683
829.776 226.45
802.759 233.982
704.775 198.096
809.767 247.517
799.802 265.8
803.084 254.46
795.817 242.735
899.434 300.074
851.993 263.729
967.876 294.175
881.131 253.192
1012.4 315.683
852.859 256.341
1120.49 365.367
703.329 194.941
915.744 294.11
781.539 231.59
878.525 263.418
901.201 259.515
1013.97 265.191
862.467 199.401
656.339 190.625
400.728 123.599
293.551 89.6053
202.854 77.7661
211.36 88.29
223.614 90.139
179.26 73.5747
211.809 83.9866
288.609 105.462
382.526 128.843
346.34 119.115
197.075 91.8653
228.636 103.762
217.622 87.5875
222.587 111.524
237.398 83.7041
216.126 101.318
156.841 57.5677
216.748 103.943
202.225 78.0935
243.874 111.135
246.027 104.967
251.361 92.4288
1124.53 260.477
954.132 233.263
1276.07 318.522
1083.98 297.381
1024.9 301.852
1048.97 299.838
1006.1 325.308
795.522 256.415
855.361 254.33
1000.38 301.991
969.332 290.861
971.349 274.679
1100.88 346.724
878.54 256.07
1051.2 312.176
1058.05 301.642
1096.22 320.407
964.346 283.599
1066.06 303.596
916.841 299.769
941.546 241.161
950.819 259.14
296.718 96.9676
277.407 100.215
292.315 110.239
268.061 112.078
203.368 85.2911
285.44 107.955
218.91 104.598
254.499 99.8589
254.737 105.028
244.705 97.6485
223.413 91.1583
226.739 96.9648
243.811 115.109
257.518 118.695
251.053 108.632
245.51 99.1997
295.655 122.087
219.199 81.8784
213.665 94.7309
221.056 93.1929
225.56 68.2632
291.171 120.22
790.704 179.056
772.29 182.232
748.503 213.018
724.063 207.848
710.241 194.81
786.512 245.493
742.965 225.63
757.997 236.298
800.899 238.805
830.85 260.326
806.796 256.401
914.28 336.656
807.498 230.112
871.45 254.95
932.418 271.652
1003.66 296.074
826.517 242.028
698.187 195.638
772.552 229.304
826.692 220.84
868.735 207.038
612.805 166.906
231.521 73.719
189.545 75.8532
194.536 156.76
156.445 68.0917
155.313 66.4385
305.496 105.558
154.626 64.8337
176.366 78.2716
150.949 68.0799
169.815 84.57
228.162 92.8393
182.694 80.8582
152.609 64.2072
192.754 93.8599
197.226 88.6776
211.227 90.1481
153.528 79.077
290.522 109.462
146.591 64.071
149.591 59.2036
178.829 66.9181
219.882 81.9802
773.664 141.074
838.651 213.958
788.552 198.198
791.436 217.145
873.776 269.661
780.742 227.966
830.691 235.34
776.003 220.513
692.456 206.052
900.167 274.117
916.329 272.925
794.7 231.699
695.912 209.117
790.022 241.488
818.577 242.641
819.852 238.663
882.967 248.112
894.838 235.818
907.588 241.743
973.356 247.252
842.363 203.28
973.988 220.494
197.011 18.4135
220.872 72.8859
204.413 85.1
220.528 78.6524
274.26 95.6588
250.559 86.1281
221.587 85.2858
255.054 99.9333
197.724 65.0503
181.185 78.5839
179.293 74.3766
242.275 102.949
230.442 88.1176
210.964 84.2713
232.417 90.1426
218.493 93.1123
212.779 80.5592
248.019 90.7295
249.698 85.4418
251.097 97.895
197.164 66.9835
228.535 76.4239
1036.54 256.076
921.526 254.921
971.802 301.868
1006.72 312.858
1055.46 321.183
972.461 303.773
1026.74 344.152
898.949 289.832
895.397 294.709
939.982 305.47
1066.67 332.91
919.253 269.455
1035.85 359.081
972.33 312.154
980.079 313.52
878.673 268.39
985.705 315.397
947.582 292.584
888.93 320.339
975.805 262.144
1032.32 264.662
1101.76 260.431
199.944 88.4948
296.807 101.129
260.591 97.0291
303.124 111.253
223.971 91.3183
216.367 88.5145
190.148 82.9181
279.184 127.527
214.179 86.6801
281.784 130.617
218.444 93.9157
229.657 93.5332
311.359 123.998
362.761 139.342
227.322 95.4279
265.966 113.613
223.754 107.815
323.114 125.621
295.711 107.757
235.334 107.767
248.387 106.882
256.555 104.426
841.735 224.239
992.583 236.418
974.554 265.247
826.066 217.608
1009.83 318.236
860.863 232.436
852.562 257.278
868.142 258.894
858.431 273.962
881.954 278.431
863.798 266.132
858.849 256.095
914.775 278.438
932.403 278.759
913.717 271.131
1044.21 319.341
869.923 254.391
1032.67 292.371
975.184 266.387
919.124 249.121
892.488 240.975
689.585 232.78
184.269 149.797
178.529 67.3528
198.673 82.8477
174.846 68.1415
195.8 88.4673
168.695 70.7628
191.918 76.8628
198.252 83.4217
219.087 92.6994
157.546 72.0217
173.046 71.6128
173.627 69.8975
198.119 84.1667
179.706 79.7822
190.586 82.4388
189.285 83.0939
245.89 92.2484
183.439 78.7289
190.558 78.6612
175.832 71.927
198.311 76.9932
181.077 63.0292
757.566 193.499
913.483 272.769
755.057 201.158
682.661 192.162
903.622 264.61
866.918 231.744
903.53 277.663
923.064 269.054
948.585 312.643
735.814 235.078
822.046 244.493
881.391 257.747
835.163 251.848
1014.56 293.119
736.262 212.884
867.419 279.643
799.425 220.951
820.753 255.987
853.179 261.132
825.229 237.641
833.087 245.821
982.46 265.027
226.423 90.4336
211.46 74.9663
250.214 97.2371
258.24 100.138
212.435 105.285
228.013 93.3749
216.161 85.264
216.319 103.781
256.857 126.117
237.756 92.5507
235.452 118.325
228.591 101.886
188.195 73.0054
203.594 81.1554
244.661 108.421
245.136 114.894
243.4 99.6089
236.279 108.852
240.143 113.179
237.383 102.198
234.773 92.7072
258.281 103.339
1027.69 291.021
925.005 259.907
1055.91 297.158
919.114 244.087
1070.82 295.342
960.745 272.317
971.839 282.834
961.881 289.803
974.274 298.75
978.866 302.978
1045.38 302.467
929.151 285.906
949.957 294.042
872.612 266.887
896.146 269.34
995.532 291.763
950.674 273.582
988.243 301.562
939.948 285.188
846.062 232.004
1026.44 285.577
830.512 257.539
436.268 163.6
438.129 138.969
521.918 172.733
472.5 143.451
390.242 134.363
490.205 151.154
433.125 143.944
487.676 151.032
505.393 167.245
444.468 157.461
487.769 165.608
462.13 156.843
464.894 165.188
461.209 154.672
418.082 157.583
400.715 141.57
416.415 137.958
388.266 126.962
358.817 106.957
403.854 120.11
417.796 146.642
332.94 107.056
652.714 225.36
762.556 226.114
794.559 220.011
743.476 208.189
829.471 255.231
731.97 238.651
731.859 235.051
793.724 240.273
835.476 256.382
712.936 221.857
795.791 254.725
783.508 251.409
787.905 236.162
787.304 240.472
825.225 245.242
843.217 254.164
751.901 231.696
763.182 242.596
813.845 232.986
777.35 221.012
738.149 228.335
748.626 258.436
637.502 214.482
718.275 202.827
706.596 205.577
760.522 223.519
775.589 242.624
859.423 253.323
778.375 222.297
818.541 226.295
754.961 259.745
895.448 268.629
859.072 266.839
728.201 226.313
811.159 231.076
763.008 217.147
775.799 248.379
1013.37 298.102
574.521 176.012
942.92 297.6
953.366 264.632
668.167 188.264
753.835 235.459
900.614 321.517
