620.38 221.779
605.655 172.32
586.9 183.511
528.767 160.019
504.815 157.981
623.999 197.096
646.967 176.078
616.802 191.171
582.177 170.895
604.755 185.18
534.178 158.939
564.223 178.341
583.29 173.165
487.408 151.199
628.876 195.366
494.65 141.277
564.02 170.149
712.414 205.05
589.943 169.033
519.9 160.076
589.897 186.8
714.843 247.634
575.535 203.23
670.755 175.025
637.966 206.57
569.604 162.917
595.453 162.26
604.477 183.999
517.929 156.382
591.401 176.496
603.414 168.955
563.281 197.206
541.411 146.152
469.845 153.779
624.583 174.554
607.433 186.638
500.105 155.541
510.699 134.184
502.326 137.771
530.953 153.897
500.793 131.947
481.067 147.522
557.206 154.209
517.536 195.376
736.325 247.394
732.32 210.695
725.572 241.273
642.902 169.991
853.485 275.025
763.344 219.94
707.654 202.184
760.586 242.603
846.367 271.035
683.781 186.872
697.379 228.682
645.269 206.462
770.668 218.706
619.956 178.322
785.658 278.729
617.99 168.975
796.69 250.647
683.478 212.078
633.778 168.254
610.213 178.826
588.543 169.951
695.103 233.16
453.353 166.046
350.848 121.043
300.348 108.58
244.123 94.8771
343.578 124.139
300.232 112.549
341.618 115.852
482.546 178.92
375.095 119.766
323.664 113.021
382.229 121.615
276.901 115.614
322.543 116.508
276.518 94.7814
318.985 115.169
302.297 110.146
278.462 107.616
281.37 103.943
253.953 108.084
310.556 116.17
286.285 113.991
319.021 111.841
747.736 205.398
606.093 155.727
685.237 209.4
598.261 177.314
636.674 178.393
540.233 138.322
634.488 186.634
620.975 185.58
648.828 202.07
699.205 224.05
695.247 253.892
565.95 177.635
618.208 210.527
678.858 237.821
661.139 224.223
696.231 209.574
670.203 189.52
657.992 184.493
759.039 239.506
794.466 209.476
602.329 171.535
560.527 182.962
164.233 63.1601
184.63 77.6814
170.25 77.2199
148.615 89.09
173.091 76.2541
150.335 70.8292
142.546 68.7131
153.249 72.683
155.969 67.4819
178.079 83.7353
171.332 88.3749
184.015 80.0894
192.939 77.3366
229.035 103.768
208.01 76.5089
169.665 78.0711
175.382 76.2864
211.159 87.9981
170.632 79.5877
160.778 69.0752
188.852 81.8009
162.863 65.3979
657.907 140.597
648.936 189.382
710.115 214.355
672.501 201.997
663.047 188.155
703.433 205.674
647.312 203.725
729.171 224.907
576.925 164.302
780.173 277.218
723.992 228.147
663.405 207.48
715.79 214.949
789.196 232.004
652.845 182.993
647.078 205.399
753.543 226.298
535.157 158.543
810.213 231.052
706.004 217.285
655.839 181.15
554.114 119.773
337.757 119.929
272.845 124.69
263.756 142.987
169.252 67.1708
154.946 68.3343
199.372 74.4809
148.644 64.5676
161.513 65.1203
168.058 86.5969
161.959 70.8116
168.147 70.3831
167.274 78.8413
198.243 91.7812
133.908 72.0654
199.122 88.4213
121.127 54.7124
169.518 69.3246
124.855 62.0779
186.897 82.0297
162.653 70.8072
164.008 84.0137
167.591 37.7422
742.573 205.925
650.336 183.367
812.87 245.361
832.158 243.891
759.509 230.648
813.035 253.396
665.87 193.99
752.54 237.587
745.904 221.147
808.422 237.261
720.283 220.29
726.57 227.71
743.217 240.897
762.81 260.296
749.375 224.763
786.128 257.698
688.816 204.77
683.762 186.082
874.049 259.166
843.406 268.641
625.66 187.647
633.039 160.743
183.647 116.19
190.721 66.263
191.087 102.858
161.104 81.2234
166.168 89.0124
184.197 84.6318
174.893 82.8225
218.846 95.656
189.873 110.664
187.321 96.496
203.925 103.955
172.33 80.098
164.955 104.145
203.733 94.6208
203.926 90.2103
186.231 89.7621
193.866 70.0271
188.864 81.7584
172.111 98.8398
169.8 74.5231
190.664 95.1965
218.549 73.8945
644.42 186.601
610.376 161.776
647.332 206.402
635.016 200.248
623.641 218.586
593.798 199.55
593.099 188.41
668.668 235.03
676.606 205.88
779.716 249.568
699.06 210.35
788.699 247.758
635.934 194.907
848.563 261.157
542.033 164.001
664.294 212.815
603.81 182.423
665.535 217.754
698.113 220.775
781.871 193.327
658.458 150.165
694.81 260.554
331.772 103.788
257.742 92.2121
179.352 85.3206
190.514 89.4301
189.257 83.5121
152.915 70.7252
179.386 73.5766
241.571 95.478
347.789 127.631
305.511 118.986
168.551 70.5355
195.157 98.754
188.854 89.6089
191.168 81.8207
211.295 82.6884
164.82 70.1354
119.448 51.9203
155.739 87.2516
147.478 65.7694
188.825 79.4096
185.211 95.2908
185.839 54.4917
871.89 163.19
768.329 200.225
1015.68 290.955
873.365 243.397
822.644 249.674
828.862 234.262
780.521 249.641
638.217 211.86
681.82 240.37
787.292 236.596
772.063 230.484
779.918 236.334
865.51 284.703
684.524 203.194
841.678 259.741
835.196 249.28
844.46 282.901
733.362 213.027
862.767 264.754
738.601 264.684
763.646 189.114
738.925 180.947
230.69 112.133
214.769 70.7022
214.215 84.1382
209.84 93.2212
172.953 78.3329
228.764 95.3151
173.397 87.8977
198.941 79.4319
196.408 96.6839
193.735 94.1635
173.242 75.8498
168.728 78.5949
186.305 93.5376
210.776 95.9912
187.538 79.6583
184.2 84.3132
220.393 106.153
160.981 71.8754
164.152 82.1038
167.527 87.0794
167.967 66.8507
186.037 113.177
624.072 169.45
630.608 172.498
584.032 181.84
579.542 171.67
554.283 169.303
606.473 195.638
565.183 184.243
562.341 175.156
624.761 197.808
664.964 222.808
648.337 199.077
681.054 242.662
630.28 200.387
678.763 213.631
707.721 208.887
790.616 237.658
645.547 198.257
539.064 161.616
598.027 174.714
639.818 187.699
703.445 174.687
645.203 241.951
203.286 97.6738
157.455 52.3544
196.689 73.1112
131.06 59.5859
134.63 58.2075
255.858 102.613
126.431 64.9356
129.716 69.3879
109.285 71.3444
148.681 77.1018
192.857 86.3917
163.866 69.7934
124.499 59.851
141.472 77.6264
146.591 77.5836
163.09 69.4597
115.261 55.1967
250.981 100.974
109.543 51.9135
117.174 55.8853
141.498 55.9266
191.319 84.062
627.423 181.656
629.465 141.024
604.304 163.126
605.69 166.322
667.642 215.992
606.115 197.014
653.957 185.841
612.665 184.468
545.294 176.041
677.256 207.069
715.44 243.066
638.761 184.931
535.918 159.112
634.637 219.882
657.13 226.909
669.03 200.775
694.775 201.537
714.788 176.949
724.572 196.595
768.866 247.076
742.43 205.234
756.469 183.482
183.478 66.5788
180.668 65.4602
148.797 60.818
157.363 60.7656
211.459 77.5626
190.54 66.3932
165.291 69.4926
209.18 92.7133
169.694 64.6712
142.901 64.0781
134.21 61.6059
184.001 76.4541
171.79 71.706
159.104 70.194
182.114 77.0032
164.053 81.7121
169.563 65.9434
186.88 63.1558
199.156 79.8485
188.549 81.5335
150.806 55.504
160.967 122.896
795.725 244.675
773.471 235.522
751.025 229.391
814.764 263.013
831.275 248.741
772.846 265.872
803.475 267.384
722.923 272.528
719.802 237.139
715.515 267.147
853.5 279.302
744.483 232.344
825.174 312.29
811.87 321.491
813.39 262.671
704.681 242.355
764.436 279.743
753.968 261.068
737.339 254.74
762.411 199.423
801.266 197.08
929.791 257.346
165.714 57.0955
247.728 90.7111
221.085 82.6958
272.503 99.3968
190.706 74.0202
185.025 96.0812
154.09 60.7284
239.303 102.993
182.127 94.2519
242.039 112.58
179.137 88.4956
180.9 80.93
265.852 138.905
313.033 127.243
186.922 96.9349
196.081 96.058
172.105 76.2955
278.189 110.369
260.541 102.201
183.863 100.875
194.237 100.504
198.843 79.6104
689.511 182.351
820.331 210.894
781.984 215.668
659.286 182.483
793.952 238.441
695.212 207.479
681.113 226.082
679.878 225.559
710.625 232.984
688.784 215.751
688.153 218.873
710.519 239.251
726.931 225.153
746.768 228.855
756.941 237.171
858.809 286.962
712.662 223.555
825.354 232.277
780.087 235.76
778.907 228.139
720.632 177.96
732.752 274.782
144.601 53.2989
135.599 70.7658
142.912 68.6912
132.488 62.7832
141.285 77.2772
126.107 67.1037
143.467 70.5777
136.581 73.8174
162.585 79.0607
108.36 61.367
121.789 60.9718
140.677 61.8082
159.49 65.6308
131.989 54.2081
152.41 66.0325
144.466 64.1819
194.464 81.0324
146.557 60.1581
147.937 81.949
144.879 65.3046
154.346 85.1943
144.749 44.5181
639.868 191.713
749.28 198.499
619.415 176.4
558.207 175.072
706.607 230.781
710.302 218.363
737.897 257.189
740.812 218.684
763.226 265.783
603.89 187.016
661.465 224.348
699.796 226.676
672.573 226.544
786.649 241.301
586.019 167.822
675.796 224.134
630.691 170.504
649.057 203.021
665.232 196.598
686.848 226.578
670.87 184.234
809.059 303.397
264.738 161.708
177.491 71.8971
220.155 77.8961
220.189 86.3224
169.52 99.3492
177.428 77.7641
167.854 86.6727
172.992 91.391
224.878 101.686
196.955 86.8991
195.802 100.278
161.582 101.369
157.446 64.7624
155.294 68.6083
174.029 93.726
192.031 91.0737
186.732 78.0495
184.095 80.9917
193.658 116.115
183.955 86.4257
184.911 85.6254
209.298 73.5151
802.222 196.567
777.855 221.292
883.618 264.789
733.619 219.453
897.755 238.622
777.698 235.317
782.556 233.279
799.701 256.008
758.949 225.829
795.818 245.344
847.895 245.614
748.148 218.884
798.644 246.772
693.672 221.502
716.34 229.9
797.841 244.241
788.456 240.954
780.558 249.104
789.372 247.037
702.021 199.782
853.509 306.837
673.27 233.916
360.087 135.033
348.974 103.077
421.665 157.189
369.701 120.751
331.08 122.618
396.894 125.353
342.127 130.831
397.547 132.251
417.008 145.863
357.648 132.344
380.158 124.631
371.88 142.709
378.692 142.37
377.216 130.365
354.09 146.149
319.13 120.95
338.536 121.953
308.256 124.061
289.663 97.3822
323.56 95.6861
329.268 139.905
274.802 85.7174
511.867 152.639
629.703 314.694
640.748 181.875
601.495 182.448
652.606 214.874
591.247 195.984
596.272 187
640.061 217.43
667.729 238.096
564.657 169.817
645.97 203.508
648.028 209.135
622.889 188.193
649.963 201.447
698.458 230.204
707.318 205.669
628.971 201.091
607.271 184.916
663.592 200.528
646.827 180.548
610.706 193.891
608.118 227.091
508.904 184.69
619.991 185.402
550.795 157.489
616.831 182.503
613.28 196.176
660.101 189.997
609.411 182.503
634.667 186.661
581.237 191.599
693.39 232.051
672.592 219.812
600.434 191.676
645.034 210.841
625.415 188.443
618.048 165.274
812.844 243.731
470.589 143.58
741.859 239.635
772.765 236.802
554.431 164.77
596.08 174.358
703.863 228.924
