602.348 285.448
760.321 298.574
811.547 247.499
711.546 213.319
675.06 205.174
818.337 247.367
828.344 234.368
785.183 224.366
769.044 212.792
775.665 235.661
684.564 184.816
707.751 214.615
749.671 211.095
637.594 199.964
821.822 256.768
634.062 185.29
745.288 219.454
919.876 248.263
741.098 201.403
696.956 185.156
780.598 234.464
932.649 311.823
724.499 251.409
889.663 241.929
805.161 264.369
752.165 199.784
771.735 196.556
763.065 219.946
670.939 184.453
788.776 217.359
771.118 223.742
740.057 241.158
686.118 179.907
645.696 211.686
776.163 210.968
801.899 230.325
690.862 204.331
700.74 183.774
649.282 178.508
707.512 186.957
654.878 175.73
628.757 173.371
704.036 172.66
697.827 232.046
934.478 284.855
903.515 227.923
938.629 297.457
795.646 189.065
1117.94 349.097
962.024 269.871
881.536 260.557
951.912 277.036
1090.74 351.996
840.204 224.262
886.481 286.384
808.205 242.46
1004.22 293.079
791.86 219.63
962.963 291.458
775.198 193.808
1036.49 304.181
862.97 222.592
808.321 217.176
767.019 211.169
745.083 212.036
859.87 239.91
526.91 158.382
407.817 131.508
335.492 118.08
332.37 121.651
420.987 161.913
402.66 131.716
406.548 135.591
572.025 179.779
422.112 131.204
409.901 132.248
447.174 148.279
346.865 134.119
421.158 142.254
365.825 126.153
377.283 135.918
392.862 128.465
381.431 127.439
354.193 109.538
341.402 112.77
412.396 130.156
373.343 133.979
346.097 23.3954
1020.24 256.306
785.706 196.228
902.758 261.522
782.022 228.134
861.603 240.162
708.001 186.445
834.103 243.266
828.802 235.665
831.217 237.7
913.716 256.854
963.296 328.131
705.44 206.328
790.024 256.754
858.132 263.25
900.8 278.575
910.406 264.787
856.873 246.34
828.01 229.984
998.179 287.26
1006.92 253.082
778.899 200.522
955.832 242.555
207.341 71.078
242.602 99.8362
225.667 92.6951
209.623 95.9353
223.721 95.5712
197.552 85.3369
192.129 80.052
204.983 94.6925
201.207 86.0724
233.196 105.705
222.685 93.9439
239.387 102.427
249.277 105.392
296.89 121.529
254.877 94.2303
230.629 97.5432
212.267 103.453
262.254 104.911
219.988 93.4658
227.011 95.7268
232.305 84.9291
217.5 88.1894
872.558 227.733
835.225 225.453
905.818 254.528
876.023 239.485
856.206 232.862
900.273 272.001
834.467 220.549
938.185 251.051
776.409 216.35
1031.4 324.335
936.321 258.878
845.072 253.194
898.616 249.46
977.058 280.545
834.825 230.642
822.815 229.449
959.415 291.85
715.896 198.628
1035.53 304.128
933.732 272.781
860.309 213.174
886.366 211.264
424.726 116.555
314.486 97.0438
304.09 102.495
219.834 79.9405
198.776 78.5504
230.678 84.9908
198.586 83.9684
216.366 76.3609
204.178 78.2742
192.179 75.4831
215.674 82.1404
224.339 101.903
277.336 102.644
164.608 70.1832
283.906 117.493
156.441 62.9652
227.685 90.6659
174.828 69.7001
241.496 91.399
213.722 93.5109
217.873 89.7843
247.363 91.6969
902.738 193.341
847.03 211.973
1046.34 328.725
1036.43 314.352
980.056 293.81
992.094 291.149
850.374 234.228
1001.29 301.022
961.905 269.858
1024.08 301.846
906.329 242.519
912.854 270.376
984.25 336.314
989.068 311.639
973.261 297.566
1016.91 301.901
914.293 253.48
821.747 304.906
1090.92 418.932
1047.71 315.1
788.515 212.405
811.515 198.051
236.595 191.472
249.996 86.6461
255.763 102.09
219.478 96.9117
239.623 113.256
226.348 89.7151
226.112 97.7472
281.034 112.005
253.005 121.285
232.788 102.74
278.148 126.398
223.745 99.2274
218.566 105.278
268.083 107.76
261.231 108.48
248.653 106.793
250.193 104.836
250.811 98.4061
222.207 99.2598
227.161 83.1831
238.711 94.698
337.02 149.403
852.239 220.503
829.616 244.481
711.804 204.205
835.273 258.487
807.743 274.662
833.862 262.111
817.292 251.516
916.734 296.152
871.398 269.814
981.523 290.024
900.434 245.921
1021.61 329.249
870.582 255.321
1145.02 366.249
731.714 205.505
940.187 298.412
800.653 233.524
906.253 265.386
924.365 282.043
1032.72 259.657
885.424 212.303
886.845 215.709
409.335 109.518
343.996 99.9152
208.166 82.7881
214.551 87.2241
228.56 91.8048
183.324 78.3264
216.817 84.4714
293.95 108.398
384.295 132.143
351.925 116.081
198.4 92.8989
229.978 101.125
218.344 86.0635
226.066 103.703
241.057 82.1998
220.73 92.8778
160.188 61.2075
222.458 107.745
210.869 87.2615
253.393 101.456
251.003 106.256
242.935 15.236
1169.65 233.395
972.461 227.377
1298.47 314.612
1104.92 316.013
1048.23 305.82
1074.57 310.486
1022 322.393
789.282 303.854
879.104 262.353
1033.44 323.862
1001.18 306.967
994.493 284.535
1137.78 354.806
906.838 261.101
1076.36 320.518
1079.58 312.774
1125.23 332.745
995.701 285.062
1095.94 328.145
968.91 311.844
1144.71 827.375
969.709 262.921
311.346 100.936
286.436 99.9654
302.137 110.141
276.103 118.317
208.608 86.4806
292.112 110.143
228.345 106.92
265.078 101.457
261.8 99.7913
248.025 101.742
229.426 92.1335
231.637 97.5217
252.051 114.29
265.596 119.732
257.427 108.6
255.645 104.788
306.85 129.752
225.215 85.8649
220.154 94.4167
227.497 100.75
233.037 68.3104
271.506 85.4043
843.321 311.706
783.276 184.932
786.165 245.636
750.288 222.137
728.62 200.686
808.702 247.375
770.764 238.613
776.751 239.567
811.192 239.488
852.541 275.18
831.188 261.123
939.638 340.023
826.423 238.597
902.777 268.85
958.733 281.232
1027.37 300.171
846.997 238.95
717.264 203.688
791.332 238.776
847.885 229.457
870.045 188.978
825.473 193.974
228.343 70.9138
196.009 56.3345
238.927 90.966
156.772 68.4169
157.729 68.0658
306.709 106.075
155.725 69.6608
180.487 81.6224
155.169 70.043
176.222 82.1715
230.654 93.4431
185.048 78.6143
157.142 65.614
198.584 102.197
203.119 92.6729
216.072 92.3372
158.928 82.4583
296.123 112
153.54 65.6415
154.837 64.1105
185.737 59.1408
232.618 92.1861
791.01 128.314
819.267 298.838
808.748 208.011
804.58 226.387
905.377 281.782
798.415 238.217
837.084 236.078
793.638 227.492
714.097 218.426
929.899 287.865
938.021 290.352
809.825 234.342
714.092 207.114
815.153 250.183
842.09 247.775
837.111 233.488
911.067 259.57
928.294 249.544
932.061 235.511
1008.25 259.545
847.542 206.112
1028.73 194.08
327.648 73.3695
224.721 74.5387
213.95 85.1988
224.668 77.7102
281.446 99.7776
254.222 87.4382
225.87 88.465
256.152 93.9714
197.048 62.8192
180.736 79.7969
184.783 75.0909
248.672 101.174
241.255 94.7682
218.49 83.0256
240.178 90.7459
229.618 96.1201
221.05 82.6817
253.705 90.7141
256.481 91.865
253.593 99.9459
205.764 64.25
271.618 75.0221
1212.84 305.805
952.261 274.293
1005.87 325.576
1032.52 330.349
1083.1 321.618
995.304 317.107
1061.47 360.514
924.325 304.378
920.965 314.706
968.51 320.418
1098.96 334.554
942.962 271.188
1055.43 353.998
1007.36 334.513
1007.62 316.942
903.883 260.754
1016.15 312.943
972.802 307.975
890.579 321.046
1006.13 272.007
1058.21 261.085
876.098 1325.52
207.007 93.3693
300.911 102.19
260.874 85.4593
309.212 110.426
225.401 95.5876
220.399 85.9519
195.986 86.9252
280.094 128.976
220.876 95.9309
289.627 131.959
219.554 99.4061
234.446 87.9643
317.908 122.302
365.35 137.934
232.457 97.9937
273.702 112.899
235.983 106.84
325.903 130.413
293.798 112.093
236.664 109.114
264.906 114.185
313.454 99.9247
867.576 227.364
1025.28 254.247
1000.55 269.432
856.683 229.23
1077.24 354.236
872.911 227.924
873.667 253.901
881.395 257.156
872.985 260.833
901.372 278.949
896.615 280.602
877.216 265.477
931.327 271.785
952.208 277.841
945.521 282.657
1068.67 310.178
882.637 258.548
1069.86 306.45
1005.16 272.351
945.099 253.202
927.929 247.838
904.998 218.168
177.959 202.021
180.437 64.4018
202.271 85.3363
180.624 70.4579
199.931 86.686
172.14 67.8074
195.827 75.0521
206.704 83.3757
225.4 89.1634
163.897 71.3027
175.946 76.1244
177.522 71.7517
205.689 85.775
188.534 78.4559
198.404 83.771
192.805 91.1643
254.599 97.0202
190.789 81.9233
198.953 84.0697
199.474 75.9962
205.093 76.011
185.876 64.3939
779.146 210.003
941.742 281.09
769.469 204.295
703.655 199.241
926.951 265.643
891.83 240.11
934.111 292.214
947.992 273.709
972.439 307.598
753.537 231.656
841.668 244.862
906.536 255.226
858.874 246.341
1047.26 284.68
756.905 213.836
892.688 288.433
823.516 231.074
837.315 257.882
869.15 262.426
853.094 239.116
860.134 257.325
1029.89 287.754
240.117 103.84
212.344 71.4713
254.247 101.688
257.448 90.62
213.688 97.9588
232.764 95.2193
224.288 88.6576
222.624 107.21
261.744 133.549
242.431 91.7039
246.208 129.21
238.054 109.545
190.35 73.5353
213.353 83.9958
253.411 112.176
248.673 107.497
251.618 102.397
245.375 109.549
246.394 102.408
243.059 95.4616
239.516 94.1374
266.327 100.673
1057.82 306.471
942.238 275.06
1087.32 318.658
942.627 254.369
1105.03 303.235
982.983 271.093
991.738 292.956
981.405 293.807
994.642 311.809
1002.52 317.261
1077.03 305.282
961.567 288.41
967.283 289.716
900.612 271.331
927.375 283.125
1020.13 293.035
973.356 275.339
1035.46 325.649
972.879 288.06
869.244 231.714
1061.74 302.956
854.985 268.092
433.342 154.281
444.744 139.014
540.988 172.072
485.815 145.227
401.233 137.091
506.743 161.852
438.61 144.686
498.628 154.145
519.215 161.849
450.516 154.368
509.369 182.11
475.698 154.514
469.577 159.826
475.426 167.958
426.5 153.618
413.562 144.609
430.366 135.653
398.597 131.387
372.156 115.157
417.043 124.824
434.555 143.756
340.74 112.624
669.48 219.029
788.08 228.977
810.713 214.948
769.26 214.998
856.257 258.724
753.895 251.059
736.557 230.67
812.023 243.449
820.509 305.276
729.144 215.655
819.78 271.137
801.227 249.942
811.07 249.525
803.638 239.988
841.686 241.927
865.629 271.51
763.168 240.744
787.55 252.24
837.477 243.417
795.394 209.157
762.748 229.929
779.641 271.246
659.279 205.486
738.465 203.86
718.032 206.827
785.336 221.181
799.243 251.489
902.485 277.837
806.353 231.617
834.223 219.965
790.24 267.195
922.971 281.604
878.058 274.53
747.32 238.782
831.708 242.708
774.251 213.758
797.175 245.314
1042.07 305.93
584.99 179.067
967.274 297.577
984.388 276.922
684.394 194.589
769.368 231.853
937.016 326.166
