934.236 279.577
949.734 262.699
960.509 272.244
844.81 240.728
778.482 218.055
977.588 308.278
958.665 250.161
943.515 302.486
907.979 253.891
892.26 281.413
789.759 228.275
806.332 244.092
851.99 251.074
778.499 234.494
946.535 278.455
722.754 181.624
884.151 230.525
1078.88 309.492
875.347 236.813
882.454 227.839
995.104 287.099
1123.12 367.738
896.606 327.546
1068.34 291.284
927.11 260.162
903.162 235.61
874.337 220.96
885.906 231.267
776.233 200.699
942.449 248.822
881.238 244.087
880.666 287.645
790.321 207.387
772.397 255.314
879.328 236.074
953.263 278.616
829.307 234.419
820.445 212.199
726.338 190.407
837.34 217.441
756.672 187.723
753.519 196.497
813.416 203.171
855.084 269.432
1107.46 310.45
1044.47 246.139
1105.8 343.2
915.889 206.234
1301.57 367.775
1092.66 310.797
961.271 259.463
1058.9 295.777
1245.65 390.495
942.257 245.623
1011.3 323.959
934.788 242.906
1147.6 309.629
906.626 249.645
1086.74 340.706
873.603 217.154
1186.47 360.734
996.168 285.256
924.555 248.368
872.247 226.723
852.435 217.542
1021.74 327.556
580.154 178.611
462.628 140.925
371.688 132.474
380.999 127.903
466.746 186.876
480.568 155.373
434.529 139.642
603.613 212.328
431.128 139.072
471.405 141.273
484.532 145.545
391.796 144.172
476.144 150.442
415.976 135.403
424.933 150.887
464.737 141.999
464.051 167.935
433.874 149.683
408.613 144.242
497.772 166.739
450.882 153
388.22 164.027
1215.44 315.222
912.541 218.665
1038.6 280.397
873.472 253.937
1003.2 303.774
814.742 214.523
981.48 311.096
953.326 280.211
909.326 258.551
1044.36 312.044
1116.45 375.306
801.628 228.456
938.638 268.283
976.474 299.389
1080.78 309.922
1041.61 273.746
980.972 272.32
932.449 255.771
1133 317.723
1154.43 282.285
903.734 243.637
1081.35 241.506
240.958 97.8957
292.893 136.851
238.307 100.1
234.123 83.4493
270.471 109.059
218.904 73.0313
221.158 85.0734
215.454 92.9149
237.804 98.8726
267.42 106.437
253.669 104.419
277.45 111.95
289.725 115.212
337.374 121.659
285.97 92.2238
268.7 117.503
245.961 99.1063
318.183 122.916
258.378 105.175
257.546 112.751
274.768 108.719
269.132 75.8543
987.169 179.795
995.053 255.567
1049.86 267.156
1034.73 271.375
972.035 269.38
1046.32 284.142
959.928 276.15
1049.84 286.446
913.585 245.689
1177.36 351.337
1105.69 298.423
942.236 256.254
994.065 284.107
1105.19 306.05
920.629 252.407
947.702 265.557
1069.51 306.013
846.267 210.472
1200.47 314.723
1120.35 315.475
1043.51 268.434
1123.05 245.279
473.846 112.164
348.28 126.289
324.106 116.523
263.435 97.6561
230.731 89.1645
265.954 87.7299
235.138 93.5451
249.202 98.5529
230.389 104.518
216.322 89.5236
258.324 95.2655
266.697 107.607
311.712 111.03
197.588 85.7537
326.125 116.88
183.947 76.8652
279.431 100.123
202.144 65.1256
285.132 102.571
253.373 103.128
254.416 88.4387
293.096 76.1581
1005.95 149.487
1003.06 259.235
1272.74 341.264
1215.66 324.317
1129.84 320.546
1152.92 321.848
969.174 265.093
1222.48 365.2
1119.08 287.866
1177.59 362.275
1038.43 294.975
1044.75 287.996
1129.74 370.257
1156.56 327.399
1207.99 394.188
1186.88 347.593
1079.82 295.888
1008.58 265.095
1325.52 362.666
1230.98 363.914
906.769 243.508
958.246 190.253
302.969 76.4907
276.529 83.5309
304.746 122.157
277.587 115.712
295.756 157.652
279.215 106.232
267.005 120.585
315.683 103.644
295.225 123.938
274.167 108.401
301.808 138.896
251.874 124.128
270.788 126.858
318.852 115.123
284.089 120.212
277.327 117.208
296.731 109.854
304.09 123.099
274.686 116.996
265.711 96.7233
284.115 123.035
362.311 104.476
1019.21 192.833
986.092 280.164
755.432 201.277
980.281 301.473
981.818 304.214
1018.84 336.135
952.682 250.093
1134.47 367.135
992.838 307.871
1132.2 338.89
1043.55 297.599
1177 383.605
974.944 264.349
1313.98 385.352
843.388 226.137
1145.67 306.91
936.422 280.637
1074.1 341.071
1096.19 315.052
1198.31 298.82
994.194 233.652
974.912 186.099
459.51 131.312
325.202 84.341
220.493 77.0021
259.217 101.803
253.297 93.2026
225.037 85.1427
230.875 81.2621
322.71 119.436
402.767 132.199
379.938 130.853
232.143 110.942
251.598 98.0792
229.264 90.2525
269.958 137.902
256.561 98.8393
286.52 146.993
191.941 69.2604
282.284 105.081
256.179 96.3856
303.153 99.4769
345.514 111.912
240.346 330.806
1365.51 192.34
1212.07 297.095
1586.75 373.853
1292 314.663
1288.56 362.624
1242.71 328.775
1236.38 391.884
970.562 269.699
1047.91 313.814
1205.88 327.981
1201.83 337.342
1146.21 310.985
1386.38 413.156
1063.5 305.803
1236.49 346.753
1298.09 344.141
1327.51 379.584
1174.15 324.078
1244.45 345.626
1200.72 385.639
1195.54 277.693
1120.71 213.309
351.707 101.771
353.493 123.492
349.546 129.261
338.423 104.545
257.726 97.0324
346.346 128.937
269.417 121.471
311.541 118.299
301.44 114.082
283.696 106.504
263.569 113.029
273.04 92.692
301.467 136.968
320.496 136.335
304.525 109.502
297.973 94.7358
364.799 143.938
267.433 98.6574
293.647 129.021
285.592 127.782
294.384 106.969
333.913 110.334
972.875 173.863
962.304 221.541
935.269 284.175
899.224 261.289
897.359 252.792
929.195 276.834
937.816 272.357
958.738 293.28
996.841 300.89
1009.32 282.296
978.016 292.556
1061.25 322.53
914.928 259.119
1054.56 311.753
1132.69 297.477
1215.28 353.501
962.608 260.144
841.854 245.966
952.874 259.199
980.129 225.162
1009.09 205.68
1000.01 159.493
261.226 97.8949
238.25 72.3577
260.253 106.418
182.549 70.8107
170.017 69.2775
335.636 109.725
180.06 72.8798
220.6 98.7346
194.252 84.8936
182.382 84.5541
253.154 100.746
211.305 83.73
189.753 74.4474
245.408 99.6472
255.831 93.7871
244.527 102.462
207.562 86.944
319.239 135.667
194.06 87.5776
191.141 82.9573
240.145 76.6071
288.773 96.581
934.221 194.924
1042.78 199.945
1016.56 273.558
950.277 228.446
1135.79 333.177
993.377 289.231
1013.41 274.806
961.787 265.972
894.013 253.341
1177.93 332.764
1099.79 289.192
961.424 261.091
879.038 260.674
980.64 304.152
1031.08 317.338
998.981 264.514
1068.41 291.898
1092.6 295.433
1100.45 296.515
1284.36 358.545
1028.9 231.847
892.216 1422.77
296.46 89.447
287.211 80.473
258.245 97.3061
264.744 84.488
328.794 114.257
303.581 102.06
278.323 115.111
270.284 89.3925
220.979 72.1483
219.164 93.8048
222.577 96.9972
298.419 116.776
282.591 99.4639
270.491 106.551
276.713 102.659
281.601 108.519
260.075 86.6827
299.104 98.3262
317.601 108.986
326.643 112.939
253.526 69.5394
240.257 153.631
1343.17 263.036
1161.16 330.254
1248.83 369.199
1253.49 370.514
1373.24 395.974
1201.08 401.571
1276.54 418.94
1105.38 381.681
1088.45 373.948
1211.67 417.108
1274.28 373.785
1073.76 324.929
1296.46 440.83
1187.22 409.171
1232.9 412.704
1083.4 341.561
1250.97 399.294
1198.44 369.858
1088.89 384.219
1213.25 348.372
1361.23 309.336
1355.19 277.797
247.829 69.4655
357.156 139.03
305 100.01
327.192 123.922
269.596 106.51
275.082 98.3791
243.385 108.912
315.494 127.298
249.052 109.198
309.407 132.351
263.766 103.192
284.536 125.302
375.216 147.2
398.479 140.326
301.806 106.965
356.131 147.931
287.436 140.434
336.953 122.024
344.582 109.721
308.09 118.129
320.263 123.233
326.519 93.2953
1094.25 198.796
1278.45 290.177
1251.52 306.723
1114.95 293.181
1369.42 367.288
1078.27 263.681
1112.39 325.341
1093.8 326.867
1119.26 317.94
1103.43 366.492
1089.1 325.66
1082.22 328.696
1197.27 354.954
1192.64 345.213
1102.92 308.45
1281.83 362.052
1126.09 340.273
1331.64 400.805
1232.13 351.141
1197.5 284.493
1110.49 276.281
1148.01 280.058
252.657 72.9671
223.078 77.1684
261.479 97.5223
240.118 95.7899
254.495 102.496
214.769 75.4169
246.152 90.5568
243.457 93.5573
278.613 97.1448
210.451 94.241
224.36 89.4001
218.456 81.7078
243.704 106.133
247.113 99.2007
230.673 87.0035
259.242 98.3651
298.725 116.415
242.519 88.6308
251.956 88.0892
234.192 96.2365
251.577 95.4832
247.091 80.3014
1046.67 278.566
1256.38 356.517
970.784 248.152
923.906 249.685
1189.4 354.743
1140.85 304.753
1145.17 318.861
1165.88 329.289
1199.26 354.79
982.654 282.113
1058.4 315.553
1106.23 306.941
993.844 281.649
1355.98 409.694
947.151 244.059
1150.98 378.495
1029.87 282.239
1093.85 324.69
1060.44 284.776
1077.79 290.239
1101.55 295.989
1295.88 329.633
296.9 109.694
273.466 97.8871
280.371 90.7156
302.525 118.367
280.953 114.183
303.071 115.347
290.376 114.161
293.332 118.639
308.278 118.049
270.711 102.355
279.198 125.049
314.064 142.468
233.483 86.9747
265.042 99.8567
325.469 147.118
348.342 160.445
313.5 109.282
332.612 148.557
343.919 149.721
319.644 125.61
314.54 139.824
394.741 149.859
1408.73 391.313
1185.48 333.884
1410.99 353.853
1235.86 298.562
1325.81 340.47
1314.34 361.064
1325.3 365.585
1245.91 341.825
1355.9 429.681
1223.13 363.269
1290.39 341.001
1220.86 375.638
1205.39 353.677
1171.23 322.167
1220.93 341.761
1347.55 366.404
1174.25 308.263
1384.12 433.435
1309.23 385.153
1108.03 291.39
1359.93 361.944
1264.33 380.578
431.382 165.965
562.415 138.522
672.315 197.08
616.924 188.865
512.671 165.459
642.507 183.863
568.859 188.002
607.756 194.692
617.583 214.677
598.955 194.226
658.945 198.928
596.359 175.267
621.673 199.447
601.574 194.309
524.812 190.722
571.875 185.291
570.45 184.233
529.189 158.085
471.115 140.68
544.516 158.503
620.3 208.004
484.678 150.751
981.676 346.641
1028.65 301.97
1067.65 295.277
1010.55 266.347
1193.78 336.878
1009.33 289.963
972.382 290.784
1083.24 324.47
1091.1 334.521
956.95 245.399
1055.87 317.705
1013.78 290.976
1015.79 312.009
1030.83 303.412
1109.77 309.218
1083.2 305.602
977.809 280.43
1041.75 299.535
1075.55 289.501
1041.97 292.351
1018.22 313.127
1039.25 331.15
955.439 324.981
1022.6 290.079
987.71 279.604
1135.92 301.329
1065.04 330.756
1175.17 295.253
1018.09 295.395
1058.36 273.021
1068.29 292.528
1229.6 347.293
1139.69 355.485
975.27 302.033
1111.54 302.953
1022.43 283.428
1050.15 294.192
1418.19 404.626
771.196 234.123
1296.97 374.139
1392.69 377.784
918.32 247.26
1030.6 295.772
1327.02 430.687
