814.052 247.872
797.118 218.114
828.498 242.871
725.787 233.566
678.38 212.485
834.211 254.38
840.669 231.063
789.169 222.83
777.313 220.622
796.688 245.338
695.335 190.726
714.211 211.162
762.457 214.74
650.749 195.209
832.345 257.693
635.526 178.252
745.568 213.636
934.418 265.141
748.154 202.397
709.676 194.614
794.279 238.628
941.022 305.53
736.084 257.493
890.759 224.101
809.358 268.283
769.125 209.585
777.367 200.215
771.211 213.476
685.595 185.064
800.981 220.922
775.05 226.002
753.877 248.917
686.842 176.612
650.347 206.109
794.672 212.991
808.868 241.03
702.292 212.958
706.14 182.345
661.162 181.23
718.857 192.418
664.384 186.135
632.705 170.931
710.988 173.258
701.561 224.247
950.221 268.411
911.648 240.755
945.036 302.651
803.828 198.117
1159.68 373.392
980.662 271.466
886.139 254.762
957.423 273.421
1098.19 352.636
857.099 239.81
906.936 289.516
811.496 245.817
1017.16 294.922
797.691 209.198
975.921 293.509
784.916 200.407
1044.83 306.896
879.177 221.947
823.279 230.24
768.167 208.99
748.331 203.972
868.37 256.103
528.56 153.872
409.959 133.531
338.998 123.037
337.172 121.397
423.767 164.052
413.987 132.888
408.87 137.617
571.731 170.197
423.147 130.462
413.214 131.771
446.385 138.484
348.38 124.928
428.149 145.474
369.794 123.786
384.4 131.552
400.111 130.366
388.469 128.397
360.036 111.09
348.281 116.828
418.558 137.828
372.242 123.752
360.028 124.101
1024.7 260.911
800.932 195.823
910.558 270.344
795.376 243.517
891.914 275.534
711.893 190.448
843.724 242.47
838.368 238.448
848.596 241.769
919.774 251.132
989.518 324.055
711.437 214.14
791.749 259.241
867.952 262.283
910.185 272.811
938.693 294.516
866.258 257.651
840.85 229.723
1018.78 290.402
1016.35 257.897
790.115 209.166
752.748 74.5395
213.531 79.6849
254.495 114.581
223.333 94.9623
212.09 94.7543
227.469 96.6227
200.28 83.1648
194.126 81.4571
206.196 94.4947
203.601 78.3749
237.933 109.981
223.58 91.1698
242.67 100.146
250.434 116.559
298.09 116.541
256.045 97.466
236.611 95.151
214.282 109.338
262.953 107.016
224.93 95.3919
231.488 96.1262
241.518 96.3593
225.292 73.4914
868.062 191.552
858.31 232.511
956.717 295.197
891.016 232.356
866.477 233.875
901.919 275.589
840.972 223.604
940.937 244.284
786.121 216.461
1041.35 323.568
957.18 270.98
855.757 251.309
919.086 260.663
987.096 290.399
840.763 227.759
828.81 232.898
963.034 285.65
727.867 194.641
1045.26 274.704
942.407 262.511
865.906 212.704
883.495 213.866
431.096 120.813
318.333 93.6822
305.552 109.404
224.732 81.1053
200.433 75.2693
231.245 87.7338
207.687 82.4503
219.556 79.6304
203.216 78.0872
191.736 76.6372
217.438 82.0826
227.19 99.9923
280.664 105.269
168.145 70.6837
289.334 122.811
156.715 66.6433
228.85 93.6981
178.198 69.5538
245.854 97.2315
214.468 97.5598
222.033 87.6825
250.134 88.2623
924.17 181.436
851.063 197.524
1073.46 348.187
1051.02 319.003
1001.19 310.592
996.862 304.357
861.806 230.267
1005.85 305.005
981.142 276.544
1029.52 300.811
921.758 254.998
909.94 270.159
1001.15 336.165
1000.58 314.875
983.964 302.14
1045.28 305.301
922.882 268.961
883.761 235.002
1143.67 328.73
1064.3 315.951
779.828 214.219
809.904 200.596
254.347 109.225
249.306 82.6114
268.662 112.922
220.051 89.5983
237.314 116.473
227.021 95.9541
232.208 99.3682
282.052 115.337
265.864 122.81
236.059 102.924
281.1 128.965
220.452 98.5884
222.194 111.912
271.787 106.035
263.038 109.268
254.237 108.557
253.548 108.404
251.698 94.1687
232.542 97.259
231.353 80.2895
238.836 82.2128
313.361 72.1023
865.805 196.629
836.602 235.108
717.908 204.832
855.804 283.141
815.495 260.211
841.796 252.528
828.436 252.191
943.559 319.321
880.083 274.058
982.52 283.852
912.513 255.572
1045.95 346.023
871.436 248.602
1169.5 379.319
740.865 188.841
962.296 293.429
804.928 230.619
919.996 275.472
940.518 285.439
1052.55 267.046
899.088 218.176
896.183 219.549
426.417 158.976
295.406 87.5174
206.662 81.2172
218.574 87.9695
228.196 93.845
184.009 77.1075
219.055 91.9036
293.707 107.421
383.36 129.892
349.931 114.74
199.617 94.7311
234.95 95.1484
220.17 89.1661
228.83 104.647
243.258 84.7032
225.551 108.786
160.731 61.2187
232.599 112.162
214.278 92.5725
264.285 104.833
250.634 107.482
263.588 95.4294
1144.12 246.324
989.195 208.885
1315.42 310.006
1121.66 324.317
1067.91 318.119
1087.59 312.087
1036.79 338.902
825.55 254.447
886.742 262.38
1044.71 320.452
1019.8 310.02
1009.59 292.97
1170.45 376.376
910.148 248.441
1086.96 311.388
1096.35 325.33
1168.61 365.466
1002.61 292.408
1102.47 313.374
990.725 320.681
990.802 251.328
951.336 222.799
318.979 86.2998
294.347 96.449
303.877 111.736
283.361 123.712
210.227 89.4132
294.697 109.189
235.766 114.262
267.927 100.726
267.199 99.135
249.528 104.268
232.781 91.9111
240.377 104.949
260.459 118.211
267.883 119.084
258.421 110.82
258.236 100.769
311.486 127.511
229.116 88.9766
223.33 92.3712
234.465 112.832
238.525 73.9157
278.992 77.4894
792.783 188.93
794.313 191.25
786.172 235.696
762.982 223.839
734.49 206.791
826.736 256.785
777.443 244.832
799.547 254.156
821.085 244.452
858.219 271.956
849.099 255.742
942.675 345.379
838.521 239.265
916.884 274.987
977.713 285.881
1033.4 291.632
860.422 234.779
725.635 199.278
839.838 282.301
872.202 230.808
866.796 179.73
837.231 313.962
230.633 68.3726
196.719 58.9518
244.071 93.1204
159.205 78.205
158.146 71.462
307.877 108.352
156.7 68.9076
183.429 81.6394
159.727 70.8326
180.661 81.5132
234.276 86.3545
185.615 76.2328
162.753 67.744
203.407 104.965
204.4 94.5216
214.078 86.4645
161.998 90.9652
297.609 114.967
155.834 68.026
156.061 64.2242
188.652 67.2084
194.588 300.27
870.962 326.611
872.043 220.173
818.59 213.671
821.917 240.019
909.586 293.749
817.594 259.681
852.329 243.455
800.526 236.174
724.483 226.892
937.133 283.829
952.318 297.82
817.263 235.459
726.651 217.606
826.687 244.17
849.311 249.745
850.981 246.838
928.089 264.101
941.235 245.21
938.012 232.151
1022.93 267.748
858.19 212.905
1025.46 190.549
256.998 103.806
261.625 89.4881
216.926 85.982
228.811 75.1664
279.201 100.623
258.907 89.8239
229.572 92.522
257.253 88.3675
197.738 61.053
181.293 81.4111
184.806 73.2301
251.899 101.841
240.73 91.8162
221.056 81.179
241.599 92.8913
236.182 96.1371
224.873 85.1075
256.477 89.6802
256.511 96.7787
255.93 93.6473
210.875 63.7704
253.457 93.1639
1058.55 239.515
967.123 274.87
989.435 307.58
1051.28 329.683
1089.99 319.529
1037.98 350.049
1072.42 363.431
944.233 308.074
937.262 333.684
1005.81 341.628
1106.85 331.476
949.542 271.139
1082.48 379
1021.87 337.149
1012.26 325.63
918.348 282.141
1030.71 324.87
984.392 301.125
892.396 331.58
1021.02 277.49
1060.98 258.32
1110.47 254.494
191.456 100.149
296.207 87.3125
261.405 87.2328
313.323 117.766
228.154 96.681
220.963 89.024
198.97 87.4012
288.591 133.912
218.421 86.9715
289.478 127.479
222.279 96.1869
233.282 87.9762
324.371 123.801
369.02 138.267
236.206 101.208
276.675 110.708
236.03 107.492
332.446 136.805
295.366 115.667
245.072 102.472
264.959 125.574
289.331 91.0261
872.014 208.543
1049.65 271.303
1008.47 270.557
871.307 240.503
1055.07 308.148
877.429 227.157
882.833 257.889
892.868 250.473
885.839 275.148
916.577 285.973
919.908 294.278
895.718 280.014
957.262 290.954
964.898 279.674
967.083 291.488
1076.55 310.767
895.64 264.847
1092.42 309.608
1026.74 284.043
969.053 246.607
937.923 257.856
891.832 201.727
189.36 73.3709
203.482 74.925
209.538 97.0704
182.431 76.3146
199.327 90.6164
175.549 72.188
196.135 73.5602
207.421 80.5316
228.443 93.3968
165.815 65.4452
173.68 75.3486
179.869 74.6168
209.833 87.9008
193.386 79.5736
202.489 75.8227
194.538 90.3341
256.434 96.4797
191.588 85.18
205.126 83.346
181.453 64.6472
205.762 72.0888
188.267 53.8323
778.532 204.137
947.674 289.323
782.588 208.954
714.872 197.025
945.097 279.339
903.346 247.847
956.044 313.928
950.607 273.639
983.318 315.536
759.216 232.663
847.874 254.44
927.695 263.226
865.576 241.8
1065.26 289.868
757.496 207.154
909.878 282.405
833.606 226.814
866.915 286.889
886.882 263.976
866.172 230.428
871.766 270.765
1037.87 271.287
244.514 106.101
212.624 66.2162
256.638 105.861
258.343 97.7849
215.72 101.344
236.887 98.6645
224.224 89.1074
225.246 108.715
265.049 125.512
242.013 89.7994
248.163 131.138
238.678 113.39
195.465 75.759
216.567 85.3669
261.201 108.055
250.48 116.945
257.875 108.183
246.141 101.708
253.557 112.882
245.575 85.0954
244.414 99.34
276.084 102.642
1080.25 313.608
963.148 265.299
1099.19 320.945
968.024 248.227
1117.96 303.553
1013.66 303.429
998.807 295.27
998.167 303.428
1012.34 316.59
1024.26 318.099
1091.7 310.429
972.542 290.305
994.78 312.219
918.577 280.853
940.419 279.976
1043.69 308.572
991.455 289.534
1046.67 321.132
988.973 298.16
900.945 254.812
1089.98 302.543
869.601 257.565
461.236 172.964
451.213 135.281
548.369 181.897
494.085 149.632
410.224 148.356
514.11 160.288
454.303 140.772
511.422 156.525
526.466 168.355
459.613 162.241
517.399 180.641
471.883 147.13
475.832 158.552
478.405 170.658
431.829 157.186
419.941 146.934
436.915 141.413
403.435 134.017
385.75 130.467
431.172 133.618
445.582 134.233
351.616 112.363
682.712 226.641
794.962 229.485
820.52 219.988
775.624 210.904
864.284 265.415
765.799 251.034
743.361 236.166
824.259 236.988
858.561 243.047
736.547 212.289
836.047 279.507
810.474 246.925
822.43 255.695
822.543 245.378
854.932 246.146
902.491 289.48
775.361 247.995
798.076 256.118
849.186 243.812
800.119 217.925
780.917 251.642
810.786 278.765
682.971 226.487
743.269 209.852
718.433 204.711
803.87 215.099
819.413 269.231
918.021 285.593
813.865 233.907
846.322 227.283
796.389 260.511
935.746 283.705
887.956 269.999
761.769 247.457
846.509 232.309
780.85 205.254
801.521 243.157
1063.08 314.664
597.02 181.918
994.637 304.427
996.187 276.057
691.582 202.897
779.26 246.558
961.73 336.764
