785.753 254.927
739.483 215.039
759.752 253.812
682.526 197.266
657.312 225.107
776.704 234.006
786.913 227.111
781.381 221.183
739.148 231.927
750.502 220.315
657.168 188.891
680.867 213.153
724.263 208.76
599.008 162.274
777.982 228.508
602.282 193.291
713.217 207.925
874.85 254.45
717.49 178.645
651.483 198.838
737.663 230.107
863.423 280.647
691.896 232.194
831.658 237.999
741.491 203.912
714.356 191.948
723.95 198.73
731.362 203.68
647.956 197.358
737.218 227.524
736.931 221.05
710.829 227.02
650.606 168.228
596.453 182.762
757.086 202.874
764.164 232.38
632.938 176.121
658.131 177.059
628.428 170.032
675.543 204.295
618.885 162.376
574.594 161.946
660.921 169.934
670.89 225.777
878.503 253.329
880.843 243.338
852.826 238.889
765.97 203.049
1079.59 334.079
912.735 283.547
835.277 277.887
895.026 289.846
1036.38 345.387
784.017 219.952
824.195 256.848
763.694 261.994
945.218 266.918
754.472 223.611
929.458 285.098
732.363 200.371
974.93 300.38
804.986 222.371
758.946 195.659
726.106 202.055
709.841 179.375
813.45 213.03
529.888 198.708
407.847 155.754
330.624 103.55
299.603 106.043
398.962 131.4
364.795 109.137
404.806 140.994
555.842 169.807
409.345 137.903
387.654 122.321
432.093 160.013
315.548 126.358
398.411 130.022
346.014 120.046
391.456 152.71
389.182 151.729
361.295 136.198
332.213 99.4425
316.505 117.492
384.484 132.187
374.941 123.716
368.652 146.348
997.356 257.504
753.087 200.763
858.466 246.732
731.054 214.454
820.821 247.749
677.72 180.321
757.936 199.765
771.427 204.821
796.011 251.743
875.05 270.655
885.749 295.656
682.242 200.001
770.486 279.013
828.702 271.854
818.624 261.148
864.23 265.485
826.168 242.022
776.547 219.234
942.107 259.886
957.477 268.358
705.551 170.976
887.267 167.778
214.632 99.5375
226.859 96.7053
213.771 94.8638
194.598 82.2538
223.447 98.4099
192.745 106.46
190.185 80.4209
191.732 81.0405
194.073 73.9901
221.454 102.155
195.753 94.9357
218.385 96.2784
234.566 104.674
280.94 98.1917
248.578 94.506
217.826 88.2986
204.24 65.1342
243.287 101.852
203.877 77.7557
213.121 102.991
227.738 78.5663
201.837 72.9039
770.046 149.64
767.789 203.403
833.773 254.16
819.958 233.53
804.979 220.83
867.753 253.075
800.391 244.348
880.516 246.094
728.576 209.523
942.178 287.078
915.286 287.255
807.271 282.554
828.213 232.431
912.176 282.846
784.681 212.601
768.433 226.023
880.843 273.356
671.16 191.795
988.803 300.264
834.308 249.728
807.832 220.912
836.505 122.362
366.959 130.25
299.624 107.368
304.587 108.319
206.672 74.1754
180.717 90.0192
231.211 86.724
185.105 80.3574
199.063 75.1219
189.365 73.8003
182.487 81.6982
207.031 93.0313
213.86 83.3924
261.998 112.333
149.806 73.8564
264.516 116.43
144.539 71.0079
208.268 90.3978
161.311 54.143
238.058 93.3329
188.674 89.5903
199.227 92.3721
213.885 86.0354
851.978 128.812
791.122 233.056
1004.66 276.34
1011.15 324.583
945.06 285.948
950.24 302.235
800.177 232.977
940.378 292.23
876.275 256.294
969.853 305.501
858.313 261.538
868.508 273.001
906.372 307.374
969.893 322.091
906.529 260.544
946.627 323.32
877.569 276.312
826.687 221.427
1080.54 320.308
952.543 255.614
734.267 178.029
785.394 178.829
219.147 84.7602
211.649 78.4859
230.354 99.779
200.047 88.3691
215.727 126.456
216.006 89.9507
210.625 85.8349
265.07 98.5029
216.398 109.622
224.595 94.9472
249.948 111.265
212.547 89.2264
215.52 120.439
250.29 102.081
250.79 103.796
228.986 97.5983
242.877 99.7518
239.684 109.784
213.32 103.72
217.153 81.0548
226.118 105.507
294.135 98.0376
789.811 285.866
758.983 229.714
702.827 198.225
778.263 229.832
793.85 277.259
761.028 226.311
767.573 238.196
875.286 295.192
825.184 285.907
949.283 286.622
858.372 275.956
1013.49 310.434
834.418 265.307
1116.53 381.418
663.662 157.829
883.253 301.095
768.57 246.618
844.287 284.937
860.325 223.868
966.68 239.894
829.327 171.288
784.701 171.126
370.266 22.4804
296.106 90.0966
196.355 76.6757
194.607 75.1967
221.089 80.7387
171.926 63.9287
206.381 87.6981
281.706 95.659
388.192 134.166
348.671 127.605
200.334 97.1254
228.685 109.583
220.155 91.4961
225.787 135.298
239.606 100.252
202.206 106.546
152.018 57.224
217.528 101.545
193.548 69.4227
238.5 129.961
194.425 152.084
222.799 78.0084
1019.91 167.491
901.79 206.954
1236.72 308.672
1048.21 247.438
1003.42 303.06
1023.53 274.853
983.194 337.197
759.988 241.646
817.903 237.322
943.459 244.745
910.781 235.614
923.779 255.392
1062.37 334.753
847.838 260.024
1011.01 295.361
1043.35 304.003
1079.82 321.891
929.844 280.166
1023.23 286.168
890.393 290.48
895.06 238.349
894.69 175.325
271.281 90.9433
267.503 92.7278
288.506 116.755
269.135 105.649
197.652 71.7431
265.824 92.8399
206.135 88.4006
246.257 103.837
242.677 115.626
237.343 115.357
213.564 89.8604
220.192 90.9478
234.887 108.047
253.45 124.224
238.295 106.997
235.086 96.4347
285.421 115.997
203.301 60.7946
212.425 101.895
217.783 85.9175
207.502 60.2542
229.915 56.0161
796.738 115.554
767.697 181.543
733.033 213.156
714.594 208.032
695.848 196.523
759.726 258.535
711.011 214.51
733.197 245.344
795.055 256.513
799.867 233.901
789.386 268.317
862.161 309.049
794.859 246.637
836.747 226.18
898.259 255.247
954.65 256.964
790.859 259.98
673.401 196.067
756.387 232.188
791.351 220.792
855.199 204.404
801.819 190.209
221.922 80.4588
197.503 62.4005
238.715 100.884
155.959 61.5445
147.719 55.4293
313.823 118.652
155.137 59.3919
171.184 69.5848
145.34 61.9154
153.428 93.8763
226.643 104.264
192.105 99.7024
144.472 64.3286
184.276 87.6575
191.96 76.4823
210.087 86.9937
142.537 73.9612
292.47 103.335
139.154 51.4208
142.973 51.4137
166.976 68.4857
210.783 67.0373
742.707 104.65
793.061 178.5
764.004 217.313
782.406 218.154
842.963 255.066
759.553 225.318
808.216 227.8
770.688 236.887
662.35 200.059
871.608 254.145
885.454 250.919
774.262 229.64
664.475 190.978
754.265 212.668
786.324 233.783
805.963 249.867
850.12 242.782
849.325 218.384
865.298 252.901
943.263 266.263
823.601 185.139
866.664 137.898
226.69 58.4705
227.183 82.6519
191.699 68.3477
209.976 72.0412
263.462 83.0942
242.472 83.9699
214.686 89.5939
255.717 98.9047
199.359 71.72
186.543 72.7535
173.978 78.8129
229.672 83.16
225.04 79.8917
212.295 96.5729
224.523 80.8805
205.3 91.7252
203.603 86.5172
242.538 86.1473
235.484 78.9112
262.097 106.959
173.881 66.5277
250.178 83.9621
1004.95 222.078
902.512 263.058
942.558 280.847
988.425 311.878
1037.43 313.168
929.378 283.815
987.631 309.571
857.305 278.585
870.541 270.302
935.133 306.729
1033.06 315.666
881.618 278.528
987.894 340.28
953.105 318.789
930.457 311.883
853.446 269.835
946.627 335.167
952.363 322.01
891.035 328.577
958.864 269.118
1024.11 287.618
1070.9 194.556
188.181 51.8711
292.514 89.6519
267.956 104.51
298.31 103.72
223.871 91.0503
213.579 102.032
186.346 92.4798
281.468 115.011
207.502 84.4004
271.292 130.033
212.083 90.4198
226.069 129.125
301.945 134.275
375.033 168.963
219.134 86.4631
261.917 120.014
216.483 102.451
315.673 124.208
302.813 98.8577
241.207 128.31
241.545 96.9645
253.187 43.2527
792.106 170.886
947.527 209.437
932.704 252.444
790.548 236.779
941.611 258.029
854.292 239.349
804.036 248.116
861.993 279.667
835.702 279.455
860.178 285.33
821.645 265.858
855.415 256.191
924.595 312.018
922.806 282.255
877.272 257.323
1006.01 308.107
842.298 254.797
988.473 286.969
966.822 295.285
884.464 249.411
829.255 203.803
794.133 122.511
179.172 71.3332
166.893 68.3857
195.96 72.0128
169.164 60.0966
187.632 87.7377
167.228 75.7677
180.958 78.3671
186.132 80.025
204.478 110.379
145.149 76.6257
166.977 80.1448
168.49 67.1898
197.14 86.0386
167.176 71.4281
178.148 79.1557
177.341 80.7908
227.756 74.8645
174.402 71.1623
189.167 85.3793
170.47 79.9284
183.677 81.9004
183.737 59.9472
732.813 130.922
885.956 262.371
726.775 197.077
641.262 178.488
861.432 241.236
829.568 217.369
875.744 265.518
878.049 268.135
927.15 301.465
713.491 248.833
801.701 236.863
838.822 260.258
821.311 263.951
955.977 290.967
697.257 209.519
814.501 277.327
774.276 208.582
808.62 260.544
820.074 250.672
811.881 233.213
794.321 220.745
923.058 198.607
217.061 66.9113
243.94 76.373
250.745 98.4627
271.944 127.516
219.216 114.717
224.007 96.0621
208.323 103.69
208.788 98.2593
251.638 73.1355
231.614 92.3043
230.063 106.92
218.152 112.522
187.377 76.4462
191.177 73.1615
226.49 108.479
233.417 112.367
239.841 108.512
224.538 107.922
238.484 119.976
219.716 95.0406
220.358 95.2067
214.495 160.758
981.753 214.99
889.417 261.401
993.475 281.113
889.829 247.425
1037.17 279.593
917.193 270.183
953.061 296.986
935.833 303.349
931.607 258.414
946.417 232.118
990.842 300.051
870.938 252.473
918.778 294.073
836.346 254.472
858.288 262.798
961.399 283.287
917.207 296.853
905.273 258.575
909.393 292.323
801.98 218.888
994.759 281.313
788.836 252.394
389.83 116.298
440.051 154.242
496.068 166.891
451.921 157.831
374.185 145.907
469.657 135.283
415.149 138.965
461.198 136.752
494.309 168.712
425.045 158.142
456.442 159.071
434.925 141.638
476.177 185.489
459.149 166.615
400.493 159.763
393.026 149.467
396.32 141.351
380.102 126.329
342.675 104.027
383.593 127.801
411.778 166.084
319.423 99.0173
646.615 206.488
740.696 232.236
787.998 246.157
695.192 182.75
791 236.383
712.372 240.093
743.648 279.754
754.465 249.755
800.867 251.624
699.124 240.606
753.868 223.221
755.037 235.142
761.371 226.255
800.625 268.736
817.155 267.851
815.189 224.161
737.962 231.896
732.839 211.509
792.509 207.562
736.81 223.105
700.571 233.266
682.613 211.317
606.159 265.888
695.723 212.722
718.482 216.742
717.931 197.526
737.985 243.68
810.373 234.451
737.672 206.655
789.962 235.048
714.901 236.874
858.426 250.501
810.47 240.453
703.567 208.41
769.551 191.488
750.649 241.564
782.857 252.1
970.656 258.308
562.293 162.489
914.233 314.148
899.448 224.63
640.472 159.695
730.332 253.089
875.58 281.06
