810.586 266.746
769.37 208.411
783.66 252.258
684.914 202.477
640.177 187.353
785.428 238.914
809.97 248.142
773.929 233.126
749.152 215.167
742.5 217.823
670.877 186.169
688.805 218.222
724.45 206.531
611.742 196.742
804.322 245.527
618.323 182.576
719.261 212.966
891.276 228.675
724.145 192.583
679.816 189.006
750.499 213.363
880.246 305.551
696.911 218.187
856.245 245.922
772.692 244.8
714.938 184.445
743.211 202.868
750.837 226.03
645.208 173.626
761.475 216.174
757.047 225.024
720.071 228.722
678.012 184.858
614.776 201.537
751.117 204.065
784.455 226.279
663.099 199.423
669.07 181.459
626.765 163.304
676.247 185.153
632.948 161.429
613.761 168.642
686.954 178.838
685.016 216.061
921.423 301.81
903.241 235.828
898.233 268.098
789.686 206.737
1056.53 306.668
935.992 274.966
861.987 257.444
917.872 268.446
1062.55 328.245
816.953 208.457
862.169 284.455
794.812 229.761
977.081 285.079
782.181 236.291
942.401 296.888
758.506 196.933
1005.88 289.271
836.037 240.995
768.008 194.849
754.873 220.614
728.412 202.145
839.566 234.992
544.542 174.13
409.42 149.862
324.55 113.292
313.137 112.048
411.204 164.873
390.13 131.228
397.977 131.147
569.146 190.664
424.065 136.657
399.805 131.091
449.62 152.878
325.6 132.845
409.593 136.638
356.122 125.807
364.099 128.554
385.834 131.894
362.309 123.696
346.716 109.151
319.826 107.156
399.809 131.643
390.33 154.999
362.037 100.433
1009.33 256.319
754.329 181.624
875.97 232.931
766.772 212.988
832.16 223.518
696.41 184.706
811.459 243.33
810.022 235.3
806.363 238.616
887.951 272.409
913.962 309.364
692.52 202.85
796.301 264.91
830.998 265.853
863.762 277.932
894.664 276.425
836.315 229.612
804.152 225.465
952.052 279.264
981.063 250.321
750.632 185.627
703.898 175.845
208.326 87.4658
223.223 90.9281
223.43 93.1092
192.923 100.893
221.064 84.7009
189.131 89.1263
190.047 79.9882
199.134 85.5609
196.955 94.7103
224.905 106.847
213.446 93.2827
228.766 98.8541
247.711 104.139
295.011 123.549
251.198 95.2439
220.763 99.3141
215.908 81.2461
262.718 97.3046
209.636 94.6526
213.517 91.9659
228.08 92.7237
207.132 89.8297
842.755 224.41
806.129 210.579
857.39 222.058
844.853 253.229
832.555 223.822
870.358 241.872
813.143 221.312
910.054 261.303
748.073 211.75
996.991 321.277
905.399 253.327
814.059 241.408
859.522 246.128
949.227 273.044
811.468 236.003
794.359 221.713
944.225 285.463
684.194 196.161
999.753 286.613
874.552 248.562
845.19 225.221
874.538 327.952
401.868 127.589
317.524 125.96
296.302 101.283
210.71 78.0225
191.63 76.9766
229.055 88.2587
183.677 71.4197
208.109 76.663
198.403 82.5158
186.785 75.2554
210.566 87.1556
216.366 102.184
262.558 99.336
153.964 67.3436
269.005 97.5287
152.193 61.7588
221.021 88.614
168.095 68.4986
235.252 99.4747
212.363 84.973
210.566 86.6022
243.746 221.356
860.714 156.49
814.358 219.165
1024.08 330.455
1002.97 297.756
958.715 280.861
966.586 284.345
831.09 235.992
976.223 301.034
929.045 266.868
1001.8 309.992
880.089 249.099
906.028 271.456
925.659 322.456
956.5 301.491
934.201 266.572
979.375 293.146
883.236 245.232
848.522 220.097
1096.54 328.562
999.678 314.718
767.673 201.201
780.029 189.436
241.057 142.353
240.045 89.2994
244.833 95.7978
211.261 114.611
238.352 79.9372
222.051 73.633
218.581 96.8523
269.306 112.582
236.7 128.955
227.207 102.056
267.527 119.552
215.507 91.2748
207.592 121.827
256.499 103.196
250.403 98.6205
246.67 106.76
247.817 96.9515
244.942 96.2402
210.774 93.5727
213.034 83.092
210.17 156.593
293.997 99.1908
803.319 220.523
809.984 239.59
700.96 196.379
817.126 247.158
799.078 272.014
798.554 269.484
787.714 247.767
890.268 294.174
851.105 258.492
976.756 319.555
868.582 233.513
995.534 307.206
857.286 258.913
1112.3 358.59
699.64 209.087
909.466 289.84
783.216 226.627
876.143 258.931
896.343 269.461
1010.12 273.801
853.941 183.538
840.122 161.049
395.924 120.702
290.999 93.674
203.207 77.7618
212.992 89.5144
223.559 93.4921
179.199 71.0193
211.423 77.3657
288.201 108.831
384.412 130.313
346.886 124.427
195.644 89.9753
222.848 110.084
215.737 87.2008
219.594 108.681
234.756 78.8348
218.567 90.6121
156.968 58.2419
207.879 97.9216
201.503 69.3596
232.409 92.2176
249.2 98.9855
252.785 79.6271
1137.67 242.016
961.478 254.707
1263.03 322.962
1077.69 286.503
1012.56 291.522
1029.76 293.662
1010.33 322.844
797.939 262.498
849.851 249.969
997.644 304.13
964.61 304.077
969.901 264.952
1083.08 333.897
885.22 270.037
1039.17 294.924
1049.8 292.487
1075.4 312.764
970.34 291.05
1064.9 300.185
882.456 288.058
931.32 231.391
949.184 283.194
286.437 105.53
273.619 107.705
291.554 115.452
263.723 112.335
200.323 85.3269
288.72 112.439
218.317 103.97
249.343 97.2294
253.695 107.81
246.167 95.4315
221.3 92.8103
224.923 92.5265
236.227 111.199
252.921 114.51
251.48 107.725
241.614 101.996
288.374 122.357
221.65 81.8535
208.476 95.8873
218.553 86.1988
226.375 69.6227
251.809 99.2747
778.797 171.528
771.946 192.81
750.151 225.304
712.625 204.223
706.592 193.816
776.981 233.163
742.767 231.991
740.073 214.793
801.996 239.255
830.443 264.522
785.076 253.276
913.163 334.912
795.732 222.08
866.717 257.926
921.69 265.066
1015.49 324.536
816.142 232.623
692.56 201.126
760.65 209.43
816.021 226.037
882.517 219.52
792.425 181.986
234.177 78.5819
191.139 54.963
226.033 95.4458
156.722 66.8553
157.902 67.3465
302.916 99.7327
152.997 63.9905
174.116 80.5931
147.222 68.7138
166.211 82.956
222.318 88.058
179.742 82.1504
148.292 59.3779
191.673 86.7389
197.001 89.0819
209.543 95.7513
155.718 77.8961
287.159 107.381
144.156 67.6912
147.804 64.8696
144.07 117.791
244.3 73.8477
757.466 103.79
843.772 230.952
786.25 190.251
781.28 199.35
867.209 258.101
776.543 224.096
822.871 229.476
770.93 211.035
692.944 199.813
894.354 280.025
908.064 277.292
796.485 243.289
689.049 213.393
784.478 252.369
817.008 245.248
813.368 241.061
869.871 243.884
884.854 229.846
909.926 244.043
966.488 238.591
852.366 209.844
950.025 188.879
225.717 51.6221
217.162 72.6358
205.369 91.0411
218.226 82.7898
277.915 97.8714
248.722 83.1098
218.807 79.8641
253.67 112.769
199.935 68.4337
178.803 77.2322
177.859 73.5587
240.157 109.638
224.617 87.8896
208.586 86.559
228.875 87.452
210.959 90.1204
209.191 76.3844
245.101 94.5752
252.868 80.386
250.128 104.146
195.01 66.045
233.182 74.8406
1006.79 221.394
924.664 273.983
982.521 317.996
1006.37 311.664
1051.62 327.336
969.771 297.38
1017.61 347.23
888.55 283.266
886.705 281.742
926.103 321.133
1058.47 341.864
927.176 283.302
1036.72 365.116
974.881 321.59
986.771 313.429
872.869 263.111
976.989 300.09
935.569 294.726
899.864 323.419
963.532 260.02
1025.93 265.218
1097.55 261.221
240.156 75.2587
313.286 123.353
260.922 102.844
296.791 112.381
219.757 87.7811
215.15 85.1629
186.67 77.5456
273.187 134.279
217.55 93.6609
278.424 129.048
216.843 94.2372
233.438 89.3296
306.718 128.564
357.649 128.042
224.715 93.7339
261.689 109.394
218.321 104.174
322.553 121.793
295.107 107.817
231.059 104.298
249.931 108.225
232.428 130.442
824.429 216.75
973.511 221.271
973.305 273.101
817.505 198.619
999.291 323.082
855.436 226.391
846.878 256.307
861.798 268.6
854.039 265.562
872.409 268.309
855.792 260.556
846.01 252.161
901.604 277.902
929.562 284.871
895.198 263.653
1059.24 342.196
870.105 252.318
1027.43 287.754
959.73 266.131
902.567 257.552
882.842 224.681
702.292 53.2924
185.346 90.7871
189.208 75.538
161.013 9.54108e-08
161.376 198.16
196.114 87.6924
165.184 66.5824
192.049 79.8565
198.162 87.0022
217.363 86.8319
155.191 75.7219
176.113 67.7859
173.424 69.4713
194.656 82.1594
173.848 78.5474
189.587 88.4419
189.557 79.215
244.28 91.0656
183.252 76.9062
184.429 75.3878
174.84 77.2877
196.714 79.6783
207.638 130.661
766.614 205.651
899.651 258.585
751.845 199.898
675.472 197.041
893.971 254.02
860.482 229.61
892.641 266.689
927.797 270.527
946.286 310.631
732.555 232.535
816.745 241.339
870.283 255.141
826.923 263.907
1007.89 298.063
737.695 224.226
863.604 281.187
784.878 219.389
816.775 247.513
858.309 272.964
805.373 237.521
821.104 228.946
955.459 239.837
225.382 95.89
215.537 84.5231
251.662 90.9821
259.819 92.7355
211.806 99.7325
225.488 90.9847
215.624 78.3826
213.752 104.192
261.132 146.003
237.891 97.8171
232.518 129.849
226 99.0711
186.278 75.1822
200.714 78.7748
239.74 106.121
247.057 114.479
236.901 95.6093
235.741 119.706
232.805 114.347
238.965 110.464
232.254 86.6011
256.62 106.772
1019 285.075
929.166 260.251
1055.39 298.901
905.364 236.827
1071.79 296.441
943.728 254.537
967.953 271.131
958.832 286.573
985.719 309.413
973.337 331.844
1035.18 288.331
926.529 304.201
940.581 284.478
859.429 254.385
885.622 280.543
989.615 289.461
937.574 250.836
981.991 291.351
933.991 278.639
832.052 224.774
1009.67 269.202
820.084 268.1
425.409 159.528
439.4 140.671
523.934 172.646
472.243 148.965
384.931 122.674
494.252 158.199
427.844 143.215
489.703 160.319
502.772 169.583
448.242 159.866
486.335 168.155
472.191 172.912
463.774 163.656
457.375 144.716
417.872 158.884
397.185 143.924
414.264 136.324
389.026 123.131
359.693 103.449
408.181 124.522
427.824 177.707
336.256 116.341
650.626 235.023
754.767 229.629
788.22 210.467
737.787 219.686
831.309 251.66
719.152 224.604
727.897 226.519
787.198 252.124
839.546 269.563
711.363 228.744
787.374 240.804
777.878 258.735
779.793 226.44
771.56 235.254
814.668 234.32
829.265 250.565
744.006 217.342
759.116 241.385
806.257 238.982
781.156 220.303
734.237 220.893
737.233 247.453
618.08 202.318
714.875 200.642
708.241 205.427
751.124 241.505
768.811 231.161
843.571 239.096
770.579 219.458
820.304 231.323
750.976 253.348
886.082 268.465
853.74 263.968
717.401 216.554
804.461 243.334
758.926 219.914
768.444 252.072
1004.75 292.826
565.007 176.703
930.489 287.669
958.273 277.995
666.051 189.611
742.817 217.505
878.256 316.666
