606.459 200.489
576.213 134.6
603.665 233.808
533.429 176.059
492.36 194.908
615.733 167.78
604.703 187.517
617.065 195.969
556.073 162.655
603.055 201.624
515.923 148.097
560.127 163.859
592.875 191.885
454.935 140.463
627.872 180.862
469.433 139.88
557.051 162.312
716.192 192.663
588.923 175.092
514.01 184.869
529.454 154.27
687.333 192.749
524.289 220.013
668.384 175.072
647.235 205.036
552.66 137.171
562.724 165.409
592.908 164.188
481.832 129.092
631.722 205.908
601.041 188.801
551.114 167.511
535.664 143.242
450.926 172.317
622.792 156.021
581.167 161.262
475.952 139.153
498.34 138.52
500.126 148.206
543.681 182.148
491.129 126.381
466.011 114.534
534.835 118.834
518.508 177.183
712.118 124.499
710.574 171.775
718.93 220.868
631.31 174.193
840.486 265.17
752.559 198.905
660.701 172.038
748.857 227.008
843.941 286.419
654.496 179.007
690.238 208.25
628.705 212.409
792.772 231.487
599.969 199.061
783.116 241.304
589.086 135.124
797.352 217.061
645.099 193.977
614.643 195.387
635.842 220.01
593.607 166.455
653.177 185.996
449.012 149.469
349.84 129.871
287.52 100.874
246.594 75.3796
328.679 111.664
285.893 88.3566
337.347 110.019
460.72 165.207
380.064 130.213
316.82 106.27
388.138 120.107
284.406 113.415
320.518 92.5646
258.507 90.3539
321.244 136.332
292.604 103.078
277.745 137.739
264.595 76.1318
247.604 113.553
316.821 134.795
277.582 109.153
285.231 137.699
691.143 213.632
590.548 135.942
669.549 153.722
582.662 147.428
629.334 200.542
513.359 137.998
593.585 195.439
628.803 204.821
666.869 209.113
669.483 208.874
677.308 254.106
530.213 177.605
620.608 210.503
648.437 234.122
639.949 219.381
715.719 205.622
688.452 233.812
663.732 192.221
779.865 261.473
774.794 237.467
597.743 173.646
664.423 113.273
151.565 60.8272
184.364 64.5438
170.897 84.9876
135.451 86.7327
179.575 73.4159
152.688 90.5715
147.509 51.3895
147.581 76.0587
154.199 87.5793
173.536 78.3332
169.764 94.1093
174.688 92.7603
192.998 108.811
208.364 123.047
215.605 55.7482
166.675 69.3983
171.68 89.0445
195.307 72.2076
171.96 60.6844
167.075 91.743
188.37 89.6364
151.485 45.4315
702.046 90.9221
605.789 133.279
688.122 185.151
647.634 245.687
657.118 190.53
684.628 215.858
636.85 165.439
701.292 223.89
555.374 158.55
751.238 260.188
695.465 193.348
676.211 232.839
700.312 208.67
752.738 178.842
628.365 179.506
651.486 231.648
747.229 202.565
540.529 143.94
840.457 233.867
650.001 176.959
668.024 182.372
672.723 0.0314438
270.165 449.384
251.075 76.4093
265.623 125.593
177.342 75.7632
152.753 56.3345
211.4 84.7538
149.702 84.901
153.607 93.45
150.772 112.382
153.348 70.6784
168.422 44.7722
160.248 102.709
201.516 94.9236
136.818 62.9645
207.92 108.657
107.651 60.9362
176.038 84.8721
139.354 48.3783
198.953 92.4936
161.612 92.9537
141.135 90.6068
171.053 96.0838
776.65 215.6
630.132 140.171
831.279 244.758
841.739 237.302
724.572 226.383
796.61 281.938
628.546 185.069
755.762 241.674
717.791 209.065
784.592 273.937
719.613 225.207
683.349 223.613
731.215 280.576
751.003 211.218
781.982 250.731
792.387 257.706
679.942 205.403
701.992 198.969
866.319 223.782
806.928 187.101
600.383 150.332
689.991 208.716
181.047 0.12491
193.347 97.6302
188.223 96.9219
166.073 79.8687
183.391 99.7292
173.121 65.7549
166.761 110.199
187.945 93.847
172.644 97.4293
175.847 119.916
194.085 94.6459
170.42 61.8053
167.641 75.6195
187.784 76.409
193.157 100.007
193.914 74.9291
189.383 84.9734
203.522 88.3787
162.986 70.9993
179.18 88.2117
173.948 104.25
246.043 0.118474
611.797 0.169276
618.601 192.953
614.69 181.02
635.333 178.098
592.659 194.622
588.407 167.369
578.51 211.949
648.066 231.813
665.107 183.364
746.109 270.719
665.445 227.15
770.088 242.34
601.143 148.559
849.128 264.84
522.426 155.72
669.068 222.822
592.646 193.996
697.245 219.019
648.121 232.096
765.023 220.43
652.009 145.384
539.467 844.991
316.533 59.7177
245.973 70.763
182.568 46.5557
197.9 83.9668
205.603 88.9882
143.576 62.9841
182.768 78.1656
244.818 102.566
330.968 102.295
296.721 105.149
184.747 78.8733
203.078 110.138
203.407 74.0424
177.904 93.0577
217.403 97.5883
149.835 118.907
123.481 57.4744
168.936 75.7882
137.43 66.2281
175.191 93.1768
192.991 113.395
199.997 44.6943
818.878 228.082
724.55 153.596
941.148 280.501
844.989 173.278
805.177 273.263
781.285 208.67
764.013 311.877
625.828 197.431
657.945 192.521
798.44 278.096
720.276 207.662
755.995 249.64
865.793 239.173
676.353 223.981
803.85 221.244
822.732 212.54
862.983 301.674
720.513 208.48
817.663 191.419
731.555 226.939
758.003 287.477
672.437 0.0618787
194.657 291.114
201.934 0.0235468
180.782 107.187
200.867 83.6552
160.665 104.022
214.039 72.7124
170.444 78.1804
189.658 74.6458
218.094 97.6834
187.441 81.8564
155.417 69.581
162.069 76.5064
189.187 103.858
184.951 70.5758
182.033 82.4415
195.847 88.0508
224.16 84.7188
167.821 67.7557
149.748 68.7459
179.74 82.0631
173.257 56.1757
189.801 68.8578
633.291 149.486
590.339 150.291
524.736 134.423
583.317 171.821
529.148 176.03
613.519 187.341
571.879 197.049
572.032 163.863
591.263 222.836
644.914 217.395
633.825 176.701
595.692 212.156
597.229 168.189
637.218 191.842
693.459 174.191
771.165 254.594
645.311 216.096
494.758 150.452
566.945 143.638
599.407 120.389
669.658 170.869
565.562 0.126067
188.014 17.9605
159.858 58.8028
191.648 57.4228
145.439 66.9064
131.508 51.1802
248.241 81.7125
127.417 52.85
134.027 69.642
117.1 71.4949
146.735 78.2164
185.483 76.6315
151.731 97.2421
112.068 62.025
138.473 63.0997
151.191 81.9759
155.656 61.9568
107.527 71.3209
250.239 87.0016
105.562 48.1763
138.065 59.775
134.591 69.2921
152.174 96.7811
631.704 100.23
621.698 108.819
582.062 141.843
568.714 130.173
653.677 224.065
604.557 191.807
663.568 200.475
592.746 159.874
521.395 125.416
670.605 206.566
718.022 244.399
627.417 186.534
540.941 162.46
627.144 196.877
639.798 191.733
664.484 198.283
679.842 225.909
686.58 172.709
719.411 214.438
742.977 210.96
736.335 192.747
725.023 90.5838
183.269 0.0178833
174.984 74.1608
156.363 56.7702
151.45 63.773
216.371 87.1568
189.598 73.0022
153.983 75.6368
224.27 100.117
164.716 59.4495
132.453 46.505
137.486 64.9985
180.434 81.7887
172.747 81.469
158.848 63.8139
175.109 71.4373
148.924 82.5463
164.235 69.1288
176.198 72.4185
206.419 90.8721
188.875 105.026
151.625 48.8165
203.141 56.9526
814.308 299.873
713.777 198.665
724.384 182.55
791.584 261.401
792.759 320.102
762.487 257.511
848.657 290.874
689.939 286.1
707.443 251.6
710.601 229.84
864.712 284.848
734.689 268.02
845.131 333.48
831.31 290.334
813.272 235.321
654.706 161.656
795.966 310.787
733.486 253.17
771.768 270.86
744.255 221.192
749.734 215.573
852.816 150.656
187.7 52.3423
265.742 101.743
227.507 95.0543
264.718 117.617
173.243 60.8274
180.319 100.363
160.505 90.6397
211.474 109.017
170.186 92.9916
217.118 110.699
170.555 79.6194
172.671 107.601
234.876 167.833
322.564 145.746
177.78 61.6031
228.062 120.192
168.983 74.335
303.812 136.347
266.56 115.442
189.87 96.2952
195.429 88.2179
209.747 0.0301114
655.538 101.277
807.212 194.552
765.978 209.851
638.946 153.895
784.682 261.167
715.768 218.92
680.637 207.477
693.48 213.19
704.392 224.221
681.014 231.906
689.533 252.947
723.103 293.075
711.529 214.636
745.438 212.889
749.927 225.724
791.761 229.374
681.023 220.906
810.528 188.31
790.357 229.284
769.485 226.674
694.737 143.094
709.542 137.701
126.741 27.4848
132.415 66.7826
154.189 52.2774
136.55 50.948
150.788 62.783
127.376 50.9797
141.342 68.0646
133.688 52.864
144.615 84.7099
108.24 51.0346
132.916 73.2401
148.913 62.3974
160.64 68.6404
142.902 67.6431
157.925 79.1682
147.791 41.747
193.841 70.4004
145.631 77.4132
151.138 74.7833
138.118 91.0691
146.165 98.0158
153.691 15.1617
561.402 214.431
720.32 209.098
595.731 170.737
576.553 160.054
712.107 221.17
679.256 209.46
751.433 234.568
713.35 208.693
733.737 256.099
621.302 189.135
618.4 181.35
728.252 243.622
670.817 236.66
758.768 169.249
571.369 143.432
672.879 252.671
621.975 188.672
614.974 182.312
650.138 175.552
656.614 171.191
621.975 178.216
773.871 233.417
199.425 54.5958
177.898 67.6797
204.792 86.013
223.21 101.837
151.774 115.452
180.102 52.2816
177.547 85.6566
147.371 90.5719
237.932 132.559
202.714 78.8628
214.729 124.722
164.85 81.7225
156.779 58.6385
154.734 53.8763
168.913 100.316
172.237 126.408
200.997 100.769
184.413 83.2721
186.526 96.2984
186.632 95.8945
192.688 79.9638
196.69 0.0204298
843.568 119.104
758.228 226.58
852.494 204.066
737.316 205.905
871.615 240.02
735.343 245.795
795.753 255.159
763.947 240.761
781.174 264.839
779.151 252.593
851.56 274.964
746.899 227.87
752.091 209.217
696.413 232.103
678.853 200.256
792.625 273.561
768.058 206.104
767.61 221.073
724.027 227.634
673.306 161.768
809.987 235.211
544.597 247.263
342.299 99.8857
346.853 111.033
436.451 129.365
367.371 78.0782
341.478 99.9765
371.633 115.444
338.227 112.984
379.557 101.752
406.887 131.291
368.876 131.03
370.977 143.777
384.843 131.686
370.561 177.068
365.556 146.249
339.524 118.571
291.938 110.394
341.841 140.86
314.654 104.385
296.223 123.395
319.625 107.718
315.971 111.431
262.863 126.914
541.689 166.446
608.514 192.421
636.799 195.928
589.933 183.464
694.804 209.092
582.85 280.068
612.11 201.943
659.359 192.987
616.005 224.147
577.07 189.593
639.097 260.345
657.926 180.337
655.109 222.158
618.507 178.829
684.324 204.094
723.16 221.082
638.442 191.739
609.887 185.946
676.727 200.845
626.46 199.731
617.884 178.248
607.089 184.534
493.135 155.29
602.17 150.364
554.694 144.83
594.25 191.731
593.701 176.005
650.325 236.957
600.444 174.136
646.484 156.882
563.731 209.441
660.417 204.673
714.512 249.314
589.422 177.819
642.085 172.26
638.881 192.811
616.373 180.726
810.364 239.296
462.146 142.421
797.509 224
781.396 246.667
535.393 139.732
627.43 228.089
750.23 218.3
