615.649 216.908
600.076 168.289
587.713 189.575
527.085 161.749
501.915 163.82
624.441 197.322
640.47 176.564
614.566 190.475
576.959 169.699
601.239 186.176
529.329 163.654
562.409 174.925
581.41 176.65
483.222 150.342
627.74 198.437
490.196 140.625
561.402 168.164
714.44 204.593
587.372 167.068
520.622 160.5
582.633 186.649
709.093 239.766
571.455 209.14
669.052 176.701
636.628 207.414
567.912 160.835
583.986 154.748
604.853 185.065
511.402 152.919
594.16 180.344
601.296 171.506
559.36 190.721
538.821 144.357
467.179 156.239
621.48 169.935
602.619 186.313
494.689 150.402
508.508 135.755
500.335 137.66
531.216 157.465
499.029 131.924
477.842 140.126
555.426 153.069
515.271 191.494
730.632 238.737
730.18 208.171
719.361 233.037
639.199 170.43
849.95 272.42
760.298 218.101
697.675 197.169
757.364 241.052
844.656 279.108
678.591 188.118
695.422 225.917
641.693 206.71
771.662 220.979
614.686 183.444
778.102 266.438
614.146 165.831
791.874 250.183
671.978 205.263
629.726 176.243
610.272 182.254
587.495 169.465
692.083 230.534
459.582 169.788
350.872 122.895
299.551 110.34
244.082 91.5251
340.556 120.797
298.313 111.016
341.059 115.2
478.41 175.749
375.088 120.682
320.688 112.962
382.446 121.32
277.972 114.332
322.932 114.875
272.073 95.834
318.837 118.971
300.004 105.497
277.178 110.1
276.166 97.1862
248.051 102.858
310.466 118.43
284.114 112.823
320.259 122.604
753.078 218.493
665.787 197.765
678.528 201.258
595.353 172.608
633.891 180.493
534.957 137.718
628.575 187.644
621.453 189.012
650.291 203.189
695.36 223.298
690.916 251.381
558.297 176.133
612.872 209.025
675.461 236.515
657.499 224.21
697.233 208.34
672.107 196.784
657.782 185.503
761.061 243.075
792.533 214.285
601.009 172.978
555.732 186.158
162.084 64.9835
196.186 74.9044
140.451 0.000470408
159.166 222.913
173.686 76.179
151.044 76.1681
142.902 62.5037
152.763 74.5504
155.465 70.3455
177.108 82.7537
169.948 88.3984
182.575 81.9633
191.654 79.2138
226.257 106.051
209.219 73.6284
168.638 76.0428
175.455 78.9489
207.682 85.8449
169.779 76.8129
159.974 72.2764
188.108 82.5784
159.497 61.0744
662.251 139.873
634.105 174.34
709.199 214.857
664.016 195.838
660.052 186.406
699.369 208.051
645.25 199.121
723.247 224.225
573.935 165.425
771.302 271.886
718.981 224.267
661.823 209.075
710.708 211.332
781.558 226.671
647.9 182.306
645.535 208.247
752.219 223.079
533.823 152.364
813.066 232.108
694.591 207.276
660.05 186.826
704.524 149.284
334.876 110.481
265.586 116.753
251.611 100.701
169.713 69.5194
154.207 66.7529
200.426 76.485
147.938 67.2447
161.109 68.7336
166.262 91.5426
160.796 71.1717
167.477 66.5287
166.246 82.2374
197.754 91.9177
133.162 71.1912
199.634 91.916
119.406 56.1685
168.982 70.7073
126.96 57.4876
188.414 83.0057
162.736 74.3216
162.135 86.3896
143.966 142.093
739.099 195.47
649.67 182.424
817.09 254.934
831.19 240.836
753.573 228.285
810.142 258.919
660.38 194.006
750.896 236.018
741.343 220.253
806.695 248.645
717.681 220.829
717.7 226.349
740.166 244.228
757.103 247.291
754.558 231.598
781.551 253.004
686.675 206.069
685.297 189.702
871.973 257.309
836.339 256.335
621.945 184.793
643.433 178.311
208.515 103.875
189.401 66.2997
191.2 102.712
161.413 82.7701
165.851 102.091
181.414 81.4895
172.928 84.4934
213.587 95.5967
185.808 107.761
186.123 99.6239
203.599 105.274
171.28 76.8316
164.727 97.4766
201.261 93.9479
201.022 89.0343
187.351 86.9596
192.283 70.0945
189.739 84.4492
169.665 96.2145
171.776 80.6382
181.331 139.157
222.218 73.5075
632.796 183.242
613.392 168.441
643.015 205.631
635.099 197.586
619.454 215.09
593.849 195.07
591.898 195.534
665.753 234.095
673.671 199.365
775.517 259
693.619 211.98
782.771 245.327
629.7 192.411
847.364 262.732
537.348 162.406
664.897 213.023
602.667 186.233
670.491 219.822
693.021 227.715
779.199 201.617
659.293 150.706
697.443 261.541
322.331 106.073
254.79 90.8744
175.717 73.3011
191.473 88.2423
191.001 83.3044
151.505 69.9265
179.476 73.9616
240.52 94.6145
341.633 119.512
302.695 115.096
170.491 71.7584
196.277 100.663
192.184 82.0647
188.789 87.2597
210.445 83.0374
162.414 80.3716
120.274 51.9207
160.442 78.5241
146.008 65.8101
184.741 78.7107
185.308 99.2807
188.756 51.5127
873.804 192.274
764.156 197.647
1010.6 284.647
865.222 236.485
820.44 253.931
823.505 234.134
777.582 255.661
635.174 208.746
677.853 236.794
788.582 244.714
763.942 227.235
775.872 238.107
866.004 279.268
682.339 204.192
834.967 253.203
832.417 245.078
844.832 286.34
728.091 208.101
858.214 259.263
734.468 253.876
765.24 196.062
737.758 201.472
231.014 99.9876
211.501 70.0383
208.838 82.9302
209.676 93.8944
171.519 81.9215
226.018 92.6478
172.322 85.6761
196.027 79.5988
198.851 96.8073
193.781 86.9405
170.414 74.9351
167.632 78.3913
185.999 93.9986
206.144 94.5579
186.512 78.7043
185.103 85.3337
218.899 104.179
161.712 70.5534
163.14 81.6664
170.1 90.9283
165.382 58.5457
182.157 112.483
628.955 176.154
627.621 171.772
573.087 176.055
580.486 172.77
553.861 172.706
606.277 194.068
565.005 184.793
561.926 170.589
618.281 200.49
653.544 213.727
645.949 196.007
672.27 248.376
624.432 197.374
672.207 211.386
702.467 198.454
788.356 242.707
641.886 198.03
533.138 159.478
591.595 167.825
631.543 176.775
704.329 179.709
636.501 238.688
225.835 74.9386
156.63 52.4364
203.507 74.9218
131.382 58.7348
133.931 57.5794
254.666 99.8754
126.216 61.9395
129.355 62.9865
112.15 67.5433
147.201 75.5388
191.829 85.1227
162.664 70.9649
122.388 58.6065
139.7 72.2131
146.708 77.6136
161.896 68.7588
114.358 55.663
249.448 98.2434
108.886 51.202
119.215 57.067
140.832 58.5072
176.033 92.1457
636.084 179.072
632.188 143.088
599.951 161.35
600.131 162.461
666.858 217.699
605.681 197.399
654.543 187.345
609.849 181.769
540.572 168.597
673.061 205.33
712.745 243.285
636.361 184.346
536.762 160.652
631.632 212.623
651.605 219.576
666.812 198.618
694.338 207.716
709.798 176.282
721.471 198.014
760.98 238.984
739.784 212.22
751.493 175.343
184.668 61.2267
179.016 66.5727
149.9 60.1269
156.751 60.6291
211.492 78.112
189.803 65.9576
163.421 69.7764
209.969 93.0075
168.765 63.5447
141.04 62.1459
133.896 61.1125
183.484 77.5936
171.055 71.6367
158.841 68.6142
181.501 76.7189
161.71 82.4744
169.065 66.9256
185.448 64.1355
200.074 82.4236
189.429 85.7049
150.41 55.5598
188.897 70.6802
811.664 255.524
775.339 239.99
749.603 226.477
808.708 261.249
824.917 258.818
770.436 263.809
808.355 270.726
719 273.546
717.257 237.977
714.44 262.686
852.296 280.616
740.717 236.078
831.077 323.863
812.979 317.252
811.145 255.357
691.881 226.25
759.647 271.041
751.215 262.041
738.178 253.199
756.423 201.667
797.033 203.142
934.486 273.925
169.777 58.7164
251.925 90.2599
220.181 83.1781
271.771 103.101
188.345 73.8744
184.609 97.4857
153.803 66.7261
237.839 104.457
180.203 94.8096
236.758 111.243
177.079 86.6743
179.322 84.0714
263.423 140.498
314.557 131.333
183.494 92.817
198.734 101.811
171.474 76.3
278.965 112.075
259.587 102.835
183.215 98.5342
193.626 100.848
200.637 71.182
683.979 177.989
819.672 212.553
780.004 216.357
658.312 182.949
793.2 242.665
699.422 212.473
678.589 223.773
681.815 223.547
707.817 230.823
684.517 218.118
685.304 218.011
708.172 244.8
722.167 221.936
746.498 227.58
756.531 236.254
837.602 270.097
707.277 221.419
822.721 228.768
779.835 234.722
774.534 230.422
719.675 177.321
730.942 274.103
141.99 49.8698
134.582 71.1052
144.578 65.5475
133.245 61.1843
142.37 73.9604
126.308 64.7344
143.704 69.1594
136.334 71.7868
160.388 80.142
108.172 59.7178
123.238 64.0461
141.859 62.7955
159.672 66.6996
132.874 55.5137
153.164 69.58
144.786 58.1852
194.518 79.6964
145.911 61.5712
147.916 80.0489
143.462 67.2141
156.099 83.7635
146.431 40.0488
642.697 201.01
744.047 199.18
614.148 175.442
558.647 169.703
706.461 228.933
705.918 214.539
739.785 256.339
738.019 220.094
755.739 263.11
605.677 187.336
651.832 216.839
701.057 231.282
674.742 231.439
782.101 234.507
581.832 160.988
675.604 228.436
627.651 171.05
644.441 203.109
662.143 193.127
678.633 217.859
666.341 190.526
762.807 176.36
186.961 90.3057
178.604 73.46
218.193 78.9283
220.043 86.3909
167.918 99.7449
177.508 74.6234
168.73 86.4567
169.106 91.744
224.134 102.221
197.093 83.3436
196.671 108.513
161.987 101.108
157.013 63.3536
155.012 66.6174
173.572 92.7607
189.254 96.0885
189.192 83.784
183.759 82.5006
190.636 103.179
183.204 88.7396
187.499 90.4992
205.18 73.4598
811.114 195.473
776.921 226.385
884.384 262.82
733.119 216.352
895.288 241.619
771.356 234.505
782.351 233.991
791.701 251.455
760.296 230.326
792.585 245.894
845.874 254.63
742.764 218.867
789.469 242.898
692.229 221.485
708.962 224.053
795.237 248.041
781.287 230.757
777.803 243.285
786.418 253.378
696.263 192.186
847.047 300.63
661.171 238.163
346.454 114.229
349.235 107.539
426.479 157.892
369.205 116.752
330.728 117.093
392.412 124.212
339.889 126.68
394.276 130.524
416.479 144.826
358.573 131.766
379.797 129.249
371.236 138.029
376.392 147.298
373.984 131.203
349.604 141.41
315.819 121.578
339.428 125.298
307.858 121.23
288.339 101.24
323.86 98.935
329.334 143.294
272.378 89.2027
520.17 187.099
635.269 195.26
640.354 184.462
600.491 183.741
658.16 215.273
588.037 203.597
598.363 190.782
639.348 209.22
657.438 234.548
564.999 174.387
640.742 206.532
649.657 204.326
627.625 193.965
643.763 195.041
699.932 230.597
708.848 207.918
625.849 197.643
608.246 186.461
666.658 203.677
642.365 181.394
612.399 192.918
608.027 221.952
505.656 185.049
616.352 183.637
548.996 156.135
613.529 183.214
612.214 196.679
659.638 197.645
608.743 182.64
635.933 184.671
577.561 193.123
686.756 228.585
676.047 219.909
598.138 190.374
645.501 207.71
626.929 187.225
617.709 170.432
812.557 243.159
468.614 141.238
746.111 243.1
772.93 237.39
552.091 163.261
597.317 183.187
709.735 228.499
